Date,Permit,Dir,Volume,Avg Speed,Occupancy %,Record Count,Full Name,Device ID,Created,Retired
2024-08-01 00:00:00-04,ND0228,N,6,70.89,0.61%,2,ND0228 - US 301 NB AT HYETTS CORNER,12585.1,2019-01-29 08:27:00-05,
2024-08-01 00:05:00-04,ND0228,N,7,64.36,0.58%,2,ND0228 - US 301 NB AT HYETTS CORNER,12585.1,2019-01-29 08:27:00-05,
2024-08-01 00:10:00-04,ND0228,N,9,70.88,0.37%,2,ND0228 - US 301 NB AT HYETTS CORNER,12585.1,2019-01-29 08:27:00-05,
2024-08-01 00:15:00-04,ND0228,N,4,72.10,0.35%,2,ND0228 - US 301 NB AT HYETTS CORNER,12585.1,2019-01-29 08:27:00-05,
2024-08-01 00:20:00-04,ND0228,N,6,77.32,0.30%,2,ND0228 - US 301 NB AT HYETTS CORNER,12585.1,2019-01-29 08:27:00-05,
2024-08-01 00:25:00-04,ND0228,N,10,65.86,0.97%,2,ND0228 - US 301 NB AT HYETTS CORNER,12585.1,2019-01-29 08:27:00-05,
2024-08-01 00:30:00-04,ND0228,N,6,66.93,0.52%,2,ND0228 - US 301 NB AT HYETTS CORNER,12585.1,2019-01-29 08:27:00-05,
2024-08-01 00:35:00-04,ND0228,N,4,67.50,0.20%,2,ND0228 - US 301 NB AT HYETTS CORNER,12585.1,2019-01-29 08:27:00-05,
2024-08-01 00:40:00-04,ND0228,N,1,72.53,0.06%,1,ND0228 - US 301 NB AT HYETTS CORNER,12585.1,2019-01-29 08:27:00-05,
2024-08-01 00:45:00-04,ND0228,N,7,75.73,0.65%,2,ND0228 - US 301 NB AT HYETTS CORNER,12585.1,2019-01-29 08:27:00-05,
2024-08-01 00:50:00-04,ND0228,N,9,70.28,1.45%,1,ND0228 - US 301 NB AT HYETTS CORNER,12585.1,2019-01-29 08:27:00-05,
2024-08-01 00:55:00-04,ND0228,N,4,62.18,0.95%,1,ND0228 - US 301 NB AT HYETTS CORNER,12585.1,2019-01-29 08:27:00-05,
2024-08-01 01:00:00-04,ND0228,N,3,60.86,0.58%,1,ND0228 - US 301 NB AT HYETTS CORNER,12585.1,2019-01-29 08:27:00-05,
2024-08-01 01:05:00-04,ND0228,N,9,71.83,0.62%,2,ND0228 - US 301 NB AT HYETTS CORNER,12585.1,2019-01-29 08:27:00-05,
2024-08-01 01:10:00-04,ND0228,N,5,68.41,0.51%,2,ND0228 - US 301 NB AT HYETTS CORNER,12585.1,2019-01-29 08:27:00-05,
2024-08-01 01:15:00-04,ND0228,N,9,73.71,0.72%,2,ND0228 - US 301 NB AT HYETTS CORNER,12585.1,2019-01-29 08:27:00-05,
2024-08-01 01:20:00-04,ND0228,N,5,69.76,1.12%,1,ND0228 - US 301 NB AT HYETTS CORNER,12585.1,2019-01-29 08:27:00-05,
2024-08-01 01:25:00-04,ND0228,N,1,68.23,0.12%,1,ND0228 - US 301 NB AT HYETTS CORNER,12585.1,2019-01-29 08:27:00-05,
2024-08-01 01:30:00-04,ND0228,N,4,66.37,0.53%,1,ND0228 - US 301 NB AT HYETTS CORNER,12585.1,2019-01-29 08:27:00-05,
2024-08-01 01:35:00-04,ND0228,N,4,69.38,0.75%,1,ND0228 - US 301 NB AT HYETTS CORNER,12585.1,2019-01-29 08:27:00-05,
2024-08-01 01:40:00-04,ND0228,N,4,69.37,0.38%,2,ND0228 - US 301 NB AT HYETTS CORNER,12585.1,2019-01-29 08:27:00-05,
2024-08-01 01:45:00-04,ND0228,N,6,67.43,0.75%,1,ND0228 - US 301 NB AT HYETTS CORNER,12585.1,2019-01-29 08:27:00-05,
2024-08-01 01:50:00-04,ND0228,N,2,71.23,0.26%,2,ND0228 - US 301 NB AT HYETTS CORNER,12585.1,2019-01-29 08:27:00-05,
2024-08-01 01:55:00-04,ND0228,N,6,65.27,0.60%,2,ND0228 - US 301 NB AT HYETTS CORNER,12585.1,2019-01-29 08:27:00-05,
2024-08-01 02:00:00-04,ND0228,N,11,67.18,1.20%,2,ND0228 - US 301 NB AT HYETTS CORNER,12585.1,2019-01-29 08:27:00-05,
2024-08-01 02:05:00-04,ND0228,N,4,68.48,0.35%,2,ND0228 - US 301 NB AT HYETTS CORNER,12585.1,2019-01-29 08:27:00-05,
2024-08-01 02:10:00-04,ND0228,N,4,71.17,0.75%,1,ND0228 - US 301 NB AT HYETTS CORNER,12585.1,2019-01-29 08:27:00-05,
2024-08-01 02:15:00-04,ND0228,N,2,60.38,0.58%,1,ND0228 - US 301 NB AT HYETTS CORNER,12585.1,2019-01-29 08:27:00-05,
2024-08-01 02:20:00-04,ND0228,N,5,74.22,0.42%,2,ND0228 - US 301 NB AT HYETTS CORNER,12585.1,2019-01-29 08:27:00-05,
2024-08-01 02:25:00-04,ND0228,N,6,67.90,0.63%,2,ND0228 - US 301 NB AT HYETTS CORNER,12585.1,2019-01-29 08:27:00-05,
2024-08-01 02:30:00-04,ND0228,N,6,69.95,1.45%,1,ND0228 - US 301 NB AT HYETTS CORNER,12585.1,2019-01-29 08:27:00-05,
2024-08-01 02:35:00-04,ND0228,N,10,68.12,0.96%,2,ND0228 - US 301 NB AT HYETTS CORNER,12585.1,2019-01-29 08:27:00-05,
2024-08-01 02:40:00-04,ND0228,N,4,69.20,0.92%,1,ND0228 - US 301 NB AT HYETTS CORNER,12585.1,2019-01-29 08:27:00-05,
2024-08-01 02:45:00-04,ND0228,N,8,73.46,0.82%,2,ND0228 - US 301 NB AT HYETTS CORNER,12585.1,2019-01-29 08:27:00-05,
2024-08-01 02:50:00-04,ND0228,N,4,68.80,0.55%,1,ND0228 - US 301 NB AT HYETTS CORNER,12585.1,2019-01-29 08:27:00-05,
2024-08-01 02:55:00-04,ND0228,N,7,67.36,1.22%,1,ND0228 - US 301 NB AT HYETTS CORNER,12585.1,2019-01-29 08:27:00-05,
2024-08-01 03:00:00-04,ND0228,N,6,73.81,0.61%,2,ND0228 - US 301 NB AT HYETTS CORNER,12585.1,2019-01-29 08:27:00-05,
2024-08-01 03:05:00-04,ND0228,N,5,66.63,1.39%,1,ND0228 - US 301 NB AT HYETTS CORNER,12585.1,2019-01-29 08:27:00-05,
2024-08-01 03:10:00-04,ND0228,N,5,70.75,0.79%,1,ND0228 - US 301 NB AT HYETTS CORNER,12585.1,2019-01-29 08:27:00-05,
2024-08-01 03:15:00-04,ND0228,N,6,75.45,0.36%,2,ND0228 - US 301 NB AT HYETTS CORNER,12585.1,2019-01-29 08:27:00-05,
2024-08-01 03:20:00-04,ND0228,N,9,68.32,0.83%,2,ND0228 - US 301 NB AT HYETTS CORNER,12585.1,2019-01-29 08:27:00-05,
2024-08-01 03:25:00-04,ND0228,N,4,64.37,0.28%,2,ND0228 - US 301 NB AT HYETTS CORNER,12585.1,2019-01-29 08:27:00-05,
2024-08-01 03:30:00-04,ND0228,N,7,67.47,0.68%,2,ND0228 - US 301 NB AT HYETTS CORNER,12585.1,2019-01-29 08:27:00-05,
2024-08-01 03:35:00-04,ND0228,N,6,71.33,0.54%,2,ND0228 - US 301 NB AT HYETTS CORNER,12585.1,2019-01-29 08:27:00-05,
2024-08-01 03:40:00-04,ND0228,N,11,70.90,0.81%,2,ND0228 - US 301 NB AT HYETTS CORNER,12585.1,2019-01-29 08:27:00-05,
2024-08-01 03:45:00-04,ND0228,N,12,76.47,0.97%,2,ND0228 - US 301 NB AT HYETTS CORNER,12585.1,2019-01-29 08:27:00-05,
2024-08-01 03:50:00-04,ND0228,N,13,78.15,0.61%,2,ND0228 - US 301 NB AT HYETTS CORNER,12585.1,2019-01-29 08:27:00-05,
2024-08-01 03:55:00-04,ND0228,N,5,68.97,0.42%,2,ND0228 - US 301 NB AT HYETTS CORNER,12585.1,2019-01-29 08:27:00-05,
2024-08-01 04:00:00-04,ND0228,N,7,77.41,0.29%,2,ND0228 - US 301 NB AT HYETTS CORNER,12585.1,2019-01-29 08:27:00-05,
2024-08-01 04:05:00-04,ND0228,N,10,66.43,1.06%,2,ND0228 - US 301 NB AT HYETTS CORNER,12585.1,2019-01-29 08:27:00-05,
2024-08-01 04:10:00-04,ND0228,N,10,74.86,0.66%,2,ND0228 - US 301 NB AT HYETTS CORNER,12585.1,2019-01-29 08:27:00-05,
2024-08-01 04:15:00-04,ND0228,N,11,76.86,0.47%,2,ND0228 - US 301 NB AT HYETTS CORNER,12585.1,2019-01-29 08:27:00-05,
2024-08-01 04:20:00-04,ND0228,N,16,72.74,1.01%,2,ND0228 - US 301 NB AT HYETTS CORNER,12585.1,2019-01-29 08:27:00-05,
2024-08-01 04:25:00-04,ND0228,N,15,72.04,1.05%,2,ND0228 - US 301 NB AT HYETTS CORNER,12585.1,2019-01-29 08:27:00-05,
2024-08-01 04:30:00-04,ND0228,N,14,68.09,1.21%,2,ND0228 - US 301 NB AT HYETTS CORNER,12585.1,2019-01-29 08:27:00-05,
2024-08-01 04:35:00-04,ND0228,N,14,71.53,0.85%,2,ND0228 - US 301 NB AT HYETTS CORNER,12585.1,2019-01-29 08:27:00-05,
2024-08-01 04:40:00-04,ND0228,N,18,75.16,1.15%,2,ND0228 - US 301 NB AT HYETTS CORNER,12585.1,2019-01-29 08:27:00-05,
2024-08-01 04:45:00-04,ND0228,N,13,73.25,0.67%,2,ND0228 - US 301 NB AT HYETTS CORNER,12585.1,2019-01-29 08:27:00-05,
2024-08-01 04:50:00-04,ND0228,N,22,73.25,1.06%,2,ND0228 - US 301 NB AT HYETTS CORNER,12585.1,2019-01-29 08:27:00-05,
2024-08-01 04:55:00-04,ND0228,N,12,65.19,0.88%,2,ND0228 - US 301 NB AT HYETTS CORNER,12585.1,2019-01-29 08:27:00-05,
2024-08-01 05:00:00-04,ND0228,N,22,74.82,1.40%,2,ND0228 - US 301 NB AT HYETTS CORNER,12585.1,2019-01-29 08:27:00-05,
2024-08-01 05:05:00-04,ND0228,N,13,72.96,0.96%,2,ND0228 - US 301 NB AT HYETTS CORNER,12585.1,2019-01-29 08:27:00-05,
2024-08-01 05:10:00-04,ND0228,N,21,73.59,1.33%,2,ND0228 - US 301 NB AT HYETTS CORNER,12585.1,2019-01-29 08:27:00-05,
2024-08-01 05:15:00-04,ND0228,N,28,74.50,1.28%,2,ND0228 - US 301 NB AT HYETTS CORNER,12585.1,2019-01-29 08:27:00-05,
2024-08-01 05:20:00-04,ND0228,N,29,75.21,1.48%,2,ND0228 - US 301 NB AT HYETTS CORNER,12585.1,2019-01-29 08:27:00-05,
2024-08-01 05:25:00-04,ND0228,N,28,75.82,1.19%,2,ND0228 - US 301 NB AT HYETTS CORNER,12585.1,2019-01-29 08:27:00-05,
2024-08-01 05:30:00-04,ND0228,N,25,75.59,1.31%,2,ND0228 - US 301 NB AT HYETTS CORNER,12585.1,2019-01-29 08:27:00-05,
2024-08-01 05:35:00-04,ND0228,N,22,73.01,1.27%,2,ND0228 - US 301 NB AT HYETTS CORNER,12585.1,2019-01-29 08:27:00-05,
2024-08-01 05:40:00-04,ND0228,N,44,75.33,2.28%,2,ND0228 - US 301 NB AT HYETTS CORNER,12585.1,2019-01-29 08:27:00-05,
2024-08-01 05:45:00-04,ND0228,N,42,76.67,2.05%,2,ND0228 - US 301 NB AT HYETTS CORNER,12585.1,2019-01-29 08:27:00-05,
2024-08-01 05:50:00-04,ND0228,N,34,77.82,1.49%,2,ND0228 - US 301 NB AT HYETTS CORNER,12585.1,2019-01-29 08:27:00-05,
2024-08-01 05:55:00-04,ND0228,N,39,77.51,2.06%,2,ND0228 - US 301 NB AT HYETTS CORNER,12585.1,2019-01-29 08:27:00-05,
2024-08-01 06:00:00-04,ND0228,N,43,79.88,1.69%,2,ND0228 - US 301 NB AT HYETTS CORNER,12585.1,2019-01-29 08:27:00-05,
2024-08-01 06:05:00-04,ND0228,N,40,76.70,1.70%,2,ND0228 - US 301 NB AT HYETTS CORNER,12585.1,2019-01-29 08:27:00-05,
2024-08-01 06:10:00-04,ND0228,N,31,77.46,1.13%,2,ND0228 - US 301 NB AT HYETTS CORNER,12585.1,2019-01-29 08:27:00-05,
2024-08-01 06:15:00-04,ND0228,N,55,77.27,2.25%,2,ND0228 - US 301 NB AT HYETTS CORNER,12585.1,2019-01-29 08:27:00-05,
2024-08-01 06:20:00-04,ND0228,N,47,77.43,1.74%,2,ND0228 - US 301 NB AT HYETTS CORNER,12585.1,2019-01-29 08:27:00-05,
2024-08-01 06:25:00-04,ND0228,N,62,79.15,2.36%,2,ND0228 - US 301 NB AT HYETTS CORNER,12585.1,2019-01-29 08:27:00-05,
2024-08-01 06:30:00-04,ND0228,N,58,79.33,2.13%,2,ND0228 - US 301 NB AT HYETTS CORNER,12585.1,2019-01-29 08:27:00-05,
2024-08-01 06:35:00-04,ND0228,N,72,77.56,2.89%,2,ND0228 - US 301 NB AT HYETTS CORNER,12585.1,2019-01-29 08:27:00-05,
2024-08-01 06:40:00-04,ND0228,N,70,77.52,3.08%,2,ND0228 - US 301 NB AT HYETTS CORNER,12585.1,2019-01-29 08:27:00-05,
2024-08-01 06:45:00-04,ND0228,N,70,76.85,2.60%,2,ND0228 - US 301 NB AT HYETTS CORNER,12585.1,2019-01-29 08:27:00-05,
2024-08-01 06:50:00-04,ND0228,N,62,77.56,2.76%,2,ND0228 - US 301 NB AT HYETTS CORNER,12585.1,2019-01-29 08:27:00-05,
2024-08-01 06:55:00-04,ND0228,N,75,78.51,3.12%,2,ND0228 - US 301 NB AT HYETTS CORNER,12585.1,2019-01-29 08:27:00-05,
2024-08-01 07:00:00-04,ND0228,N,61,75.81,2.51%,2,ND0228 - US 301 NB AT HYETTS CORNER,12585.1,2019-01-29 08:27:00-05,
2024-08-01 07:05:00-04,ND0228,N,55,76.57,2.18%,2,ND0228 - US 301 NB AT HYETTS CORNER,12585.1,2019-01-29 08:27:00-05,
2024-08-01 07:10:00-04,ND0228,N,74,77.59,3.26%,2,ND0228 - US 301 NB AT HYETTS CORNER,12585.1,2019-01-29 08:27:00-05,
2024-08-01 07:15:00-04,ND0228,N,83,77.20,3.12%,2,ND0228 - US 301 NB AT HYETTS CORNER,12585.1,2019-01-29 08:27:00-05,
2024-08-01 07:20:00-04,ND0228,N,85,75.72,3.54%,2,ND0228 - US 301 NB AT HYETTS CORNER,12585.1,2019-01-29 08:27:00-05,
2024-08-01 07:25:00-04,ND0228,N,73,76.98,2.84%,2,ND0228 - US 301 NB AT HYETTS CORNER,12585.1,2019-01-29 08:27:00-05,
2024-08-01 07:30:00-04,ND0228,N,87,78.15,3.25%,2,ND0228 - US 301 NB AT HYETTS CORNER,12585.1,2019-01-29 08:27:00-05,
2024-08-01 07:35:00-04,ND0228,N,74,76.05,3.03%,2,ND0228 - US 301 NB AT HYETTS CORNER,12585.1,2019-01-29 08:27:00-05,
2024-08-01 07:40:00-04,ND0228,N,93,78.01,3.55%,2,ND0228 - US 301 NB AT HYETTS CORNER,12585.1,2019-01-29 08:27:00-05,
2024-08-01 07:45:00-04,ND0228,N,81,75.54,3.19%,2,ND0228 - US 301 NB AT HYETTS CORNER,12585.1,2019-01-29 08:27:00-05,
2024-08-01 07:50:00-04,ND0228,N,84,77.59,3.58%,2,ND0228 - US 301 NB AT HYETTS CORNER,12585.1,2019-01-29 08:27:00-05,
2024-08-01 07:55:00-04,ND0228,N,78,75.50,3.36%,2,ND0228 - US 301 NB AT HYETTS CORNER,12585.1,2019-01-29 08:27:00-05,
2024-08-01 08:00:00-04,ND0228,N,91,76.23,3.53%,2,ND0228 - US 301 NB AT HYETTS CORNER,12585.1,2019-01-29 08:27:00-05,
2024-08-01 08:05:00-04,ND0228,N,71,75.98,3.35%,2,ND0228 - US 301 NB AT HYETTS CORNER,12585.1,2019-01-29 08:27:00-05,
2024-08-01 08:10:00-04,ND0228,N,70,76.52,3.23%,2,ND0228 - US 301 NB AT HYETTS CORNER,12585.1,2019-01-29 08:27:00-05,
2024-08-01 08:15:00-04,ND0228,N,70,74.83,2.98%,2,ND0228 - US 301 NB AT HYETTS CORNER,12585.1,2019-01-29 08:27:00-05,
2024-08-01 08:20:00-04,ND0228,N,71,76.68,3.30%,2,ND0228 - US 301 NB AT HYETTS CORNER,12585.1,2019-01-29 08:27:00-05,
2024-08-01 08:25:00-04,ND0228,N,80,75.29,3.38%,2,ND0228 - US 301 NB AT HYETTS CORNER,12585.1,2019-01-29 08:27:00-05,
2024-08-01 08:30:00-04,ND0228,N,84,76.04,3.60%,2,ND0228 - US 301 NB AT HYETTS CORNER,12585.1,2019-01-29 08:27:00-05,
2024-08-01 08:35:00-04,ND0228,N,82,74.84,3.52%,2,ND0228 - US 301 NB AT HYETTS CORNER,12585.1,2019-01-29 08:27:00-05,
2024-08-01 08:40:00-04,ND0228,N,72,75.22,3.05%,2,ND0228 - US 301 NB AT HYETTS CORNER,12585.1,2019-01-29 08:27:00-05,
2024-08-01 08:45:00-04,ND0228,N,75,75.63,3.09%,2,ND0228 - US 301 NB AT HYETTS CORNER,12585.1,2019-01-29 08:27:00-05,
2024-08-01 08:50:00-04,ND0228,N,59,76.70,2.58%,2,ND0228 - US 301 NB AT HYETTS CORNER,12585.1,2019-01-29 08:27:00-05,
2024-08-01 08:55:00-04,ND0228,N,58,75.88,2.41%,2,ND0228 - US 301 NB AT HYETTS CORNER,12585.1,2019-01-29 08:27:00-05,
2024-08-01 09:00:00-04,ND0228,N,50,76.61,2.33%,2,ND0228 - US 301 NB AT HYETTS CORNER,12585.1,2019-01-29 08:27:00-05,
2024-08-01 09:05:00-04,ND0228,N,71,75.95,2.94%,2,ND0228 - US 301 NB AT HYETTS CORNER,12585.1,2019-01-29 08:27:00-05,
2024-08-01 09:10:00-04,ND0228,N,58,76.25,2.93%,2,ND0228 - US 301 NB AT HYETTS CORNER,12585.1,2019-01-29 08:27:00-05,
2024-08-01 09:15:00-04,ND0228,N,59,74.85,2.56%,2,ND0228 - US 301 NB AT HYETTS CORNER,12585.1,2019-01-29 08:27:00-05,
2024-08-01 09:20:00-04,ND0228,N,61,73.82,2.74%,2,ND0228 - US 301 NB AT HYETTS CORNER,12585.1,2019-01-29 08:27:00-05,
2024-08-01 09:25:00-04,ND0228,N,47,77.25,2.09%,2,ND0228 - US 301 NB AT HYETTS CORNER,12585.1,2019-01-29 08:27:00-05,
2024-08-01 09:30:00-04,ND0228,N,73,73.95,3.38%,2,ND0228 - US 301 NB AT HYETTS CORNER,12585.1,2019-01-29 08:27:00-05,
2024-08-01 09:35:00-04,ND0228,N,66,76.36,2.80%,2,ND0228 - US 301 NB AT HYETTS CORNER,12585.1,2019-01-29 08:27:00-05,
2024-08-01 09:40:00-04,ND0228,N,67,75.44,2.87%,2,ND0228 - US 301 NB AT HYETTS CORNER,12585.1,2019-01-29 08:27:00-05,
2024-08-01 09:45:00-04,ND0228,N,66,76.42,2.93%,2,ND0228 - US 301 NB AT HYETTS CORNER,12585.1,2019-01-29 08:27:00-05,
2024-08-01 09:50:00-04,ND0228,N,63,75.26,2.61%,2,ND0228 - US 301 NB AT HYETTS CORNER,12585.1,2019-01-29 08:27:00-05,
2024-08-01 09:55:00-04,ND0228,N,71,74.82,3.33%,2,ND0228 - US 301 NB AT HYETTS CORNER,12585.1,2019-01-29 08:27:00-05,
2024-08-01 10:00:00-04,ND0228,N,54,74.48,2.32%,2,ND0228 - US 301 NB AT HYETTS CORNER,12585.1,2019-01-29 08:27:00-05,
2024-08-01 10:05:00-04,ND0228,N,70,75.84,2.85%,2,ND0228 - US 301 NB AT HYETTS CORNER,12585.1,2019-01-29 08:27:00-05,
2024-08-01 10:10:00-04,ND0228,N,69,75.82,3.00%,2,ND0228 - US 301 NB AT HYETTS CORNER,12585.1,2019-01-29 08:27:00-05,
2024-08-01 10:15:00-04,ND0228,N,49,76.08,1.86%,2,ND0228 - US 301 NB AT HYETTS CORNER,12585.1,2019-01-29 08:27:00-05,
2024-08-01 10:20:00-04,ND0228,N,47,75.37,1.95%,2,ND0228 - US 301 NB AT HYETTS CORNER,12585.1,2019-01-29 08:27:00-05,
2024-08-01 10:25:00-04,ND0228,N,50,72.00,2.30%,2,ND0228 - US 301 NB AT HYETTS CORNER,12585.1,2019-01-29 08:27:00-05,
2024-08-01 10:30:00-04,ND0228,N,55,73.27,2.31%,2,ND0228 - US 301 NB AT HYETTS CORNER,12585.1,2019-01-29 08:27:00-05,
2024-08-01 10:35:00-04,ND0228,N,72,72.98,3.01%,2,ND0228 - US 301 NB AT HYETTS CORNER,12585.1,2019-01-29 08:27:00-05,
2024-08-01 10:40:00-04,ND0228,N,51,76.34,2.44%,2,ND0228 - US 301 NB AT HYETTS CORNER,12585.1,2019-01-29 08:27:00-05,
2024-08-01 10:45:00-04,ND0228,N,73,73.50,3.67%,2,ND0228 - US 301 NB AT HYETTS CORNER,12585.1,2019-01-29 08:27:00-05,
2024-08-01 10:50:00-04,ND0228,N,60,73.62,2.72%,2,ND0228 - US 301 NB AT HYETTS CORNER,12585.1,2019-01-29 08:27:00-05,
2024-08-01 10:55:00-04,ND0228,N,48,73.57,2.58%,2,ND0228 - US 301 NB AT HYETTS CORNER,12585.1,2019-01-29 08:27:00-05,
2024-08-01 11:00:00-04,ND0228,N,64,76.48,2.40%,2,ND0228 - US 301 NB AT HYETTS CORNER,12585.1,2019-01-29 08:27:00-05,
2024-08-01 11:05:00-04,ND0228,N,51,73.40,2.26%,2,ND0228 - US 301 NB AT HYETTS CORNER,12585.1,2019-01-29 08:27:00-05,
2024-08-01 11:10:00-04,ND0228,N,76,74.90,3.28%,2,ND0228 - US 301 NB AT HYETTS CORNER,12585.1,2019-01-29 08:27:00-05,
2024-08-01 11:15:00-04,ND0228,N,58,75.34,2.30%,2,ND0228 - US 301 NB AT HYETTS CORNER,12585.1,2019-01-29 08:27:00-05,
2024-08-01 11:20:00-04,ND0228,N,65,76.27,2.92%,2,ND0228 - US 301 NB AT HYETTS CORNER,12585.1,2019-01-29 08:27:00-05,
2024-08-01 11:25:00-04,ND0228,N,52,75.27,2.49%,2,ND0228 - US 301 NB AT HYETTS CORNER,12585.1,2019-01-29 08:27:00-05,
2024-08-01 11:30:00-04,ND0228,N,62,74.40,2.71%,2,ND0228 - US 301 NB AT HYETTS CORNER,12585.1,2019-01-29 08:27:00-05,
2024-08-01 11:35:00-04,ND0228,N,60,73.98,2.54%,2,ND0228 - US 301 NB AT HYETTS CORNER,12585.1,2019-01-29 08:27:00-05,
2024-08-01 11:40:00-04,ND0228,N,45,74.57,1.80%,2,ND0228 - US 301 NB AT HYETTS CORNER,12585.1,2019-01-29 08:27:00-05,
2024-08-01 11:45:00-04,ND0228,N,67,73.54,3.29%,2,ND0228 - US 301 NB AT HYETTS CORNER,12585.1,2019-01-29 08:27:00-05,
2024-08-01 11:50:00-04,ND0228,N,53,73.82,2.54%,2,ND0228 - US 301 NB AT HYETTS CORNER,12585.1,2019-01-29 08:27:00-05,
2024-08-01 11:55:00-04,ND0228,N,44,74.41,2.05%,2,ND0228 - US 301 NB AT HYETTS CORNER,12585.1,2019-01-29 08:27:00-05,
2024-08-01 12:00:00-04,ND0228,N,48,73.10,2.00%,2,ND0228 - US 301 NB AT HYETTS CORNER,12585.1,2019-01-29 08:27:00-05,
2024-08-01 12:05:00-04,ND0228,N,50,74.47,2.76%,2,ND0228 - US 301 NB AT HYETTS CORNER,12585.1,2019-01-29 08:27:00-05,
2024-08-01 12:10:00-04,ND0228,N,64,74.90,3.17%,2,ND0228 - US 301 NB AT HYETTS CORNER,12585.1,2019-01-29 08:27:00-05,
2024-08-01 12:15:00-04,ND0228,N,44,72.33,2.46%,2,ND0228 - US 301 NB AT HYETTS CORNER,12585.1,2019-01-29 08:27:00-05,
2024-08-01 12:20:00-04,ND0228,N,58,74.04,2.51%,2,ND0228 - US 301 NB AT HYETTS CORNER,12585.1,2019-01-29 08:27:00-05,
2024-08-01 12:25:00-04,ND0228,N,59,75.20,2.79%,2,ND0228 - US 301 NB AT HYETTS CORNER,12585.1,2019-01-29 08:27:00-05,
2024-08-01 12:30:00-04,ND0228,N,46,75.98,1.84%,2,ND0228 - US 301 NB AT HYETTS CORNER,12585.1,2019-01-29 08:27:00-05,
2024-08-01 12:35:00-04,ND0228,N,52,74.36,2.37%,2,ND0228 - US 301 NB AT HYETTS CORNER,12585.1,2019-01-29 08:27:00-05,
2024-08-01 12:40:00-04,ND0228,N,54,74.91,2.15%,2,ND0228 - US 301 NB AT HYETTS CORNER,12585.1,2019-01-29 08:27:00-05,
2024-08-01 12:45:00-04,ND0228,N,43,74.23,1.79%,2,ND0228 - US 301 NB AT HYETTS CORNER,12585.1,2019-01-29 08:27:00-05,
2024-08-01 12:50:00-04,ND0228,N,68,74.58,3.35%,2,ND0228 - US 301 NB AT HYETTS CORNER,12585.1,2019-01-29 08:27:00-05,
2024-08-01 12:55:00-04,ND0228,N,59,74.87,2.50%,2,ND0228 - US 301 NB AT HYETTS CORNER,12585.1,2019-01-29 08:27:00-05,
2024-08-01 13:00:00-04,ND0228,N,45,74.59,2.15%,2,ND0228 - US 301 NB AT HYETTS CORNER,12585.1,2019-01-29 08:27:00-05,
2024-08-01 13:05:00-04,ND0228,N,57,74.72,2.79%,2,ND0228 - US 301 NB AT HYETTS CORNER,12585.1,2019-01-29 08:27:00-05,
2024-08-01 13:10:00-04,ND0228,N,68,75.55,3.17%,2,ND0228 - US 301 NB AT HYETTS CORNER,12585.1,2019-01-29 08:27:00-05,
2024-08-01 13:15:00-04,ND0228,N,62,73.45,2.88%,2,ND0228 - US 301 NB AT HYETTS CORNER,12585.1,2019-01-29 08:27:00-05,
2024-08-01 13:20:00-04,ND0228,N,39,76.41,1.79%,2,ND0228 - US 301 NB AT HYETTS CORNER,12585.1,2019-01-29 08:27:00-05,
2024-08-01 13:25:00-04,ND0228,N,62,75.03,2.96%,2,ND0228 - US 301 NB AT HYETTS CORNER,12585.1,2019-01-29 08:27:00-05,
2024-08-01 13:30:00-04,ND0228,N,61,75.80,2.46%,2,ND0228 - US 301 NB AT HYETTS CORNER,12585.1,2019-01-29 08:27:00-05,
2024-08-01 13:35:00-04,ND0228,N,49,75.38,1.92%,2,ND0228 - US 301 NB AT HYETTS CORNER,12585.1,2019-01-29 08:27:00-05,
2024-08-01 13:40:00-04,ND0228,N,55,75.00,2.33%,2,ND0228 - US 301 NB AT HYETTS CORNER,12585.1,2019-01-29 08:27:00-05,
2024-08-01 13:45:00-04,ND0228,N,55,75.47,2.38%,2,ND0228 - US 301 NB AT HYETTS CORNER,12585.1,2019-01-29 08:27:00-05,
2024-08-01 13:50:00-04,ND0228,N,57,74.79,2.84%,2,ND0228 - US 301 NB AT HYETTS CORNER,12585.1,2019-01-29 08:27:00-05,
2024-08-01 13:55:00-04,ND0228,N,38,75.52,1.89%,2,ND0228 - US 301 NB AT HYETTS CORNER,12585.1,2019-01-29 08:27:00-05,
2024-08-01 14:00:00-04,ND0228,N,60,73.05,2.88%,2,ND0228 - US 301 NB AT HYETTS CORNER,12585.1,2019-01-29 08:27:00-05,
2024-08-01 14:05:00-04,ND0228,N,60,74.28,2.80%,2,ND0228 - US 301 NB AT HYETTS CORNER,12585.1,2019-01-29 08:27:00-05,
2024-08-01 14:10:00-04,ND0228,N,50,73.96,2.00%,2,ND0228 - US 301 NB AT HYETTS CORNER,12585.1,2019-01-29 08:27:00-05,
2024-08-01 14:15:00-04,ND0228,N,65,76.32,2.71%,2,ND0228 - US 301 NB AT HYETTS CORNER,12585.1,2019-01-29 08:27:00-05,
2024-08-01 14:20:00-04,ND0228,N,54,75.75,2.58%,2,ND0228 - US 301 NB AT HYETTS CORNER,12585.1,2019-01-29 08:27:00-05,
2024-08-01 14:25:00-04,ND0228,N,72,72.96,3.53%,2,ND0228 - US 301 NB AT HYETTS CORNER,12585.1,2019-01-29 08:27:00-05,
2024-08-01 14:30:00-04,ND0228,N,55,73.65,2.63%,2,ND0228 - US 301 NB AT HYETTS CORNER,12585.1,2019-01-29 08:27:00-05,
2024-08-01 14:35:00-04,ND0228,N,69,71.40,3.49%,2,ND0228 - US 301 NB AT HYETTS CORNER,12585.1,2019-01-29 08:27:00-05,
2024-08-01 14:40:00-04,ND0228,N,68,74.87,2.96%,2,ND0228 - US 301 NB AT HYETTS CORNER,12585.1,2019-01-29 08:27:00-05,
2024-08-01 14:45:00-04,ND0228,N,60,73.59,2.80%,2,ND0228 - US 301 NB AT HYETTS CORNER,12585.1,2019-01-29 08:27:00-05,
2024-08-01 14:50:00-04,ND0228,N,51,73.36,2.42%,2,ND0228 - US 301 NB AT HYETTS CORNER,12585.1,2019-01-29 08:27:00-05,
2024-08-01 14:55:00-04,ND0228,N,51,73.04,2.43%,2,ND0228 - US 301 NB AT HYETTS CORNER,12585.1,2019-01-29 08:27:00-05,
2024-08-01 15:00:00-04,ND0228,N,54,72.74,2.43%,2,ND0228 - US 301 NB AT HYETTS CORNER,12585.1,2019-01-29 08:27:00-05,
2024-08-01 15:05:00-04,ND0228,N,37,75.16,1.58%,2,ND0228 - US 301 NB AT HYETTS CORNER,12585.1,2019-01-29 08:27:00-05,
2024-08-01 15:10:00-04,ND0228,N,64,72.40,2.89%,2,ND0228 - US 301 NB AT HYETTS CORNER,12585.1,2019-01-29 08:27:00-05,
2024-08-01 15:15:00-04,ND0228,N,61,74.95,2.68%,2,ND0228 - US 301 NB AT HYETTS CORNER,12585.1,2019-01-29 08:27:00-05,
2024-08-01 15:20:00-04,ND0228,N,81,74.90,3.68%,2,ND0228 - US 301 NB AT HYETTS CORNER,12585.1,2019-01-29 08:27:00-05,
2024-08-01 15:25:00-04,ND0228,N,66,76.32,2.58%,2,ND0228 - US 301 NB AT HYETTS CORNER,12585.1,2019-01-29 08:27:00-05,
2024-08-01 15:30:00-04,ND0228,N,63,75.89,2.55%,2,ND0228 - US 301 NB AT HYETTS CORNER,12585.1,2019-01-29 08:27:00-05,
2024-08-01 15:35:00-04,ND0228,N,67,74.84,2.81%,2,ND0228 - US 301 NB AT HYETTS CORNER,12585.1,2019-01-29 08:27:00-05,
2024-08-01 15:40:00-04,ND0228,N,56,75.77,2.38%,2,ND0228 - US 301 NB AT HYETTS CORNER,12585.1,2019-01-29 08:27:00-05,
2024-08-01 15:45:00-04,ND0228,N,64,76.20,2.82%,2,ND0228 - US 301 NB AT HYETTS CORNER,12585.1,2019-01-29 08:27:00-05,
2024-08-01 15:50:00-04,ND0228,N,61,74.30,2.94%,2,ND0228 - US 301 NB AT HYETTS CORNER,12585.1,2019-01-29 08:27:00-05,
2024-08-01 15:55:00-04,ND0228,N,69,75.89,2.72%,2,ND0228 - US 301 NB AT HYETTS CORNER,12585.1,2019-01-29 08:27:00-05,
2024-08-01 16:00:00-04,ND0228,N,74,75.57,3.22%,2,ND0228 - US 301 NB AT HYETTS CORNER,12585.1,2019-01-29 08:27:00-05,
2024-08-01 16:05:00-04,ND0228,N,40,75.48,2.20%,2,ND0228 - US 301 NB AT HYETTS CORNER,12585.1,2019-01-29 08:27:00-05,
2024-08-01 16:10:00-04,ND0228,N,60,76.16,2.56%,2,ND0228 - US 301 NB AT HYETTS CORNER,12585.1,2019-01-29 08:27:00-05,
2024-08-01 16:15:00-04,ND0228,N,64,76.43,2.63%,2,ND0228 - US 301 NB AT HYETTS CORNER,12585.1,2019-01-29 08:27:00-05,
2024-08-01 16:20:00-04,ND0228,N,69,76.18,2.86%,2,ND0228 - US 301 NB AT HYETTS CORNER,12585.1,2019-01-29 08:27:00-05,
2024-08-01 16:25:00-04,ND0228,N,68,78.52,2.51%,2,ND0228 - US 301 NB AT HYETTS CORNER,12585.1,2019-01-29 08:27:00-05,
2024-08-01 16:30:00-04,ND0228,N,82,76.46,3.33%,2,ND0228 - US 301 NB AT HYETTS CORNER,12585.1,2019-01-29 08:27:00-05,
2024-08-01 16:35:00-04,ND0228,N,76,77.28,2.97%,2,ND0228 - US 301 NB AT HYETTS CORNER,12585.1,2019-01-29 08:27:00-05,
2024-08-01 16:40:00-04,ND0228,N,87,76.20,3.93%,2,ND0228 - US 301 NB AT HYETTS CORNER,12585.1,2019-01-29 08:27:00-05,
2024-08-01 16:45:00-04,ND0228,N,87,77.25,3.37%,2,ND0228 - US 301 NB AT HYETTS CORNER,12585.1,2019-01-29 08:27:00-05,
2024-08-01 16:50:00-04,ND0228,N,76,75.82,3.03%,2,ND0228 - US 301 NB AT HYETTS CORNER,12585.1,2019-01-29 08:27:00-05,
2024-08-01 16:55:00-04,ND0228,N,82,75.39,3.38%,2,ND0228 - US 301 NB AT HYETTS CORNER,12585.1,2019-01-29 08:27:00-05,
2024-08-01 17:00:00-04,ND0228,N,77,75.67,3.14%,2,ND0228 - US 301 NB AT HYETTS CORNER,12585.1,2019-01-29 08:27:00-05,
2024-08-01 17:05:00-04,ND0228,N,66,78.49,3.06%,2,ND0228 - US 301 NB AT HYETTS CORNER,12585.1,2019-01-29 08:27:00-05,
2024-08-01 17:10:00-04,ND0228,N,65,77.28,2.62%,2,ND0228 - US 301 NB AT HYETTS CORNER,12585.1,2019-01-29 08:27:00-05,
2024-08-01 17:15:00-04,ND0228,N,72,78.14,2.77%,2,ND0228 - US 301 NB AT HYETTS CORNER,12585.1,2019-01-29 08:27:00-05,
2024-08-01 17:20:00-04,ND0228,N,95,78.54,3.65%,2,ND0228 - US 301 NB AT HYETTS CORNER,12585.1,2019-01-29 08:27:00-05,
2024-08-01 17:25:00-04,ND0228,N,72,78.78,2.54%,2,ND0228 - US 301 NB AT HYETTS CORNER,12585.1,2019-01-29 08:27:00-05,
2024-08-01 17:30:00-04,ND0228,N,89,77.35,3.37%,2,ND0228 - US 301 NB AT HYETTS CORNER,12585.1,2019-01-29 08:27:00-05,
2024-08-01 17:35:00-04,ND0228,N,78,77.07,3.11%,2,ND0228 - US 301 NB AT HYETTS CORNER,12585.1,2019-01-29 08:27:00-05,
2024-08-01 17:40:00-04,ND0228,N,87,76.12,3.50%,2,ND0228 - US 301 NB AT HYETTS CORNER,12585.1,2019-01-29 08:27:00-05,
2024-08-01 17:45:00-04,ND0228,N,102,76.73,4.15%,2,ND0228 - US 301 NB AT HYETTS CORNER,12585.1,2019-01-29 08:27:00-05,
2024-08-01 17:50:00-04,ND0228,N,82,75.71,3.21%,2,ND0228 - US 301 NB AT HYETTS CORNER,12585.1,2019-01-29 08:27:00-05,
2024-08-01 17:55:00-04,ND0228,N,80,77.12,3.16%,2,ND0228 - US 301 NB AT HYETTS CORNER,12585.1,2019-01-29 08:27:00-05,
2024-08-01 18:00:00-04,ND0228,N,62,77.50,2.83%,2,ND0228 - US 301 NB AT HYETTS CORNER,12585.1,2019-01-29 08:27:00-05,
2024-08-01 18:05:00-04,ND0228,N,77,75.41,3.51%,2,ND0228 - US 301 NB AT HYETTS CORNER,12585.1,2019-01-29 08:27:00-05,
2024-08-01 18:10:00-04,ND0228,N,92,74.99,3.54%,2,ND0228 - US 301 NB AT HYETTS CORNER,12585.1,2019-01-29 08:27:00-05,
2024-08-01 18:15:00-04,ND0228,N,84,77.63,3.42%,2,ND0228 - US 301 NB AT HYETTS CORNER,12585.1,2019-01-29 08:27:00-05,
2024-08-01 18:20:00-04,ND0228,N,92,75.55,3.88%,2,ND0228 - US 301 NB AT HYETTS CORNER,12585.1,2019-01-29 08:27:00-05,
2024-08-01 18:25:00-04,ND0228,N,85,77.05,3.49%,2,ND0228 - US 301 NB AT HYETTS CORNER,12585.1,2019-01-29 08:27:00-05,
2024-08-01 18:30:00-04,ND0228,N,76,76.71,3.39%,2,ND0228 - US 301 NB AT HYETTS CORNER,12585.1,2019-01-29 08:27:00-05,
2024-08-01 18:35:00-04,ND0228,N,58,77.83,2.35%,2,ND0228 - US 301 NB AT HYETTS CORNER,12585.1,2019-01-29 08:27:00-05,
2024-08-01 18:40:00-04,ND0228,N,88,75.82,3.74%,2,ND0228 - US 301 NB AT HYETTS CORNER,12585.1,2019-01-29 08:27:00-05,
2024-08-01 18:45:00-04,ND0228,N,73,78.22,2.87%,2,ND0228 - US 301 NB AT HYETTS CORNER,12585.1,2019-01-29 08:27:00-05,
2024-08-01 18:50:00-04,ND0228,N,64,74.62,2.49%,2,ND0228 - US 301 NB AT HYETTS CORNER,12585.1,2019-01-29 08:27:00-05,
2024-08-01 18:55:00-04,ND0228,N,59,76.77,2.84%,2,ND0228 - US 301 NB AT HYETTS CORNER,12585.1,2019-01-29 08:27:00-05,
2024-08-01 19:00:00-04,ND0228,N,69,75.96,2.76%,2,ND0228 - US 301 NB AT HYETTS CORNER,12585.1,2019-01-29 08:27:00-05,
2024-08-01 19:05:00-04,ND0228,N,65,76.07,2.91%,2,ND0228 - US 301 NB AT HYETTS CORNER,12585.1,2019-01-29 08:27:00-05,
2024-08-01 19:10:00-04,ND0228,N,70,77.13,3.17%,2,ND0228 - US 301 NB AT HYETTS CORNER,12585.1,2019-01-29 08:27:00-05,
2024-08-01 19:15:00-04,ND0228,N,73,75.82,3.29%,2,ND0228 - US 301 NB AT HYETTS CORNER,12585.1,2019-01-29 08:27:00-05,
2024-08-01 19:20:00-04,ND0228,N,64,77.72,2.59%,2,ND0228 - US 301 NB AT HYETTS CORNER,12585.1,2019-01-29 08:27:00-05,
2024-08-01 19:25:00-04,ND0228,N,65,75.84,2.71%,2,ND0228 - US 301 NB AT HYETTS CORNER,12585.1,2019-01-29 08:27:00-05,
2024-08-01 19:30:00-04,ND0228,N,55,78.31,2.20%,2,ND0228 - US 301 NB AT HYETTS CORNER,12585.1,2019-01-29 08:27:00-05,
2024-08-01 19:35:00-04,ND0228,N,59,76.28,2.61%,2,ND0228 - US 301 NB AT HYETTS CORNER,12585.1,2019-01-29 08:27:00-05,
2024-08-01 19:40:00-04,ND0228,N,49,76.63,1.74%,2,ND0228 - US 301 NB AT HYETTS CORNER,12585.1,2019-01-29 08:27:00-05,
2024-08-01 19:45:00-04,ND0228,N,51,73.65,2.94%,2,ND0228 - US 301 NB AT HYETTS CORNER,12585.1,2019-01-29 08:27:00-05,
2024-08-01 19:50:00-04,ND0228,N,70,76.63,3.03%,2,ND0228 - US 301 NB AT HYETTS CORNER,12585.1,2019-01-29 08:27:00-05,
2024-08-01 19:55:00-04,ND0228,N,60,76.48,3.01%,2,ND0228 - US 301 NB AT HYETTS CORNER,12585.1,2019-01-29 08:27:00-05,
2024-08-01 20:00:00-04,ND0228,N,43,74.47,2.46%,2,ND0228 - US 301 NB AT HYETTS CORNER,12585.1,2019-01-29 08:27:00-05,
2024-08-01 20:05:00-04,ND0228,N,43,77.03,1.68%,2,ND0228 - US 301 NB AT HYETTS CORNER,12585.1,2019-01-29 08:27:00-05,
2024-08-01 20:10:00-04,ND0228,N,32,75.91,1.71%,2,ND0228 - US 301 NB AT HYETTS CORNER,12585.1,2019-01-29 08:27:00-05,
2024-08-01 20:15:00-04,ND0228,N,53,76.55,2.31%,2,ND0228 - US 301 NB AT HYETTS CORNER,12585.1,2019-01-29 08:27:00-05,
2024-08-01 20:20:00-04,ND0228,N,41,77.29,1.81%,2,ND0228 - US 301 NB AT HYETTS CORNER,12585.1,2019-01-29 08:27:00-05,
2024-08-01 20:25:00-04,ND0228,N,40,75.59,2.09%,2,ND0228 - US 301 NB AT HYETTS CORNER,12585.1,2019-01-29 08:27:00-05,
2024-08-01 20:30:00-04,ND0228,N,43,74.70,1.84%,2,ND0228 - US 301 NB AT HYETTS CORNER,12585.1,2019-01-29 08:27:00-05,
2024-08-01 20:35:00-04,ND0228,N,36,75.66,1.99%,2,ND0228 - US 301 NB AT HYETTS CORNER,12585.1,2019-01-29 08:27:00-05,
2024-08-01 20:40:00-04,ND0228,N,33,73.03,1.68%,2,ND0228 - US 301 NB AT HYETTS CORNER,12585.1,2019-01-29 08:27:00-05,
2024-08-01 20:45:00-04,ND0228,N,45,70.14,2.49%,2,ND0228 - US 301 NB AT HYETTS CORNER,12585.1,2019-01-29 08:27:00-05,
2024-08-01 20:50:00-04,ND0228,N,24,74.06,1.08%,2,ND0228 - US 301 NB AT HYETTS CORNER,12585.1,2019-01-29 08:27:00-05,
2024-08-01 20:55:00-04,ND0228,N,33,69.73,1.94%,2,ND0228 - US 301 NB AT HYETTS CORNER,12585.1,2019-01-29 08:27:00-05,
2024-08-01 21:00:00-04,ND0228,N,23,70.52,1.21%,2,ND0228 - US 301 NB AT HYETTS CORNER,12585.1,2019-01-29 08:27:00-05,
2024-08-01 21:05:00-04,ND0228,N,19,71.00,1.15%,2,ND0228 - US 301 NB AT HYETTS CORNER,12585.1,2019-01-29 08:27:00-05,
2024-08-01 21:10:00-04,ND0228,N,30,72.39,1.52%,2,ND0228 - US 301 NB AT HYETTS CORNER,12585.1,2019-01-29 08:27:00-05,
2024-08-01 21:15:00-04,ND0228,N,31,73.72,1.50%,2,ND0228 - US 301 NB AT HYETTS CORNER,12585.1,2019-01-29 08:27:00-05,
2024-08-01 21:20:00-04,ND0228,N,30,71.36,1.70%,2,ND0228 - US 301 NB AT HYETTS CORNER,12585.1,2019-01-29 08:27:00-05,
2024-08-01 21:25:00-04,ND0228,N,21,72.08,0.96%,2,ND0228 - US 301 NB AT HYETTS CORNER,12585.1,2019-01-29 08:27:00-05,
2024-08-01 21:30:00-04,ND0228,N,37,69.90,2.16%,2,ND0228 - US 301 NB AT HYETTS CORNER,12585.1,2019-01-29 08:27:00-05,
2024-08-01 21:35:00-04,ND0228,N,33,69.16,2.35%,2,ND0228 - US 301 NB AT HYETTS CORNER,12585.1,2019-01-29 08:27:00-05,
2024-08-01 21:40:00-04,ND0228,N,21,70.01,1.07%,2,ND0228 - US 301 NB AT HYETTS CORNER,12585.1,2019-01-29 08:27:00-05,
2024-08-01 21:45:00-04,ND0228,N,22,69.66,1.32%,2,ND0228 - US 301 NB AT HYETTS CORNER,12585.1,2019-01-29 08:27:00-05,
2024-08-01 21:50:00-04,ND0228,N,26,71.02,1.32%,2,ND0228 - US 301 NB AT HYETTS CORNER,12585.1,2019-01-29 08:27:00-05,
2024-08-01 21:55:00-04,ND0228,N,15,67.24,1.02%,2,ND0228 - US 301 NB AT HYETTS CORNER,12585.1,2019-01-29 08:27:00-05,
2024-08-01 22:00:00-04,ND0228,N,17,71.10,1.14%,2,ND0228 - US 301 NB AT HYETTS CORNER,12585.1,2019-01-29 08:27:00-05,
2024-08-01 22:05:00-04,ND0228,N,18,71.81,1.13%,2,ND0228 - US 301 NB AT HYETTS CORNER,12585.1,2019-01-29 08:27:00-05,
2024-08-01 22:10:00-04,ND0228,N,11,71.55,0.54%,2,ND0228 - US 301 NB AT HYETTS CORNER,12585.1,2019-01-29 08:27:00-05,
2024-08-01 22:15:00-04,ND0228,N,16,70.76,0.81%,2,ND0228 - US 301 NB AT HYETTS CORNER,12585.1,2019-01-29 08:27:00-05,
2024-08-01 22:20:00-04,ND0228,N,14,72.29,0.75%,2,ND0228 - US 301 NB AT HYETTS CORNER,12585.1,2019-01-29 08:27:00-05,
2024-08-01 22:25:00-04,ND0228,N,18,69.14,1.36%,2,ND0228 - US 301 NB AT HYETTS CORNER,12585.1,2019-01-29 08:27:00-05,
2024-08-01 22:30:00-04,ND0228,N,17,70.53,1.20%,2,ND0228 - US 301 NB AT HYETTS CORNER,12585.1,2019-01-29 08:27:00-05,
2024-08-01 22:35:00-04,ND0228,N,8,76.94,0.49%,2,ND0228 - US 301 NB AT HYETTS CORNER,12585.1,2019-01-29 08:27:00-05,
2024-08-01 22:40:00-04,ND0228,N,12,75.37,0.63%,2,ND0228 - US 301 NB AT HYETTS CORNER,12585.1,2019-01-29 08:27:00-05,
2024-08-01 22:45:00-04,ND0228,N,21,73.10,1.14%,2,ND0228 - US 301 NB AT HYETTS CORNER,12585.1,2019-01-29 08:27:00-05,
2024-08-01 22:50:00-04,ND0228,N,13,70.20,1.23%,2,ND0228 - US 301 NB AT HYETTS CORNER,12585.1,2019-01-29 08:27:00-05,
2024-08-01 22:55:00-04,ND0228,N,8,74.14,0.68%,1,ND0228 - US 301 NB AT HYETTS CORNER,12585.1,2019-01-29 08:27:00-05,
2024-08-01 23:00:00-04,ND0228,N,10,71.34,0.54%,2,ND0228 - US 301 NB AT HYETTS CORNER,12585.1,2019-01-29 08:27:00-05,
2024-08-01 23:05:00-04,ND0228,N,14,68.29,0.99%,2,ND0228 - US 301 NB AT HYETTS CORNER,12585.1,2019-01-29 08:27:00-05,
2024-08-01 23:10:00-04,ND0228,N,10,75.95,0.75%,2,ND0228 - US 301 NB AT HYETTS CORNER,12585.1,2019-01-29 08:27:00-05,
2024-08-01 23:15:00-04,ND0228,N,10,67.60,1.03%,2,ND0228 - US 301 NB AT HYETTS CORNER,12585.1,2019-01-29 08:27:00-05,
2024-08-01 23:20:00-04,ND0228,N,12,70.94,1.41%,2,ND0228 - US 301 NB AT HYETTS CORNER,12585.1,2019-01-29 08:27:00-05,
2024-08-01 23:25:00-04,ND0228,N,7,65.44,0.56%,2,ND0228 - US 301 NB AT HYETTS CORNER,12585.1,2019-01-29 08:27:00-05,
2024-08-01 23:30:00-04,ND0228,N,7,70.21,0.67%,2,ND0228 - US 301 NB AT HYETTS CORNER,12585.1,2019-01-29 08:27:00-05,
2024-08-01 23:35:00-04,ND0228,N,12,67.85,1.02%,2,ND0228 - US 301 NB AT HYETTS CORNER,12585.1,2019-01-29 08:27:00-05,
2024-08-01 23:40:00-04,ND0228,N,7,69.41,0.49%,2,ND0228 - US 301 NB AT HYETTS CORNER,12585.1,2019-01-29 08:27:00-05,
2024-08-01 23:45:00-04,ND0228,N,3,71.98,0.43%,1,ND0228 - US 301 NB AT HYETTS CORNER,12585.1,2019-01-29 08:27:00-05,
2024-08-01 23:50:00-04,ND0228,N,5,71.44,0.36%,2,ND0228 - US 301 NB AT HYETTS CORNER,12585.1,2019-01-29 08:27:00-05,
2024-08-01 23:55:00-04,ND0228,N,4,71.39,0.28%,1,ND0228 - US 301 NB AT HYETTS CORNER,12585.1,2019-01-29 08:27:00-05,
2024-08-02 00:00:00-04,ND0228,N,8,73.61,0.81%,2,ND0228 - US 301 NB AT HYETTS CORNER,12585.1,2019-01-29 08:27:00-05,
2024-08-02 00:10:00-04,ND0228,N,6,71.75,1.06%,1,ND0228 - US 301 NB AT HYETTS CORNER,12585.1,2019-01-29 08:27:00-05,
2024-08-02 00:15:00-04,ND0228,N,6,72.70,0.43%,2,ND0228 - US 301 NB AT HYETTS CORNER,12585.1,2019-01-29 08:27:00-05,
2024-08-02 00:20:00-04,ND0228,N,6,68.29,0.56%,2,ND0228 - US 301 NB AT HYETTS CORNER,12585.1,2019-01-29 08:27:00-05,
2024-08-02 00:25:00-04,ND0228,N,7,71.12,0.55%,2,ND0228 - US 301 NB AT HYETTS CORNER,12585.1,2019-01-29 08:27:00-05,
2024-08-02 00:30:00-04,ND0228,N,8,66.02,0.57%,2,ND0228 - US 301 NB AT HYETTS CORNER,12585.1,2019-01-29 08:27:00-05,
2024-08-02 00:35:00-04,ND0228,N,3,71.78,0.19%,2,ND0228 - US 301 NB AT HYETTS CORNER,12585.1,2019-01-29 08:27:00-05,
2024-08-02 00:40:00-04,ND0228,N,4,70.33,0.34%,2,ND0228 - US 301 NB AT HYETTS CORNER,12585.1,2019-01-29 08:27:00-05,
2024-08-02 00:45:00-04,ND0228,N,4,68.81,0.29%,2,ND0228 - US 301 NB AT HYETTS CORNER,12585.1,2019-01-29 08:27:00-05,
2024-08-02 00:50:00-04,ND0228,N,7,67.76,1.73%,1,ND0228 - US 301 NB AT HYETTS CORNER,12585.1,2019-01-29 08:27:00-05,
2024-08-02 00:55:00-04,ND0228,N,14,72.26,1.12%,2,ND0228 - US 301 NB AT HYETTS CORNER,12585.1,2019-01-29 08:27:00-05,
2024-08-02 01:05:00-04,ND0228,N,3,68.19,0.11%,2,ND0228 - US 301 NB AT HYETTS CORNER,12585.1,2019-01-29 08:27:00-05,
2024-08-02 01:10:00-04,ND0228,N,5,67.73,0.91%,1,ND0228 - US 301 NB AT HYETTS CORNER,12585.1,2019-01-29 08:27:00-05,
2024-08-02 01:15:00-04,ND0228,N,7,70.18,0.49%,2,ND0228 - US 301 NB AT HYETTS CORNER,12585.1,2019-01-29 08:27:00-05,
2024-08-02 01:20:00-04,ND0228,N,6,74.26,0.50%,2,ND0228 - US 301 NB AT HYETTS CORNER,12585.1,2019-01-29 08:27:00-05,
2024-08-02 01:25:00-04,ND0228,N,5,71.37,0.41%,2,ND0228 - US 301 NB AT HYETTS CORNER,12585.1,2019-01-29 08:27:00-05,
2024-08-02 01:30:00-04,ND0228,N,3,68.21,0.23%,2,ND0228 - US 301 NB AT HYETTS CORNER,12585.1,2019-01-29 08:27:00-05,
2024-08-02 01:35:00-04,ND0228,N,4,69.83,0.69%,1,ND0228 - US 301 NB AT HYETTS CORNER,12585.1,2019-01-29 08:27:00-05,
2024-08-02 01:40:00-04,ND0228,N,5,70.93,0.78%,1,ND0228 - US 301 NB AT HYETTS CORNER,12585.1,2019-01-29 08:27:00-05,
2024-08-02 01:45:00-04,ND0228,N,1,70.98,0.07%,1,ND0228 - US 301 NB AT HYETTS CORNER,12585.1,2019-01-29 08:27:00-05,
2024-08-02 01:50:00-04,ND0228,N,6,73.20,0.44%,2,ND0228 - US 301 NB AT HYETTS CORNER,12585.1,2019-01-29 08:27:00-05,
2024-08-02 01:55:00-04,ND0228,N,7,66.83,0.88%,2,ND0228 - US 301 NB AT HYETTS CORNER,12585.1,2019-01-29 08:27:00-05,
2024-08-02 02:00:00-04,ND0228,N,2,69.77,0.35%,1,ND0228 - US 301 NB AT HYETTS CORNER,12585.1,2019-01-29 08:27:00-05,
2024-08-02 02:05:00-04,ND0228,N,4,65.84,0.69%,1,ND0228 - US 301 NB AT HYETTS CORNER,12585.1,2019-01-29 08:27:00-05,
2024-08-02 02:10:00-04,ND0228,N,2,71.01,0.41%,1,ND0228 - US 301 NB AT HYETTS CORNER,12585.1,2019-01-29 08:27:00-05,
2024-08-02 02:15:00-04,ND0228,N,4,64.95,0.49%,2,ND0228 - US 301 NB AT HYETTS CORNER,12585.1,2019-01-29 08:27:00-05,
2024-08-02 02:20:00-04,ND0228,N,5,68.75,0.51%,2,ND0228 - US 301 NB AT HYETTS CORNER,12585.1,2019-01-29 08:27:00-05,
2024-08-02 02:25:00-04,ND0228,N,11,73.02,0.96%,2,ND0228 - US 301 NB AT HYETTS CORNER,12585.1,2019-01-29 08:27:00-05,
2024-08-02 02:30:00-04,ND0228,N,4,74.79,0.33%,2,ND0228 - US 301 NB AT HYETTS CORNER,12585.1,2019-01-29 08:27:00-05,
2024-08-02 02:35:00-04,ND0228,N,5,67.17,0.54%,2,ND0228 - US 301 NB AT HYETTS CORNER,12585.1,2019-01-29 08:27:00-05,
2024-08-02 02:40:00-04,ND0228,N,5,65.44,0.42%,2,ND0228 - US 301 NB AT HYETTS CORNER,12585.1,2019-01-29 08:27:00-05,
2024-08-02 02:45:00-04,ND0228,N,17,70.80,1.32%,2,ND0228 - US 301 NB AT HYETTS CORNER,12585.1,2019-01-29 08:27:00-05,
2024-08-02 02:50:00-04,ND0228,N,4,69.21,0.75%,1,ND0228 - US 301 NB AT HYETTS CORNER,12585.1,2019-01-29 08:27:00-05,
2024-08-02 02:55:00-04,ND0228,N,7,77.07,0.58%,2,ND0228 - US 301 NB AT HYETTS CORNER,12585.1,2019-01-29 08:27:00-05,
2024-08-02 03:00:00-04,ND0228,N,3,68.28,0.65%,1,ND0228 - US 301 NB AT HYETTS CORNER,12585.1,2019-01-29 08:27:00-05,
2024-08-02 03:05:00-04,ND0228,N,5,72.17,0.41%,2,ND0228 - US 301 NB AT HYETTS CORNER,12585.1,2019-01-29 08:27:00-05,
2024-08-02 03:10:00-04,ND0228,N,5,73.86,0.41%,2,ND0228 - US 301 NB AT HYETTS CORNER,12585.1,2019-01-29 08:27:00-05,
2024-08-02 03:15:00-04,ND0228,N,6,75.98,0.37%,2,ND0228 - US 301 NB AT HYETTS CORNER,12585.1,2019-01-29 08:27:00-05,
2024-08-02 03:20:00-04,ND0228,N,7,66.48,0.81%,2,ND0228 - US 301 NB AT HYETTS CORNER,12585.1,2019-01-29 08:27:00-05,
2024-08-02 03:25:00-04,ND0228,N,8,66.41,1.59%,1,ND0228 - US 301 NB AT HYETTS CORNER,12585.1,2019-01-29 08:27:00-05,
2024-08-02 03:30:00-04,ND0228,N,8,71.54,0.79%,2,ND0228 - US 301 NB AT HYETTS CORNER,12585.1,2019-01-29 08:27:00-05,
2024-08-02 03:35:00-04,ND0228,N,5,71.11,0.26%,2,ND0228 - US 301 NB AT HYETTS CORNER,12585.1,2019-01-29 08:27:00-05,
2024-08-02 03:40:00-04,ND0228,N,10,70.77,0.67%,2,ND0228 - US 301 NB AT HYETTS CORNER,12585.1,2019-01-29 08:27:00-05,
2024-08-02 03:45:00-04,ND0228,N,4,72.58,0.33%,2,ND0228 - US 301 NB AT HYETTS CORNER,12585.1,2019-01-29 08:27:00-05,
2024-08-02 03:50:00-04,ND0228,N,5,68.46,1.19%,1,ND0228 - US 301 NB AT HYETTS CORNER,12585.1,2019-01-29 08:27:00-05,
2024-08-02 03:55:00-04,ND0228,N,9,72.11,0.56%,2,ND0228 - US 301 NB AT HYETTS CORNER,12585.1,2019-01-29 08:27:00-05,
2024-08-02 04:00:00-04,ND0228,N,9,73.68,0.45%,2,ND0228 - US 301 NB AT HYETTS CORNER,12585.1,2019-01-29 08:27:00-05,
2024-08-02 04:05:00-04,ND0228,N,13,74.13,0.89%,2,ND0228 - US 301 NB AT HYETTS CORNER,12585.1,2019-01-29 08:27:00-05,
2024-08-02 04:10:00-04,ND0228,N,7,75.15,0.45%,2,ND0228 - US 301 NB AT HYETTS CORNER,12585.1,2019-01-29 08:27:00-05,
2024-08-02 04:15:00-04,ND0228,N,10,73.15,0.89%,2,ND0228 - US 301 NB AT HYETTS CORNER,12585.1,2019-01-29 08:27:00-05,
2024-08-02 04:20:00-04,ND0228,N,8,74.97,0.46%,2,ND0228 - US 301 NB AT HYETTS CORNER,12585.1,2019-01-29 08:27:00-05,
2024-08-02 04:25:00-04,ND0228,N,15,69.03,1.08%,2,ND0228 - US 301 NB AT HYETTS CORNER,12585.1,2019-01-29 08:27:00-05,
2024-08-02 04:30:00-04,ND0228,N,13,71.66,0.80%,2,ND0228 - US 301 NB AT HYETTS CORNER,12585.1,2019-01-29 08:27:00-05,
2024-08-02 04:35:00-04,ND0228,N,13,72.81,1.32%,2,ND0228 - US 301 NB AT HYETTS CORNER,12585.1,2019-01-29 08:27:00-05,
2024-08-02 04:40:00-04,ND0228,N,10,71.02,0.56%,2,ND0228 - US 301 NB AT HYETTS CORNER,12585.1,2019-01-29 08:27:00-05,
2024-08-02 04:45:00-04,ND0228,N,13,72.00,0.79%,2,ND0228 - US 301 NB AT HYETTS CORNER,12585.1,2019-01-29 08:27:00-05,
2024-08-02 04:50:00-04,ND0228,N,8,71.77,0.62%,2,ND0228 - US 301 NB AT HYETTS CORNER,12585.1,2019-01-29 08:27:00-05,
2024-08-02 04:55:00-04,ND0228,N,12,75.33,0.71%,2,ND0228 - US 301 NB AT HYETTS CORNER,12585.1,2019-01-29 08:27:00-05,
2024-08-02 05:00:00-04,ND0228,N,15,73.44,0.79%,2,ND0228 - US 301 NB AT HYETTS CORNER,12585.1,2019-01-29 08:27:00-05,
2024-08-02 05:05:00-04,ND0228,N,15,75.43,0.90%,2,ND0228 - US 301 NB AT HYETTS CORNER,12585.1,2019-01-29 08:27:00-05,
2024-08-02 05:10:00-04,ND0228,N,23,72.96,1.27%,2,ND0228 - US 301 NB AT HYETTS CORNER,12585.1,2019-01-29 08:27:00-05,
2024-08-02 05:15:00-04,ND0228,N,22,71.88,1.34%,2,ND0228 - US 301 NB AT HYETTS CORNER,12585.1,2019-01-29 08:27:00-05,
2024-08-02 05:20:00-04,ND0228,N,27,74.49,1.60%,2,ND0228 - US 301 NB AT HYETTS CORNER,12585.1,2019-01-29 08:27:00-05,
2024-08-02 05:25:00-04,ND0228,N,22,74.00,0.94%,2,ND0228 - US 301 NB AT HYETTS CORNER,12585.1,2019-01-29 08:27:00-05,
2024-08-02 05:30:00-04,ND0228,N,28,76.80,1.30%,2,ND0228 - US 301 NB AT HYETTS CORNER,12585.1,2019-01-29 08:27:00-05,
2024-08-02 05:35:00-04,ND0228,N,14,75.28,0.88%,2,ND0228 - US 301 NB AT HYETTS CORNER,12585.1,2019-01-29 08:27:00-05,
2024-08-02 05:40:00-04,ND0228,N,16,73.11,0.60%,2,ND0228 - US 301 NB AT HYETTS CORNER,12585.1,2019-01-29 08:27:00-05,
2024-08-02 05:45:00-04,ND0228,N,35,75.08,1.70%,2,ND0228 - US 301 NB AT HYETTS CORNER,12585.1,2019-01-29 08:27:00-05,
2024-08-02 05:50:00-04,ND0228,N,28,75.78,1.03%,2,ND0228 - US 301 NB AT HYETTS CORNER,12585.1,2019-01-29 08:27:00-05,
2024-08-02 05:55:00-04,ND0228,N,31,78.13,1.38%,2,ND0228 - US 301 NB AT HYETTS CORNER,12585.1,2019-01-29 08:27:00-05,
2024-08-02 06:00:00-04,ND0228,N,26,76.47,1.24%,2,ND0228 - US 301 NB AT HYETTS CORNER,12585.1,2019-01-29 08:27:00-05,
2024-08-02 06:05:00-04,ND0228,N,44,75.46,1.78%,2,ND0228 - US 301 NB AT HYETTS CORNER,12585.1,2019-01-29 08:27:00-05,
2024-08-02 06:10:00-04,ND0228,N,33,76.08,1.55%,2,ND0228 - US 301 NB AT HYETTS CORNER,12585.1,2019-01-29 08:27:00-05,
2024-08-02 06:30:00-04,ND0228,N,61,74.87,2.55%,2,ND0228 - US 301 NB AT HYETTS CORNER,12585.1,2019-01-29 08:27:00-05,
2024-08-02 06:35:00-04,ND0228,N,57,78.66,2.25%,2,ND0228 - US 301 NB AT HYETTS CORNER,12585.1,2019-01-29 08:27:00-05,
2024-08-02 06:40:00-04,ND0228,N,62,76.12,2.46%,2,ND0228 - US 301 NB AT HYETTS CORNER,12585.1,2019-01-29 08:27:00-05,
2024-08-02 06:45:00-04,ND0228,N,58,77.29,2.46%,2,ND0228 - US 301 NB AT HYETTS CORNER,12585.1,2019-01-29 08:27:00-05,
2024-08-02 06:50:00-04,ND0228,N,52,78.05,2.00%,2,ND0228 - US 301 NB AT HYETTS CORNER,12585.1,2019-01-29 08:27:00-05,
2024-08-02 06:55:00-04,ND0228,N,57,75.83,2.80%,2,ND0228 - US 301 NB AT HYETTS CORNER,12585.1,2019-01-29 08:27:00-05,
2024-08-02 07:00:00-04,ND0228,N,57,77.17,2.31%,2,ND0228 - US 301 NB AT HYETTS CORNER,12585.1,2019-01-29 08:27:00-05,
2024-08-02 07:05:00-04,ND0228,N,46,77.75,1.72%,2,ND0228 - US 301 NB AT HYETTS CORNER,12585.1,2019-01-29 08:27:00-05,
2024-08-02 07:10:00-04,ND0228,N,52,77.67,2.16%,2,ND0228 - US 301 NB AT HYETTS CORNER,12585.1,2019-01-29 08:27:00-05,
2024-08-02 07:15:00-04,ND0228,N,57,77.18,2.13%,2,ND0228 - US 301 NB AT HYETTS CORNER,12585.1,2019-01-29 08:27:00-05,
2024-08-02 07:20:00-04,ND0228,N,64,76.70,2.86%,2,ND0228 - US 301 NB AT HYETTS CORNER,12585.1,2019-01-29 08:27:00-05,
2024-08-02 07:25:00-04,ND0228,N,73,76.77,2.83%,2,ND0228 - US 301 NB AT HYETTS CORNER,12585.1,2019-01-29 08:27:00-05,
2024-08-02 07:30:00-04,ND0228,N,61,79.26,2.32%,2,ND0228 - US 301 NB AT HYETTS CORNER,12585.1,2019-01-29 08:27:00-05,
2024-08-02 07:35:00-04,ND0228,N,65,77.78,2.78%,2,ND0228 - US 301 NB AT HYETTS CORNER,12585.1,2019-01-29 08:27:00-05,
2024-08-02 07:40:00-04,ND0228,N,61,76.83,2.72%,2,ND0228 - US 301 NB AT HYETTS CORNER,12585.1,2019-01-29 08:27:00-05,
2024-08-02 07:45:00-04,ND0228,N,51,75.05,1.97%,2,ND0228 - US 301 NB AT HYETTS CORNER,12585.1,2019-01-29 08:27:00-05,
2024-08-02 07:50:00-04,ND0228,N,75,75.27,3.11%,2,ND0228 - US 301 NB AT HYETTS CORNER,12585.1,2019-01-29 08:27:00-05,
2024-08-02 07:55:00-04,ND0228,N,63,75.75,2.79%,2,ND0228 - US 301 NB AT HYETTS CORNER,12585.1,2019-01-29 08:27:00-05,
2024-08-02 08:00:00-04,ND0228,N,79,76.47,3.11%,2,ND0228 - US 301 NB AT HYETTS CORNER,12585.1,2019-01-29 08:27:00-05,
2024-08-02 08:05:00-04,ND0228,N,52,75.23,2.27%,2,ND0228 - US 301 NB AT HYETTS CORNER,12585.1,2019-01-29 08:27:00-05,
2024-08-02 08:10:00-04,ND0228,N,54,78.93,2.12%,2,ND0228 - US 301 NB AT HYETTS CORNER,12585.1,2019-01-29 08:27:00-05,
2024-08-02 08:15:00-04,ND0228,N,48,74.04,2.17%,2,ND0228 - US 301 NB AT HYETTS CORNER,12585.1,2019-01-29 08:27:00-05,
2024-08-02 08:20:00-04,ND0228,N,67,75.47,2.65%,2,ND0228 - US 301 NB AT HYETTS CORNER,12585.1,2019-01-29 08:27:00-05,
2024-08-02 08:25:00-04,ND0228,N,54,77.96,2.16%,2,ND0228 - US 301 NB AT HYETTS CORNER,12585.1,2019-01-29 08:27:00-05,
2024-08-02 08:30:00-04,ND0228,N,58,77.70,2.61%,2,ND0228 - US 301 NB AT HYETTS CORNER,12585.1,2019-01-29 08:27:00-05,
2024-08-02 08:35:00-04,ND0228,N,59,76.38,2.20%,2,ND0228 - US 301 NB AT HYETTS CORNER,12585.1,2019-01-29 08:27:00-05,
2024-08-02 08:40:00-04,ND0228,N,74,74.81,3.33%,2,ND0228 - US 301 NB AT HYETTS CORNER,12585.1,2019-01-29 08:27:00-05,
2024-08-02 08:45:00-04,ND0228,N,59,74.57,2.99%,2,ND0228 - US 301 NB AT HYETTS CORNER,12585.1,2019-01-29 08:27:00-05,
2024-08-02 08:50:00-04,ND0228,N,56,76.21,2.41%,2,ND0228 - US 301 NB AT HYETTS CORNER,12585.1,2019-01-29 08:27:00-05,
2024-08-02 08:55:00-04,ND0228,N,61,74.55,2.82%,2,ND0228 - US 301 NB AT HYETTS CORNER,12585.1,2019-01-29 08:27:00-05,
2024-08-02 09:00:00-04,ND0228,N,65,75.00,3.00%,2,ND0228 - US 301 NB AT HYETTS CORNER,12585.1,2019-01-29 08:27:00-05,
2024-08-02 09:05:00-04,ND0228,N,57,75.31,2.72%,2,ND0228 - US 301 NB AT HYETTS CORNER,12585.1,2019-01-29 08:27:00-05,
2024-08-02 09:10:00-04,ND0228,N,60,74.27,2.57%,2,ND0228 - US 301 NB AT HYETTS CORNER,12585.1,2019-01-29 08:27:00-05,
2024-08-02 09:15:00-04,ND0228,N,69,73.93,3.25%,2,ND0228 - US 301 NB AT HYETTS CORNER,12585.1,2019-01-29 08:27:00-05,
2024-08-02 09:20:00-04,ND0228,N,61,72.54,3.04%,2,ND0228 - US 301 NB AT HYETTS CORNER,12585.1,2019-01-29 08:27:00-05,
2024-08-02 09:25:00-04,ND0228,N,50,75.80,1.95%,2,ND0228 - US 301 NB AT HYETTS CORNER,12585.1,2019-01-29 08:27:00-05,
2024-08-02 09:30:00-04,ND0228,N,71,74.07,3.17%,2,ND0228 - US 301 NB AT HYETTS CORNER,12585.1,2019-01-29 08:27:00-05,
2024-08-02 09:35:00-04,ND0228,N,57,73.73,3.09%,2,ND0228 - US 301 NB AT HYETTS CORNER,12585.1,2019-01-29 08:27:00-05,
2024-08-02 09:40:00-04,ND0228,N,63,77.41,2.39%,2,ND0228 - US 301 NB AT HYETTS CORNER,12585.1,2019-01-29 08:27:00-05,
2024-08-02 09:45:00-04,ND0228,N,63,75.48,2.80%,2,ND0228 - US 301 NB AT HYETTS CORNER,12585.1,2019-01-29 08:27:00-05,
2024-08-02 09:50:00-04,ND0228,N,52,74.62,2.63%,2,ND0228 - US 301 NB AT HYETTS CORNER,12585.1,2019-01-29 08:27:00-05,
2024-08-02 09:55:00-04,ND0228,N,58,75.43,2.80%,2,ND0228 - US 301 NB AT HYETTS CORNER,12585.1,2019-01-29 08:27:00-05,
2024-08-02 10:00:00-04,ND0228,N,62,75.04,2.86%,2,ND0228 - US 301 NB AT HYETTS CORNER,12585.1,2019-01-29 08:27:00-05,
2024-08-02 10:05:00-04,ND0228,N,56,72.23,3.32%,2,ND0228 - US 301 NB AT HYETTS CORNER,12585.1,2019-01-29 08:27:00-05,
2024-08-02 10:10:00-04,ND0228,N,61,74.10,2.82%,2,ND0228 - US 301 NB AT HYETTS CORNER,12585.1,2019-01-29 08:27:00-05,
2024-08-02 10:15:00-04,ND0228,N,75,76.89,3.47%,2,ND0228 - US 301 NB AT HYETTS CORNER,12585.1,2019-01-29 08:27:00-05,
2024-08-02 10:20:00-04,ND0228,N,65,75.51,3.11%,2,ND0228 - US 301 NB AT HYETTS CORNER,12585.1,2019-01-29 08:27:00-05,
2024-08-02 10:25:00-04,ND0228,N,68,72.99,3.37%,2,ND0228 - US 301 NB AT HYETTS CORNER,12585.1,2019-01-29 08:27:00-05,
2024-08-02 10:30:00-04,ND0228,N,73,73.17,3.20%,2,ND0228 - US 301 NB AT HYETTS CORNER,12585.1,2019-01-29 08:27:00-05,
2024-08-02 10:35:00-04,ND0228,N,53,73.95,2.31%,2,ND0228 - US 301 NB AT HYETTS CORNER,12585.1,2019-01-29 08:27:00-05,
2024-08-02 10:40:00-04,ND0228,N,58,74.44,2.85%,2,ND0228 - US 301 NB AT HYETTS CORNER,12585.1,2019-01-29 08:27:00-05,
2024-08-02 10:45:00-04,ND0228,N,61,75.08,2.51%,2,ND0228 - US 301 NB AT HYETTS CORNER,12585.1,2019-01-29 08:27:00-05,
2024-08-02 10:50:00-04,ND0228,N,78,73.53,3.40%,2,ND0228 - US 301 NB AT HYETTS CORNER,12585.1,2019-01-29 08:27:00-05,
2024-08-02 10:55:00-04,ND0228,N,61,75.97,2.66%,2,ND0228 - US 301 NB AT HYETTS CORNER,12585.1,2019-01-29 08:27:00-05,
2024-08-02 11:00:00-04,ND0228,N,54,74.41,2.37%,2,ND0228 - US 301 NB AT HYETTS CORNER,12585.1,2019-01-29 08:27:00-05,
2024-08-02 11:05:00-04,ND0228,N,62,74.21,2.63%,2,ND0228 - US 301 NB AT HYETTS CORNER,12585.1,2019-01-29 08:27:00-05,
2024-08-02 11:10:00-04,ND0228,N,55,73.25,2.88%,2,ND0228 - US 301 NB AT HYETTS CORNER,12585.1,2019-01-29 08:27:00-05,
2024-08-02 11:15:00-04,ND0228,N,56,73.71,2.63%,2,ND0228 - US 301 NB AT HYETTS CORNER,12585.1,2019-01-29 08:27:00-05,
2024-08-02 11:20:00-04,ND0228,N,71,74.40,3.21%,2,ND0228 - US 301 NB AT HYETTS CORNER,12585.1,2019-01-29 08:27:00-05,
2024-08-02 11:25:00-04,ND0228,N,65,74.82,2.94%,2,ND0228 - US 301 NB AT HYETTS CORNER,12585.1,2019-01-29 08:27:00-05,
2024-08-02 11:30:00-04,ND0228,N,58,75.82,2.44%,2,ND0228 - US 301 NB AT HYETTS CORNER,12585.1,2019-01-29 08:27:00-05,
2024-08-02 11:35:00-04,ND0228,N,81,74.33,3.40%,2,ND0228 - US 301 NB AT HYETTS CORNER,12585.1,2019-01-29 08:27:00-05,
2024-08-02 11:40:00-04,ND0228,N,66,74.79,2.90%,2,ND0228 - US 301 NB AT HYETTS CORNER,12585.1,2019-01-29 08:27:00-05,
2024-08-02 11:45:00-04,ND0228,N,77,74.51,3.25%,2,ND0228 - US 301 NB AT HYETTS CORNER,12585.1,2019-01-29 08:27:00-05,
2024-08-02 11:50:00-04,ND0228,N,66,75.12,2.80%,2,ND0228 - US 301 NB AT HYETTS CORNER,12585.1,2019-01-29 08:27:00-05,
2024-08-02 11:55:00-04,ND0228,N,62,74.70,2.50%,2,ND0228 - US 301 NB AT HYETTS CORNER,12585.1,2019-01-29 08:27:00-05,
2024-08-02 12:00:00-04,ND0228,N,73,75.94,2.86%,2,ND0228 - US 301 NB AT HYETTS CORNER,12585.1,2019-01-29 08:27:00-05,
2024-08-02 12:05:00-04,ND0228,N,57,74.58,2.20%,2,ND0228 - US 301 NB AT HYETTS CORNER,12585.1,2019-01-29 08:27:00-05,
2024-08-02 12:10:00-04,ND0228,N,59,75.45,2.29%,2,ND0228 - US 301 NB AT HYETTS CORNER,12585.1,2019-01-29 08:27:00-05,
2024-08-02 12:15:00-04,ND0228,N,87,75.74,3.71%,2,ND0228 - US 301 NB AT HYETTS CORNER,12585.1,2019-01-29 08:27:00-05,
2024-08-02 12:20:00-04,ND0228,N,72,74.17,3.06%,2,ND0228 - US 301 NB AT HYETTS CORNER,12585.1,2019-01-29 08:27:00-05,
2024-08-02 12:25:00-04,ND0228,N,78,73.63,3.51%,2,ND0228 - US 301 NB AT HYETTS CORNER,12585.1,2019-01-29 08:27:00-05,
2024-08-02 12:30:00-04,ND0228,N,74,75.88,3.39%,2,ND0228 - US 301 NB AT HYETTS CORNER,12585.1,2019-01-29 08:27:00-05,
2024-08-02 12:35:00-04,ND0228,N,70,75.80,3.07%,2,ND0228 - US 301 NB AT HYETTS CORNER,12585.1,2019-01-29 08:27:00-05,
2024-08-02 12:40:00-04,ND0228,N,72,75.59,3.55%,2,ND0228 - US 301 NB AT HYETTS CORNER,12585.1,2019-01-29 08:27:00-05,
2024-08-02 12:45:00-04,ND0228,N,72,74.48,3.10%,2,ND0228 - US 301 NB AT HYETTS CORNER,12585.1,2019-01-29 08:27:00-05,
2024-08-02 12:50:00-04,ND0228,N,84,76.00,3.78%,2,ND0228 - US 301 NB AT HYETTS CORNER,12585.1,2019-01-29 08:27:00-05,
2024-08-02 12:55:00-04,ND0228,N,60,76.54,2.37%,2,ND0228 - US 301 NB AT HYETTS CORNER,12585.1,2019-01-29 08:27:00-05,
2024-08-02 13:00:00-04,ND0228,N,66,76.07,2.98%,2,ND0228 - US 301 NB AT HYETTS CORNER,12585.1,2019-01-29 08:27:00-05,
2024-08-02 13:05:00-04,ND0228,N,51,75.40,2.19%,2,ND0228 - US 301 NB AT HYETTS CORNER,12585.1,2019-01-29 08:27:00-05,
2024-08-02 13:10:00-04,ND0228,N,63,75.22,2.61%,2,ND0228 - US 301 NB AT HYETTS CORNER,12585.1,2019-01-29 08:27:00-05,
2024-08-02 13:15:00-04,ND0228,N,74,74.89,3.31%,2,ND0228 - US 301 NB AT HYETTS CORNER,12585.1,2019-01-29 08:27:00-05,
2024-08-02 13:20:00-04,ND0228,N,61,75.39,2.44%,2,ND0228 - US 301 NB AT HYETTS CORNER,12585.1,2019-01-29 08:27:00-05,
2024-08-02 13:25:00-04,ND0228,N,68,74.69,3.02%,2,ND0228 - US 301 NB AT HYETTS CORNER,12585.1,2019-01-29 08:27:00-05,
2024-08-02 13:30:00-04,ND0228,N,66,73.95,3.04%,2,ND0228 - US 301 NB AT HYETTS CORNER,12585.1,2019-01-29 08:27:00-05,
2024-08-02 13:35:00-04,ND0228,N,83,75.29,3.51%,2,ND0228 - US 301 NB AT HYETTS CORNER,12585.1,2019-01-29 08:27:00-05,
2024-08-02 13:40:00-04,ND0228,N,68,75.62,2.67%,2,ND0228 - US 301 NB AT HYETTS CORNER,12585.1,2019-01-29 08:27:00-05,
2024-08-02 13:45:00-04,ND0228,N,69,75.46,3.27%,2,ND0228 - US 301 NB AT HYETTS CORNER,12585.1,2019-01-29 08:27:00-05,
2024-08-02 13:50:00-04,ND0228,N,67,75.13,2.92%,2,ND0228 - US 301 NB AT HYETTS CORNER,12585.1,2019-01-29 08:27:00-05,
2024-08-02 13:55:00-04,ND0228,N,67,73.92,2.92%,2,ND0228 - US 301 NB AT HYETTS CORNER,12585.1,2019-01-29 08:27:00-05,
2024-08-02 14:00:00-04,ND0228,N,70,75.67,2.79%,2,ND0228 - US 301 NB AT HYETTS CORNER,12585.1,2019-01-29 08:27:00-05,
2024-08-02 14:05:00-04,ND0228,N,84,75.19,3.46%,2,ND0228 - US 301 NB AT HYETTS CORNER,12585.1,2019-01-29 08:27:00-05,
2024-08-02 14:10:00-04,ND0228,N,71,75.44,3.12%,2,ND0228 - US 301 NB AT HYETTS CORNER,12585.1,2019-01-29 08:27:00-05,
2024-08-02 14:15:00-04,ND0228,N,84,75.78,3.50%,2,ND0228 - US 301 NB AT HYETTS CORNER,12585.1,2019-01-29 08:27:00-05,
2024-08-02 14:20:00-04,ND0228,N,87,75.81,3.53%,2,ND0228 - US 301 NB AT HYETTS CORNER,12585.1,2019-01-29 08:27:00-05,
2024-08-02 14:25:00-04,ND0228,N,59,74.96,2.42%,2,ND0228 - US 301 NB AT HYETTS CORNER,12585.1,2019-01-29 08:27:00-05,
2024-08-02 14:30:00-04,ND0228,N,57,75.90,2.33%,2,ND0228 - US 301 NB AT HYETTS CORNER,12585.1,2019-01-29 08:27:00-05,
2024-08-02 14:35:00-04,ND0228,N,70,76.21,2.72%,2,ND0228 - US 301 NB AT HYETTS CORNER,12585.1,2019-01-29 08:27:00-05,
2024-08-02 14:40:00-04,ND0228,N,88,74.37,3.79%,2,ND0228 - US 301 NB AT HYETTS CORNER,12585.1,2019-01-29 08:27:00-05,
2024-08-02 14:45:00-04,ND0228,N,66,76.21,2.59%,2,ND0228 - US 301 NB AT HYETTS CORNER,12585.1,2019-01-29 08:27:00-05,
2024-08-02 14:50:00-04,ND0228,N,75,74.79,2.87%,2,ND0228 - US 301 NB AT HYETTS CORNER,12585.1,2019-01-29 08:27:00-05,
2024-08-02 14:55:00-04,ND0228,N,71,75.05,3.11%,2,ND0228 - US 301 NB AT HYETTS CORNER,12585.1,2019-01-29 08:27:00-05,
2024-08-02 15:00:00-04,ND0228,N,53,75.22,2.03%,2,ND0228 - US 301 NB AT HYETTS CORNER,12585.1,2019-01-29 08:27:00-05,
2024-08-02 15:05:00-04,ND0228,N,67,74.98,2.60%,2,ND0228 - US 301 NB AT HYETTS CORNER,12585.1,2019-01-29 08:27:00-05,
2024-08-02 15:10:00-04,ND0228,N,84,77.15,3.14%,2,ND0228 - US 301 NB AT HYETTS CORNER,12585.1,2019-01-29 08:27:00-05,
2024-08-02 15:15:00-04,ND0228,N,71,74.73,2.97%,2,ND0228 - US 301 NB AT HYETTS CORNER,12585.1,2019-01-29 08:27:00-05,
2024-08-02 15:20:00-04,ND0228,N,94,76.42,3.71%,2,ND0228 - US 301 NB AT HYETTS CORNER,12585.1,2019-01-29 08:27:00-05,
2024-08-02 15:25:00-04,ND0228,N,68,76.74,2.70%,2,ND0228 - US 301 NB AT HYETTS CORNER,12585.1,2019-01-29 08:27:00-05,
2024-08-02 15:30:00-04,ND0228,N,62,79.38,2.44%,2,ND0228 - US 301 NB AT HYETTS CORNER,12585.1,2019-01-29 08:27:00-05,
2024-08-02 15:35:00-04,ND0228,N,58,75.43,2.95%,2,ND0228 - US 301 NB AT HYETTS CORNER,12585.1,2019-01-29 08:27:00-05,
2024-08-02 15:40:00-04,ND0228,N,52,76.61,2.14%,2,ND0228 - US 301 NB AT HYETTS CORNER,12585.1,2019-01-29 08:27:00-05,
2024-08-02 15:45:00-04,ND0228,N,54,77.40,2.08%,2,ND0228 - US 301 NB AT HYETTS CORNER,12585.1,2019-01-29 08:27:00-05,
2024-08-02 15:50:00-04,ND0228,N,61,76.31,2.37%,2,ND0228 - US 301 NB AT HYETTS CORNER,12585.1,2019-01-29 08:27:00-05,
2024-08-02 15:55:00-04,ND0228,N,46,76.00,2.20%,2,ND0228 - US 301 NB AT HYETTS CORNER,12585.1,2019-01-29 08:27:00-05,
2024-08-02 16:00:00-04,ND0228,N,79,76.39,3.33%,2,ND0228 - US 301 NB AT HYETTS CORNER,12585.1,2019-01-29 08:27:00-05,
2024-08-02 16:05:00-04,ND0228,N,67,76.64,2.46%,2,ND0228 - US 301 NB AT HYETTS CORNER,12585.1,2019-01-29 08:27:00-05,
2024-08-02 16:10:00-04,ND0228,N,57,76.30,2.38%,2,ND0228 - US 301 NB AT HYETTS CORNER,12585.1,2019-01-29 08:27:00-05,
2024-08-02 16:15:00-04,ND0228,N,58,76.31,2.33%,2,ND0228 - US 301 NB AT HYETTS CORNER,12585.1,2019-01-29 08:27:00-05,
2024-08-02 16:20:00-04,ND0228,N,81,76.88,2.96%,2,ND0228 - US 301 NB AT HYETTS CORNER,12585.1,2019-01-29 08:27:00-05,
2024-08-02 16:25:00-04,ND0228,N,81,76.84,3.35%,2,ND0228 - US 301 NB AT HYETTS CORNER,12585.1,2019-01-29 08:27:00-05,
2024-08-02 16:30:00-04,ND0228,N,75,76.63,3.13%,2,ND0228 - US 301 NB AT HYETTS CORNER,12585.1,2019-01-29 08:27:00-05,
2024-08-02 16:35:00-04,ND0228,N,74,76.47,3.02%,2,ND0228 - US 301 NB AT HYETTS CORNER,12585.1,2019-01-29 08:27:00-05,
2024-08-02 16:40:00-04,ND0228,N,84,75.69,3.93%,2,ND0228 - US 301 NB AT HYETTS CORNER,12585.1,2019-01-29 08:27:00-05,
2024-08-02 16:45:00-04,ND0228,N,80,75.47,3.43%,2,ND0228 - US 301 NB AT HYETTS CORNER,12585.1,2019-01-29 08:27:00-05,
2024-08-02 16:50:00-04,ND0228,N,75,74.98,3.26%,2,ND0228 - US 301 NB AT HYETTS CORNER,12585.1,2019-01-29 08:27:00-05,
2024-08-02 16:55:00-04,ND0228,N,74,75.63,3.10%,2,ND0228 - US 301 NB AT HYETTS CORNER,12585.1,2019-01-29 08:27:00-05,
2024-08-02 17:00:00-04,ND0228,N,79,75.81,3.17%,2,ND0228 - US 301 NB AT HYETTS CORNER,12585.1,2019-01-29 08:27:00-05,
2024-08-02 17:05:00-04,ND0228,N,74,72.67,3.20%,2,ND0228 - US 301 NB AT HYETTS CORNER,12585.1,2019-01-29 08:27:00-05,
2024-08-02 17:10:00-04,ND0228,N,94,77.46,3.36%,2,ND0228 - US 301 NB AT HYETTS CORNER,12585.1,2019-01-29 08:27:00-05,
2024-08-02 17:15:00-04,ND0228,N,82,77.82,3.00%,2,ND0228 - US 301 NB AT HYETTS CORNER,12585.1,2019-01-29 08:27:00-05,
2024-08-02 17:20:00-04,ND0228,N,94,75.80,3.99%,2,ND0228 - US 301 NB AT HYETTS CORNER,12585.1,2019-01-29 08:27:00-05,
2024-08-02 17:25:00-04,ND0228,N,70,79.32,2.73%,2,ND0228 - US 301 NB AT HYETTS CORNER,12585.1,2019-01-29 08:27:00-05,
2024-08-02 17:30:00-04,ND0228,N,92,75.99,3.59%,2,ND0228 - US 301 NB AT HYETTS CORNER,12585.1,2019-01-29 08:27:00-05,
2024-08-02 17:35:00-04,ND0228,N,71,75.24,2.68%,2,ND0228 - US 301 NB AT HYETTS CORNER,12585.1,2019-01-29 08:27:00-05,
2024-08-02 17:40:00-04,ND0228,N,100,74.95,4.10%,2,ND0228 - US 301 NB AT HYETTS CORNER,12585.1,2019-01-29 08:27:00-05,
2024-08-02 17:45:00-04,ND0228,N,96,76.63,3.61%,2,ND0228 - US 301 NB AT HYETTS CORNER,12585.1,2019-01-29 08:27:00-05,
2024-08-02 17:50:00-04,ND0228,N,92,76.32,3.48%,2,ND0228 - US 301 NB AT HYETTS CORNER,12585.1,2019-01-29 08:27:00-05,
2024-08-02 17:55:00-04,ND0228,N,78,75.59,3.20%,2,ND0228 - US 301 NB AT HYETTS CORNER,12585.1,2019-01-29 08:27:00-05,
2024-08-02 18:00:00-04,ND0228,N,83,76.83,3.29%,2,ND0228 - US 301 NB AT HYETTS CORNER,12585.1,2019-01-29 08:27:00-05,
2024-08-02 18:05:00-04,ND0228,N,78,73.14,3.53%,2,ND0228 - US 301 NB AT HYETTS CORNER,12585.1,2019-01-29 08:27:00-05,
2024-08-02 18:10:00-04,ND0228,N,76,79.19,2.81%,2,ND0228 - US 301 NB AT HYETTS CORNER,12585.1,2019-01-29 08:27:00-05,
2024-08-02 18:15:00-04,ND0228,N,89,75.84,3.25%,2,ND0228 - US 301 NB AT HYETTS CORNER,12585.1,2019-01-29 08:27:00-05,
2024-08-02 18:20:00-04,ND0228,N,76,76.56,3.13%,2,ND0228 - US 301 NB AT HYETTS CORNER,12585.1,2019-01-29 08:27:00-05,
2024-08-02 18:25:00-04,ND0228,N,90,72.47,4.12%,2,ND0228 - US 301 NB AT HYETTS CORNER,12585.1,2019-01-29 08:27:00-05,
2024-08-02 18:30:00-04,ND0228,N,92,69.68,5.58%,2,ND0228 - US 301 NB AT HYETTS CORNER,12585.1,2019-01-29 08:27:00-05,
2024-08-02 18:35:00-04,ND0228,N,92,71.03,4.04%,2,ND0228 - US 301 NB AT HYETTS CORNER,12585.1,2019-01-29 08:27:00-05,
2024-08-02 18:40:00-04,ND0228,N,104,73.68,4.06%,2,ND0228 - US 301 NB AT HYETTS CORNER,12585.1,2019-01-29 08:27:00-05,
2024-08-02 18:45:00-04,ND0228,N,82,74.96,3.30%,2,ND0228 - US 301 NB AT HYETTS CORNER,12585.1,2019-01-29 08:27:00-05,
2024-08-02 18:50:00-04,ND0228,N,72,75.29,2.70%,2,ND0228 - US 301 NB AT HYETTS CORNER,12585.1,2019-01-29 08:27:00-05,
2024-08-02 18:55:00-04,ND0228,N,82,78.18,3.19%,2,ND0228 - US 301 NB AT HYETTS CORNER,12585.1,2019-01-29 08:27:00-05,
2024-08-02 19:00:00-04,ND0228,N,75,77.28,2.91%,2,ND0228 - US 301 NB AT HYETTS CORNER,12585.1,2019-01-29 08:27:00-05,
2024-08-02 19:05:00-04,ND0228,N,59,76.75,2.22%,2,ND0228 - US 301 NB AT HYETTS CORNER,12585.1,2019-01-29 08:27:00-05,
2024-08-02 19:10:00-04,ND0228,N,60,78.37,2.32%,2,ND0228 - US 301 NB AT HYETTS CORNER,12585.1,2019-01-29 08:27:00-05,
2024-08-02 19:15:00-04,ND0228,N,63,75.14,2.75%,2,ND0228 - US 301 NB AT HYETTS CORNER,12585.1,2019-01-29 08:27:00-05,
2024-08-02 19:20:00-04,ND0228,N,53,79.60,2.28%,2,ND0228 - US 301 NB AT HYETTS CORNER,12585.1,2019-01-29 08:27:00-05,
2024-08-02 19:25:00-04,ND0228,N,64,76.86,2.60%,2,ND0228 - US 301 NB AT HYETTS CORNER,12585.1,2019-01-29 08:27:00-05,
2024-08-02 19:30:00-04,ND0228,N,32,75.55,1.45%,2,ND0228 - US 301 NB AT HYETTS CORNER,12585.1,2019-01-29 08:27:00-05,
2024-08-02 19:35:00-04,ND0228,N,53,75.32,2.22%,2,ND0228 - US 301 NB AT HYETTS CORNER,12585.1,2019-01-29 08:27:00-05,
2024-08-02 19:40:00-04,ND0228,N,50,77.26,2.29%,2,ND0228 - US 301 NB AT HYETTS CORNER,12585.1,2019-01-29 08:27:00-05,
2024-08-02 19:45:00-04,ND0228,N,49,75.28,2.07%,2,ND0228 - US 301 NB AT HYETTS CORNER,12585.1,2019-01-29 08:27:00-05,
2024-08-02 19:50:00-04,ND0228,N,39,77.45,1.52%,2,ND0228 - US 301 NB AT HYETTS CORNER,12585.1,2019-01-29 08:27:00-05,
2024-08-02 19:55:00-04,ND0228,N,36,75.21,1.65%,2,ND0228 - US 301 NB AT HYETTS CORNER,12585.1,2019-01-29 08:27:00-05,
2024-08-02 20:00:00-04,ND0228,N,38,74.66,1.75%,2,ND0228 - US 301 NB AT HYETTS CORNER,12585.1,2019-01-29 08:27:00-05,
2024-08-02 20:05:00-04,ND0228,N,37,76.47,1.39%,2,ND0228 - US 301 NB AT HYETTS CORNER,12585.1,2019-01-29 08:27:00-05,
2024-08-02 20:10:00-04,ND0228,N,44,74.04,2.08%,2,ND0228 - US 301 NB AT HYETTS CORNER,12585.1,2019-01-29 08:27:00-05,
2024-08-02 20:15:00-04,ND0228,N,32,73.12,1.28%,2,ND0228 - US 301 NB AT HYETTS CORNER,12585.1,2019-01-29 08:27:00-05,
2024-08-02 20:20:00-04,ND0228,N,38,72.47,1.71%,2,ND0228 - US 301 NB AT HYETTS CORNER,12585.1,2019-01-29 08:27:00-05,
2024-08-02 20:25:00-04,ND0228,N,28,73.12,1.38%,2,ND0228 - US 301 NB AT HYETTS CORNER,12585.1,2019-01-29 08:27:00-05,
2024-08-02 20:30:00-04,ND0228,N,35,72.28,1.41%,2,ND0228 - US 301 NB AT HYETTS CORNER,12585.1,2019-01-29 08:27:00-05,
2024-08-02 20:35:00-04,ND0228,N,24,72.17,1.06%,2,ND0228 - US 301 NB AT HYETTS CORNER,12585.1,2019-01-29 08:27:00-05,
2024-08-02 20:40:00-04,ND0228,N,31,75.23,1.30%,2,ND0228 - US 301 NB AT HYETTS CORNER,12585.1,2019-01-29 08:27:00-05,
2024-08-02 20:45:00-04,ND0228,N,35,78.96,1.37%,2,ND0228 - US 301 NB AT HYETTS CORNER,12585.1,2019-01-29 08:27:00-05,
2024-08-02 20:50:00-04,ND0228,N,25,74.08,1.29%,2,ND0228 - US 301 NB AT HYETTS CORNER,12585.1,2019-01-29 08:27:00-05,
2024-08-02 20:55:00-04,ND0228,N,25,75.42,1.00%,2,ND0228 - US 301 NB AT HYETTS CORNER,12585.1,2019-01-29 08:27:00-05,
2024-08-02 21:00:00-04,ND0228,N,25,73.77,1.17%,2,ND0228 - US 301 NB AT HYETTS CORNER,12585.1,2019-01-29 08:27:00-05,
2024-08-02 21:05:00-04,ND0228,N,31,72.15,1.32%,2,ND0228 - US 301 NB AT HYETTS CORNER,12585.1,2019-01-29 08:27:00-05,
2024-08-02 21:10:00-04,ND0228,N,40,74.58,1.63%,2,ND0228 - US 301 NB AT HYETTS CORNER,12585.1,2019-01-29 08:27:00-05,
2024-08-02 21:15:00-04,ND0228,N,39,73.58,1.90%,2,ND0228 - US 301 NB AT HYETTS CORNER,12585.1,2019-01-29 08:27:00-05,
2024-08-02 21:20:00-04,ND0228,N,39,74.12,1.97%,2,ND0228 - US 301 NB AT HYETTS CORNER,12585.1,2019-01-29 08:27:00-05,
2024-08-02 21:25:00-04,ND0228,N,25,70.37,1.04%,2,ND0228 - US 301 NB AT HYETTS CORNER,12585.1,2019-01-29 08:27:00-05,
2024-08-02 21:30:00-04,ND0228,N,33,71.54,1.69%,2,ND0228 - US 301 NB AT HYETTS CORNER,12585.1,2019-01-29 08:27:00-05,
2024-08-02 21:35:00-04,ND0228,N,38,73.99,1.38%,2,ND0228 - US 301 NB AT HYETTS CORNER,12585.1,2019-01-29 08:27:00-05,
2024-08-02 21:40:00-04,ND0228,N,40,67.86,2.06%,2,ND0228 - US 301 NB AT HYETTS CORNER,12585.1,2019-01-29 08:27:00-05,
2024-08-02 21:45:00-04,ND0228,N,37,70.65,1.52%,2,ND0228 - US 301 NB AT HYETTS CORNER,12585.1,2019-01-29 08:27:00-05,
2024-08-02 21:50:00-04,ND0228,N,40,71.56,2.06%,2,ND0228 - US 301 NB AT HYETTS CORNER,12585.1,2019-01-29 08:27:00-05,
2024-08-02 21:55:00-04,ND0228,N,41,73.94,2.05%,2,ND0228 - US 301 NB AT HYETTS CORNER,12585.1,2019-01-29 08:27:00-05,
2024-08-02 22:00:00-04,ND0228,N,25,76.13,1.06%,2,ND0228 - US 301 NB AT HYETTS CORNER,12585.1,2019-01-29 08:27:00-05,
2024-08-02 22:05:00-04,ND0228,N,33,72.44,1.61%,2,ND0228 - US 301 NB AT HYETTS CORNER,12585.1,2019-01-29 08:27:00-05,
2024-08-02 22:10:00-04,ND0228,N,22,71.85,1.28%,2,ND0228 - US 301 NB AT HYETTS CORNER,12585.1,2019-01-29 08:27:00-05,
2024-08-02 22:15:00-04,ND0228,N,16,69.59,0.88%,2,ND0228 - US 301 NB AT HYETTS CORNER,12585.1,2019-01-29 08:27:00-05,
2024-08-02 22:20:00-04,ND0228,N,22,72.75,0.91%,2,ND0228 - US 301 NB AT HYETTS CORNER,12585.1,2019-01-29 08:27:00-05,
2024-08-02 22:25:00-04,ND0228,N,15,68.18,0.84%,2,ND0228 - US 301 NB AT HYETTS CORNER,12585.1,2019-01-29 08:27:00-05,
2024-08-02 22:30:00-04,ND0228,N,12,71.00,0.72%,2,ND0228 - US 301 NB AT HYETTS CORNER,12585.1,2019-01-29 08:27:00-05,
2024-08-02 22:35:00-04,ND0228,N,23,71.99,1.41%,2,ND0228 - US 301 NB AT HYETTS CORNER,12585.1,2019-01-29 08:27:00-05,
2024-08-02 22:40:00-04,ND0228,N,20,76.12,0.82%,2,ND0228 - US 301 NB AT HYETTS CORNER,12585.1,2019-01-29 08:27:00-05,
2024-08-02 22:45:00-04,ND0228,N,29,74.48,1.74%,2,ND0228 - US 301 NB AT HYETTS CORNER,12585.1,2019-01-29 08:27:00-05,
2024-08-02 22:50:00-04,ND0228,N,24,72.98,1.10%,2,ND0228 - US 301 NB AT HYETTS CORNER,12585.1,2019-01-29 08:27:00-05,
2024-08-02 22:55:00-04,ND0228,N,15,70.47,0.82%,2,ND0228 - US 301 NB AT HYETTS CORNER,12585.1,2019-01-29 08:27:00-05,
2024-08-02 23:00:00-04,ND0228,N,25,73.48,1.21%,2,ND0228 - US 301 NB AT HYETTS CORNER,12585.1,2019-01-29 08:27:00-05,
2024-08-02 23:05:00-04,ND0228,N,18,74.85,0.88%,2,ND0228 - US 301 NB AT HYETTS CORNER,12585.1,2019-01-29 08:27:00-05,
2024-08-02 23:10:00-04,ND0228,N,20,74.70,1.34%,2,ND0228 - US 301 NB AT HYETTS CORNER,12585.1,2019-01-29 08:27:00-05,
2024-08-02 23:15:00-04,ND0228,N,39,73.94,1.74%,2,ND0228 - US 301 NB AT HYETTS CORNER,12585.1,2019-01-29 08:27:00-05,
2024-08-02 23:20:00-04,ND0228,N,16,72.16,0.85%,2,ND0228 - US 301 NB AT HYETTS CORNER,12585.1,2019-01-29 08:27:00-05,
2024-08-02 23:25:00-04,ND0228,N,13,67.22,0.56%,2,ND0228 - US 301 NB AT HYETTS CORNER,12585.1,2019-01-29 08:27:00-05,
2024-08-02 23:30:00-04,ND0228,N,12,70.63,0.51%,2,ND0228 - US 301 NB AT HYETTS CORNER,12585.1,2019-01-29 08:27:00-05,
2024-08-02 23:35:00-04,ND0228,N,12,70.51,0.60%,2,ND0228 - US 301 NB AT HYETTS CORNER,12585.1,2019-01-29 08:27:00-05,
2024-08-02 23:40:00-04,ND0228,N,18,69.21,0.89%,2,ND0228 - US 301 NB AT HYETTS CORNER,12585.1,2019-01-29 08:27:00-05,
2024-08-02 23:45:00-04,ND0228,N,11,66.90,0.63%,2,ND0228 - US 301 NB AT HYETTS CORNER,12585.1,2019-01-29 08:27:00-05,
2024-08-02 23:50:00-04,ND0228,N,10,71.49,0.46%,2,ND0228 - US 301 NB AT HYETTS CORNER,12585.1,2019-01-29 08:27:00-05,
2024-08-02 23:55:00-04,ND0228,N,4,72.26,0.13%,2,ND0228 - US 301 NB AT HYETTS CORNER,12585.1,2019-01-29 08:27:00-05,
2024-08-03 00:00:00-04,ND0228,N,14,73.02,0.68%,2,ND0228 - US 301 NB AT HYETTS CORNER,12585.1,2019-01-29 08:27:00-05,
2024-08-03 00:05:00-04,ND0228,N,4,77.33,0.15%,2,ND0228 - US 301 NB AT HYETTS CORNER,12585.1,2019-01-29 08:27:00-05,
2024-08-03 00:10:00-04,ND0228,N,5,70.24,0.29%,2,ND0228 - US 301 NB AT HYETTS CORNER,12585.1,2019-01-29 08:27:00-05,
2024-08-03 00:15:00-04,ND0228,N,8,65.01,0.82%,2,ND0228 - US 301 NB AT HYETTS CORNER,12585.1,2019-01-29 08:27:00-05,
2024-08-03 00:20:00-04,ND0228,N,5,70.52,0.46%,2,ND0228 - US 301 NB AT HYETTS CORNER,12585.1,2019-01-29 08:27:00-05,
2024-08-03 00:25:00-04,ND0228,N,9,71.80,0.32%,2,ND0228 - US 301 NB AT HYETTS CORNER,12585.1,2019-01-29 08:27:00-05,
2024-08-03 00:30:00-04,ND0228,N,10,67.94,0.66%,2,ND0228 - US 301 NB AT HYETTS CORNER,12585.1,2019-01-29 08:27:00-05,
2024-08-03 00:35:00-04,ND0228,N,8,71.92,0.64%,2,ND0228 - US 301 NB AT HYETTS CORNER,12585.1,2019-01-29 08:27:00-05,
2024-08-03 00:40:00-04,ND0228,N,6,70.40,0.93%,1,ND0228 - US 301 NB AT HYETTS CORNER,12585.1,2019-01-29 08:27:00-05,
2024-08-03 00:45:00-04,ND0228,N,10,73.15,0.62%,2,ND0228 - US 301 NB AT HYETTS CORNER,12585.1,2019-01-29 08:27:00-05,
2024-08-03 00:50:00-04,ND0228,N,9,71.64,0.80%,2,ND0228 - US 301 NB AT HYETTS CORNER,12585.1,2019-01-29 08:27:00-05,
2024-08-03 00:55:00-04,ND0228,N,3,69.08,0.13%,2,ND0228 - US 301 NB AT HYETTS CORNER,12585.1,2019-01-29 08:27:00-05,
2024-08-03 01:00:00-04,ND0228,N,5,71.53,0.37%,2,ND0228 - US 301 NB AT HYETTS CORNER,12585.1,2019-01-29 08:27:00-05,
2024-08-03 01:05:00-04,ND0228,N,4,64.23,0.20%,2,ND0228 - US 301 NB AT HYETTS CORNER,12585.1,2019-01-29 08:27:00-05,
2024-08-03 01:10:00-04,ND0228,N,6,67.49,0.25%,2,ND0228 - US 301 NB AT HYETTS CORNER,12585.1,2019-01-29 08:27:00-05,
2024-08-03 01:15:00-04,ND0228,N,4,68.19,0.26%,2,ND0228 - US 301 NB AT HYETTS CORNER,12585.1,2019-01-29 08:27:00-05,
2024-08-03 01:20:00-04,ND0228,N,5,68.24,0.29%,2,ND0228 - US 301 NB AT HYETTS CORNER,12585.1,2019-01-29 08:27:00-05,
2024-08-03 01:25:00-04,ND0228,N,1,65.26,0.27%,1,ND0228 - US 301 NB AT HYETTS CORNER,12585.1,2019-01-29 08:27:00-05,
2024-08-03 01:30:00-04,ND0228,N,2,61.92,0.38%,1,ND0228 - US 301 NB AT HYETTS CORNER,12585.1,2019-01-29 08:27:00-05,
2024-08-03 01:35:00-04,ND0228,N,2,69.03,0.17%,2,ND0228 - US 301 NB AT HYETTS CORNER,12585.1,2019-01-29 08:27:00-05,
2024-08-03 01:40:00-04,ND0228,N,2,67.77,0.14%,1,ND0228 - US 301 NB AT HYETTS CORNER,12585.1,2019-01-29 08:27:00-05,
2024-08-03 01:45:00-04,ND0228,N,6,71.07,0.56%,2,ND0228 - US 301 NB AT HYETTS CORNER,12585.1,2019-01-29 08:27:00-05,
2024-08-03 01:50:00-04,ND0228,N,4,79.17,0.14%,2,ND0228 - US 301 NB AT HYETTS CORNER,12585.1,2019-01-29 08:27:00-05,
2024-08-03 01:55:00-04,ND0228,N,8,67.05,0.63%,2,ND0228 - US 301 NB AT HYETTS CORNER,12585.1,2019-01-29 08:27:00-05,
2024-08-03 02:00:00-04,ND0228,N,1,63.81,0.27%,1,ND0228 - US 301 NB AT HYETTS CORNER,12585.1,2019-01-29 08:27:00-05,
2024-08-03 02:05:00-04,ND0228,N,4,74.46,0.31%,2,ND0228 - US 301 NB AT HYETTS CORNER,12585.1,2019-01-29 08:27:00-05,
2024-08-03 02:10:00-04,ND0228,N,1,73.14,0.08%,1,ND0228 - US 301 NB AT HYETTS CORNER,12585.1,2019-01-29 08:27:00-05,
2024-08-03 02:15:00-04,ND0228,N,2,72.77,0.16%,2,ND0228 - US 301 NB AT HYETTS CORNER,12585.1,2019-01-29 08:27:00-05,
2024-08-03 02:20:00-04,ND0228,N,9,67.64,0.77%,2,ND0228 - US 301 NB AT HYETTS CORNER,12585.1,2019-01-29 08:27:00-05,
2024-08-03 02:25:00-04,ND0228,N,4,72.29,0.50%,1,ND0228 - US 301 NB AT HYETTS CORNER,12585.1,2019-01-29 08:27:00-05,
2024-08-03 02:30:00-04,ND0228,N,3,72.21,0.20%,2,ND0228 - US 301 NB AT HYETTS CORNER,12585.1,2019-01-29 08:27:00-05,
2024-08-03 02:35:00-04,ND0228,N,4,73.89,0.23%,2,ND0228 - US 301 NB AT HYETTS CORNER,12585.1,2019-01-29 08:27:00-05,
2024-08-03 02:40:00-04,ND0228,N,4,69.05,0.26%,2,ND0228 - US 301 NB AT HYETTS CORNER,12585.1,2019-01-29 08:27:00-05,
2024-08-03 02:45:00-04,ND0228,N,2,69.46,0.20%,1,ND0228 - US 301 NB AT HYETTS CORNER,12585.1,2019-01-29 08:27:00-05,
2024-08-03 02:50:00-04,ND0228,N,8,70.79,0.69%,2,ND0228 - US 301 NB AT HYETTS CORNER,12585.1,2019-01-29 08:27:00-05,
2024-08-03 02:55:00-04,ND0228,N,4,67.46,0.77%,1,ND0228 - US 301 NB AT HYETTS CORNER,12585.1,2019-01-29 08:27:00-05,
2024-08-03 03:00:00-04,ND0228,N,2,64.22,0.57%,1,ND0228 - US 301 NB AT HYETTS CORNER,12585.1,2019-01-29 08:27:00-05,
2024-08-03 03:05:00-04,ND0228,N,1,73.95,0.07%,1,ND0228 - US 301 NB AT HYETTS CORNER,12585.1,2019-01-29 08:27:00-05,
2024-08-03 03:10:00-04,ND0228,N,6,69.11,0.34%,2,ND0228 - US 301 NB AT HYETTS CORNER,12585.1,2019-01-29 08:27:00-05,
2024-08-03 03:15:00-04,ND0228,N,2,70.10,0.10%,2,ND0228 - US 301 NB AT HYETTS CORNER,12585.1,2019-01-29 08:27:00-05,
2024-08-03 03:20:00-04,ND0228,N,1,81.57,0.06%,1,ND0228 - US 301 NB AT HYETTS CORNER,12585.1,2019-01-29 08:27:00-05,
2024-08-03 03:25:00-04,ND0228,N,3,70.21,0.82%,1,ND0228 - US 301 NB AT HYETTS CORNER,12585.1,2019-01-29 08:27:00-05,
2024-08-03 03:30:00-04,ND0228,N,1,73.27,0.26%,1,ND0228 - US 301 NB AT HYETTS CORNER,12585.1,2019-01-29 08:27:00-05,
2024-08-03 03:35:00-04,ND0228,N,6,74.88,0.31%,2,ND0228 - US 301 NB AT HYETTS CORNER,12585.1,2019-01-29 08:27:00-05,
2024-08-03 03:40:00-04,ND0228,N,3,69.38,0.43%,1,ND0228 - US 301 NB AT HYETTS CORNER,12585.1,2019-01-29 08:27:00-05,
2024-08-03 03:45:00-04,ND0228,N,5,60.05,0.50%,2,ND0228 - US 301 NB AT HYETTS CORNER,12585.1,2019-01-29 08:27:00-05,
2024-08-03 03:50:00-04,ND0228,N,2,68.31,0.16%,1,ND0228 - US 301 NB AT HYETTS CORNER,12585.1,2019-01-29 08:27:00-05,
2024-08-03 03:55:00-04,ND0228,N,6,72.03,0.21%,2,ND0228 - US 301 NB AT HYETTS CORNER,12585.1,2019-01-29 08:27:00-05,
2024-08-03 04:00:00-04,ND0228,N,5,72.16,0.38%,2,ND0228 - US 301 NB AT HYETTS CORNER,12585.1,2019-01-29 08:27:00-05,
2024-08-03 04:05:00-04,ND0228,N,6,70.53,0.39%,2,ND0228 - US 301 NB AT HYETTS CORNER,12585.1,2019-01-29 08:27:00-05,
2024-08-03 04:10:00-04,ND0228,N,5,76.35,0.27%,2,ND0228 - US 301 NB AT HYETTS CORNER,12585.1,2019-01-29 08:27:00-05,
2024-08-03 04:15:00-04,ND0228,N,7,70.57,0.48%,2,ND0228 - US 301 NB AT HYETTS CORNER,12585.1,2019-01-29 08:27:00-05,
2024-08-03 04:20:00-04,ND0228,N,10,73.02,0.56%,2,ND0228 - US 301 NB AT HYETTS CORNER,12585.1,2019-01-29 08:27:00-05,
2024-08-03 04:25:00-04,ND0228,N,7,73.99,0.34%,2,ND0228 - US 301 NB AT HYETTS CORNER,12585.1,2019-01-29 08:27:00-05,
2024-08-03 04:30:00-04,ND0228,N,8,72.34,0.38%,2,ND0228 - US 301 NB AT HYETTS CORNER,12585.1,2019-01-29 08:27:00-05,
2024-08-03 04:35:00-04,ND0228,N,6,69.66,0.62%,2,ND0228 - US 301 NB AT HYETTS CORNER,12585.1,2019-01-29 08:27:00-05,
2024-08-03 04:40:00-04,ND0228,N,8,76.05,0.42%,2,ND0228 - US 301 NB AT HYETTS CORNER,12585.1,2019-01-29 08:27:00-05,
2024-08-03 04:45:00-04,ND0228,N,10,73.21,0.72%,2,ND0228 - US 301 NB AT HYETTS CORNER,12585.1,2019-01-29 08:27:00-05,
2024-08-03 04:50:00-04,ND0228,N,3,63.43,0.51%,1,ND0228 - US 301 NB AT HYETTS CORNER,12585.1,2019-01-29 08:27:00-05,
2024-08-03 04:55:00-04,ND0228,N,6,77.08,0.22%,2,ND0228 - US 301 NB AT HYETTS CORNER,12585.1,2019-01-29 08:27:00-05,
2024-08-03 05:00:00-04,ND0228,N,6,75.37,0.21%,2,ND0228 - US 301 NB AT HYETTS CORNER,12585.1,2019-01-29 08:27:00-05,
2024-08-03 05:05:00-04,ND0228,N,11,73.50,0.69%,2,ND0228 - US 301 NB AT HYETTS CORNER,12585.1,2019-01-29 08:27:00-05,
2024-08-03 05:10:00-04,ND0228,N,5,69.12,0.29%,2,ND0228 - US 301 NB AT HYETTS CORNER,12585.1,2019-01-29 08:27:00-05,
2024-08-03 05:15:00-04,ND0228,N,10,72.69,0.47%,2,ND0228 - US 301 NB AT HYETTS CORNER,12585.1,2019-01-29 08:27:00-05,
2024-08-03 05:20:00-04,ND0228,N,11,71.65,0.62%,2,ND0228 - US 301 NB AT HYETTS CORNER,12585.1,2019-01-29 08:27:00-05,
2024-08-03 05:25:00-04,ND0228,N,14,71.20,0.79%,2,ND0228 - US 301 NB AT HYETTS CORNER,12585.1,2019-01-29 08:27:00-05,
2024-08-03 05:30:00-04,ND0228,N,8,71.36,1.23%,1,ND0228 - US 301 NB AT HYETTS CORNER,12585.1,2019-01-29 08:27:00-05,
2024-08-03 05:35:00-04,ND0228,N,16,74.04,0.94%,2,ND0228 - US 301 NB AT HYETTS CORNER,12585.1,2019-01-29 08:27:00-05,
2024-08-03 05:40:00-04,ND0228,N,11,76.13,0.49%,2,ND0228 - US 301 NB AT HYETTS CORNER,12585.1,2019-01-29 08:27:00-05,
2024-08-03 05:45:00-04,ND0228,N,11,74.94,0.59%,2,ND0228 - US 301 NB AT HYETTS CORNER,12585.1,2019-01-29 08:27:00-05,
2024-08-03 05:50:00-04,ND0228,N,19,76.05,0.92%,2,ND0228 - US 301 NB AT HYETTS CORNER,12585.1,2019-01-29 08:27:00-05,
2024-08-03 05:55:00-04,ND0228,N,12,74.62,0.51%,2,ND0228 - US 301 NB AT HYETTS CORNER,12585.1,2019-01-29 08:27:00-05,
2024-08-03 06:00:00-04,ND0228,N,16,70.71,0.95%,2,ND0228 - US 301 NB AT HYETTS CORNER,12585.1,2019-01-29 08:27:00-05,
2024-08-03 06:05:00-04,ND0228,N,13,74.18,0.67%,2,ND0228 - US 301 NB AT HYETTS CORNER,12585.1,2019-01-29 08:27:00-05,
2024-08-03 06:10:00-04,ND0228,N,12,79.90,0.45%,2,ND0228 - US 301 NB AT HYETTS CORNER,12585.1,2019-01-29 08:27:00-05,
2024-08-03 06:15:00-04,ND0228,N,18,78.13,0.95%,2,ND0228 - US 301 NB AT HYETTS CORNER,12585.1,2019-01-29 08:27:00-05,
2024-08-03 06:20:00-04,ND0228,N,23,78.24,0.84%,2,ND0228 - US 301 NB AT HYETTS CORNER,12585.1,2019-01-29 08:27:00-05,
2024-08-03 06:25:00-04,ND0228,N,24,80.01,0.83%,2,ND0228 - US 301 NB AT HYETTS CORNER,12585.1,2019-01-29 08:27:00-05,
2024-08-03 06:30:00-04,ND0228,N,27,76.35,1.10%,2,ND0228 - US 301 NB AT HYETTS CORNER,12585.1,2019-01-29 08:27:00-05,
2024-08-03 06:35:00-04,ND0228,N,24,77.19,1.04%,2,ND0228 - US 301 NB AT HYETTS CORNER,12585.1,2019-01-29 08:27:00-05,
2024-08-03 06:40:00-04,ND0228,N,19,79.10,0.80%,2,ND0228 - US 301 NB AT HYETTS CORNER,12585.1,2019-01-29 08:27:00-05,
2024-08-03 06:45:00-04,ND0228,N,24,75.85,1.29%,2,ND0228 - US 301 NB AT HYETTS CORNER,12585.1,2019-01-29 08:27:00-05,
2024-08-03 06:50:00-04,ND0228,N,16,79.79,0.65%,2,ND0228 - US 301 NB AT HYETTS CORNER,12585.1,2019-01-29 08:27:00-05,
2024-08-03 06:55:00-04,ND0228,N,21,77.45,0.91%,2,ND0228 - US 301 NB AT HYETTS CORNER,12585.1,2019-01-29 08:27:00-05,
2024-08-03 07:00:00-04,ND0228,N,24,74.98,0.93%,2,ND0228 - US 301 NB AT HYETTS CORNER,12585.1,2019-01-29 08:27:00-05,
2024-08-03 07:05:00-04,ND0228,N,20,74.40,1.01%,2,ND0228 - US 301 NB AT HYETTS CORNER,12585.1,2019-01-29 08:27:00-05,
2024-08-03 07:10:00-04,ND0228,N,19,77.37,0.97%,2,ND0228 - US 301 NB AT HYETTS CORNER,12585.1,2019-01-29 08:27:00-05,
2024-08-03 07:15:00-04,ND0228,N,13,80.26,0.62%,2,ND0228 - US 301 NB AT HYETTS CORNER,12585.1,2019-01-29 08:27:00-05,
2024-08-03 07:20:00-04,ND0228,N,26,74.45,1.11%,2,ND0228 - US 301 NB AT HYETTS CORNER,12585.1,2019-01-29 08:27:00-05,
2024-08-03 07:25:00-04,ND0228,N,29,76.17,1.15%,2,ND0228 - US 301 NB AT HYETTS CORNER,12585.1,2019-01-29 08:27:00-05,
2024-08-03 07:30:00-04,ND0228,N,34,76.98,1.44%,2,ND0228 - US 301 NB AT HYETTS CORNER,12585.1,2019-01-29 08:27:00-05,
2024-08-03 07:35:00-04,ND0228,N,26,77.20,0.95%,2,ND0228 - US 301 NB AT HYETTS CORNER,12585.1,2019-01-29 08:27:00-05,
2024-08-03 07:40:00-04,ND0228,N,29,78.70,1.02%,2,ND0228 - US 301 NB AT HYETTS CORNER,12585.1,2019-01-29 08:27:00-05,
2024-08-03 07:45:00-04,ND0228,N,35,73.80,1.47%,2,ND0228 - US 301 NB AT HYETTS CORNER,12585.1,2019-01-29 08:27:00-05,
2024-08-03 07:50:00-04,ND0228,N,32,77.45,1.19%,2,ND0228 - US 301 NB AT HYETTS CORNER,12585.1,2019-01-29 08:27:00-05,
2024-08-03 07:55:00-04,ND0228,N,20,77.11,0.79%,2,ND0228 - US 301 NB AT HYETTS CORNER,12585.1,2019-01-29 08:27:00-05,
2024-08-03 08:00:00-04,ND0228,N,39,76.04,1.72%,2,ND0228 - US 301 NB AT HYETTS CORNER,12585.1,2019-01-29 08:27:00-05,
2024-08-03 08:05:00-04,ND0228,N,19,74.26,0.69%,2,ND0228 - US 301 NB AT HYETTS CORNER,12585.1,2019-01-29 08:27:00-05,
2024-08-03 08:10:00-04,ND0228,N,41,77.29,1.73%,2,ND0228 - US 301 NB AT HYETTS CORNER,12585.1,2019-01-29 08:27:00-05,
2024-08-03 08:15:00-04,ND0228,N,31,77.09,1.32%,2,ND0228 - US 301 NB AT HYETTS CORNER,12585.1,2019-01-29 08:27:00-05,
2024-08-03 08:20:00-04,ND0228,N,35,77.06,1.69%,2,ND0228 - US 301 NB AT HYETTS CORNER,12585.1,2019-01-29 08:27:00-05,
2024-08-03 08:25:00-04,ND0228,N,23,75.85,1.04%,2,ND0228 - US 301 NB AT HYETTS CORNER,12585.1,2019-01-29 08:27:00-05,
2024-08-03 08:30:00-04,ND0228,N,41,77.60,1.60%,2,ND0228 - US 301 NB AT HYETTS CORNER,12585.1,2019-01-29 08:27:00-05,
2024-08-03 08:35:00-04,ND0228,N,24,77.96,1.01%,2,ND0228 - US 301 NB AT HYETTS CORNER,12585.1,2019-01-29 08:27:00-05,
2024-08-03 08:40:00-04,ND0228,N,56,76.36,2.53%,2,ND0228 - US 301 NB AT HYETTS CORNER,12585.1,2019-01-29 08:27:00-05,
2024-08-03 08:45:00-04,ND0228,N,53,76.50,2.06%,2,ND0228 - US 301 NB AT HYETTS CORNER,12585.1,2019-01-29 08:27:00-05,
2024-08-03 08:50:00-04,ND0228,N,21,73.92,1.58%,1,ND0228 - US 301 NB AT HYETTS CORNER,12585.1,2019-01-29 08:27:00-05,
2024-08-03 08:55:00-04,ND0228,N,35,76.34,1.29%,2,ND0228 - US 301 NB AT HYETTS CORNER,12585.1,2019-01-29 08:27:00-05,
2024-08-03 09:00:00-04,ND0228,N,29,74.74,1.08%,2,ND0228 - US 301 NB AT HYETTS CORNER,12585.1,2019-01-29 08:27:00-05,
2024-08-03 09:05:00-04,ND0228,N,29,75.44,1.11%,2,ND0228 - US 301 NB AT HYETTS CORNER,12585.1,2019-01-29 08:27:00-05,
2024-08-03 09:10:00-04,ND0228,N,42,75.38,1.74%,2,ND0228 - US 301 NB AT HYETTS CORNER,12585.1,2019-01-29 08:27:00-05,
2024-08-03 09:15:00-04,ND0228,N,47,75.63,1.86%,2,ND0228 - US 301 NB AT HYETTS CORNER,12585.1,2019-01-29 08:27:00-05,
2024-08-03 09:20:00-04,ND0228,N,43,79.15,1.51%,2,ND0228 - US 301 NB AT HYETTS CORNER,12585.1,2019-01-29 08:27:00-05,
2024-08-03 09:25:00-04,ND0228,N,45,76.81,1.91%,2,ND0228 - US 301 NB AT HYETTS CORNER,12585.1,2019-01-29 08:27:00-05,
2024-08-03 09:30:00-04,ND0228,N,57,78.44,2.05%,2,ND0228 - US 301 NB AT HYETTS CORNER,12585.1,2019-01-29 08:27:00-05,
2024-08-03 09:35:00-04,ND0228,N,52,76.61,2.11%,2,ND0228 - US 301 NB AT HYETTS CORNER,12585.1,2019-01-29 08:27:00-05,
2024-08-03 09:40:00-04,ND0228,N,40,77.26,1.75%,2,ND0228 - US 301 NB AT HYETTS CORNER,12585.1,2019-01-29 08:27:00-05,
2024-08-03 09:45:00-04,ND0228,N,53,76.03,1.99%,2,ND0228 - US 301 NB AT HYETTS CORNER,12585.1,2019-01-29 08:27:00-05,
2024-08-03 09:50:00-04,ND0228,N,53,77.03,2.19%,2,ND0228 - US 301 NB AT HYETTS CORNER,12585.1,2019-01-29 08:27:00-05,
2024-08-03 09:55:00-04,ND0228,N,59,75.42,2.29%,2,ND0228 - US 301 NB AT HYETTS CORNER,12585.1,2019-01-29 08:27:00-05,
2024-08-03 10:00:00-04,ND0228,N,45,76.70,2.06%,2,ND0228 - US 301 NB AT HYETTS CORNER,12585.1,2019-01-29 08:27:00-05,
2024-08-03 10:05:00-04,ND0228,N,47,75.86,1.96%,2,ND0228 - US 301 NB AT HYETTS CORNER,12585.1,2019-01-29 08:27:00-05,
2024-08-03 10:10:00-04,ND0228,N,44,80.44,1.48%,2,ND0228 - US 301 NB AT HYETTS CORNER,12585.1,2019-01-29 08:27:00-05,
2024-08-03 10:15:00-04,ND0228,N,40,76.61,1.43%,2,ND0228 - US 301 NB AT HYETTS CORNER,12585.1,2019-01-29 08:27:00-05,
2024-08-03 10:20:00-04,ND0228,N,40,76.06,1.74%,2,ND0228 - US 301 NB AT HYETTS CORNER,12585.1,2019-01-29 08:27:00-05,
2024-08-03 10:25:00-04,ND0228,N,49,76.76,1.98%,2,ND0228 - US 301 NB AT HYETTS CORNER,12585.1,2019-01-29 08:27:00-05,
2024-08-03 10:30:00-04,ND0228,N,45,75.20,1.92%,2,ND0228 - US 301 NB AT HYETTS CORNER,12585.1,2019-01-29 08:27:00-05,
2024-08-03 10:35:00-04,ND0228,N,42,73.50,1.69%,2,ND0228 - US 301 NB AT HYETTS CORNER,12585.1,2019-01-29 08:27:00-05,
2024-08-03 10:40:00-04,ND0228,N,43,75.29,1.68%,2,ND0228 - US 301 NB AT HYETTS CORNER,12585.1,2019-01-29 08:27:00-05,
2024-08-03 10:45:00-04,ND0228,N,42,76.91,1.60%,2,ND0228 - US 301 NB AT HYETTS CORNER,12585.1,2019-01-29 08:27:00-05,
2024-08-03 10:50:00-04,ND0228,N,53,78.07,2.05%,2,ND0228 - US 301 NB AT HYETTS CORNER,12585.1,2019-01-29 08:27:00-05,
2024-08-03 10:55:00-04,ND0228,N,70,75.77,2.88%,2,ND0228 - US 301 NB AT HYETTS CORNER,12585.1,2019-01-29 08:27:00-05,
2024-08-03 11:00:00-04,ND0228,N,54,76.58,1.91%,2,ND0228 - US 301 NB AT HYETTS CORNER,12585.1,2019-01-29 08:27:00-05,
2024-08-03 11:05:00-04,ND0228,N,49,75.78,2.07%,2,ND0228 - US 301 NB AT HYETTS CORNER,12585.1,2019-01-29 08:27:00-05,
2024-08-03 11:10:00-04,ND0228,N,57,76.79,2.21%,2,ND0228 - US 301 NB AT HYETTS CORNER,12585.1,2019-01-29 08:27:00-05,
2024-08-03 11:15:00-04,ND0228,N,59,76.03,2.39%,2,ND0228 - US 301 NB AT HYETTS CORNER,12585.1,2019-01-29 08:27:00-05,
2024-08-03 11:20:00-04,ND0228,N,67,75.78,2.66%,2,ND0228 - US 301 NB AT HYETTS CORNER,12585.1,2019-01-29 08:27:00-05,
2024-08-03 11:25:00-04,ND0228,N,55,75.81,2.02%,2,ND0228 - US 301 NB AT HYETTS CORNER,12585.1,2019-01-29 08:27:00-05,
2024-08-03 11:30:00-04,ND0228,N,34,78.39,1.26%,2,ND0228 - US 301 NB AT HYETTS CORNER,12585.1,2019-01-29 08:27:00-05,
2024-08-03 11:35:00-04,ND0228,N,55,77.21,1.98%,2,ND0228 - US 301 NB AT HYETTS CORNER,12585.1,2019-01-29 08:27:00-05,
2024-08-03 11:40:00-04,ND0228,N,63,75.63,2.39%,2,ND0228 - US 301 NB AT HYETTS CORNER,12585.1,2019-01-29 08:27:00-05,
2024-08-03 11:45:00-04,ND0228,N,73,77.62,2.72%,2,ND0228 - US 301 NB AT HYETTS CORNER,12585.1,2019-01-29 08:27:00-05,
2024-08-03 11:50:00-04,ND0228,N,50,75.22,2.09%,2,ND0228 - US 301 NB AT HYETTS CORNER,12585.1,2019-01-29 08:27:00-05,
2024-08-03 11:55:00-04,ND0228,N,41,75.81,1.78%,2,ND0228 - US 301 NB AT HYETTS CORNER,12585.1,2019-01-29 08:27:00-05,
2024-08-03 12:00:00-04,ND0228,N,57,74.75,2.21%,2,ND0228 - US 301 NB AT HYETTS CORNER,12585.1,2019-01-29 08:27:00-05,
2024-08-03 12:05:00-04,ND0228,N,47,73.71,1.85%,2,ND0228 - US 301 NB AT HYETTS CORNER,12585.1,2019-01-29 08:27:00-05,
2024-08-03 12:10:00-04,ND0228,N,57,76.41,2.21%,2,ND0228 - US 301 NB AT HYETTS CORNER,12585.1,2019-01-29 08:27:00-05,
2024-08-03 12:15:00-04,ND0228,N,50,76.27,1.74%,2,ND0228 - US 301 NB AT HYETTS CORNER,12585.1,2019-01-29 08:27:00-05,
2024-08-03 12:20:00-04,ND0228,N,59,77.32,2.21%,2,ND0228 - US 301 NB AT HYETTS CORNER,12585.1,2019-01-29 08:27:00-05,
2024-08-03 12:25:00-04,ND0228,N,55,78.76,2.23%,2,ND0228 - US 301 NB AT HYETTS CORNER,12585.1,2019-01-29 08:27:00-05,
2024-08-03 12:30:00-04,ND0228,N,66,75.17,2.40%,2,ND0228 - US 301 NB AT HYETTS CORNER,12585.1,2019-01-29 08:27:00-05,
2024-08-03 12:35:00-04,ND0228,N,74,75.43,3.12%,2,ND0228 - US 301 NB AT HYETTS CORNER,12585.1,2019-01-29 08:27:00-05,
2024-08-03 12:40:00-04,ND0228,N,51,76.12,1.88%,2,ND0228 - US 301 NB AT HYETTS CORNER,12585.1,2019-01-29 08:27:00-05,
2024-08-03 12:45:00-04,ND0228,N,52,75.83,2.12%,2,ND0228 - US 301 NB AT HYETTS CORNER,12585.1,2019-01-29 08:27:00-05,
2024-08-03 12:50:00-04,ND0228,N,46,76.01,1.69%,2,ND0228 - US 301 NB AT HYETTS CORNER,12585.1,2019-01-29 08:27:00-05,
2024-08-03 12:55:00-04,ND0228,N,66,76.49,2.36%,2,ND0228 - US 301 NB AT HYETTS CORNER,12585.1,2019-01-29 08:27:00-05,
2024-08-03 13:00:00-04,ND0228,N,68,76.27,2.65%,2,ND0228 - US 301 NB AT HYETTS CORNER,12585.1,2019-01-29 08:27:00-05,
2024-08-03 13:05:00-04,ND0228,N,79,74.00,3.09%,2,ND0228 - US 301 NB AT HYETTS CORNER,12585.1,2019-01-29 08:27:00-05,
2024-08-03 13:10:00-04,ND0228,N,51,76.71,1.92%,2,ND0228 - US 301 NB AT HYETTS CORNER,12585.1,2019-01-29 08:27:00-05,
2024-08-03 13:15:00-04,ND0228,N,71,76.92,2.82%,2,ND0228 - US 301 NB AT HYETTS CORNER,12585.1,2019-01-29 08:27:00-05,
2024-08-03 13:20:00-04,ND0228,N,57,75.56,2.20%,2,ND0228 - US 301 NB AT HYETTS CORNER,12585.1,2019-01-29 08:27:00-05,
2024-08-03 13:25:00-04,ND0228,N,50,74.97,1.90%,2,ND0228 - US 301 NB AT HYETTS CORNER,12585.1,2019-01-29 08:27:00-05,
2024-08-03 13:30:00-04,ND0228,N,52,79.76,1.87%,2,ND0228 - US 301 NB AT HYETTS CORNER,12585.1,2019-01-29 08:27:00-05,
2024-08-03 13:35:00-04,ND0228,N,47,76.73,1.83%,2,ND0228 - US 301 NB AT HYETTS CORNER,12585.1,2019-01-29 08:27:00-05,
2024-08-03 13:40:00-04,ND0228,N,54,76.27,2.01%,2,ND0228 - US 301 NB AT HYETTS CORNER,12585.1,2019-01-29 08:27:00-05,
2024-08-03 13:45:00-04,ND0228,N,52,77.24,1.99%,2,ND0228 - US 301 NB AT HYETTS CORNER,12585.1,2019-01-29 08:27:00-05,
2024-08-03 13:50:00-04,ND0228,N,41,75.96,1.61%,2,ND0228 - US 301 NB AT HYETTS CORNER,12585.1,2019-01-29 08:27:00-05,
2024-08-03 13:55:00-04,ND0228,N,68,75.78,2.53%,2,ND0228 - US 301 NB AT HYETTS CORNER,12585.1,2019-01-29 08:27:00-05,
2024-08-03 14:00:00-04,ND0228,N,53,74.45,2.04%,2,ND0228 - US 301 NB AT HYETTS CORNER,12585.1,2019-01-29 08:27:00-05,
2024-08-03 14:05:00-04,ND0228,N,55,76.37,2.08%,2,ND0228 - US 301 NB AT HYETTS CORNER,12585.1,2019-01-29 08:27:00-05,
2024-08-03 14:10:00-04,ND0228,N,47,78.21,1.63%,2,ND0228 - US 301 NB AT HYETTS CORNER,12585.1,2019-01-29 08:27:00-05,
2024-08-03 14:15:00-04,ND0228,N,36,73.84,1.43%,2,ND0228 - US 301 NB AT HYETTS CORNER,12585.1,2019-01-29 08:27:00-05,
2024-08-03 14:20:00-04,ND0228,N,54,74.73,2.15%,2,ND0228 - US 301 NB AT HYETTS CORNER,12585.1,2019-01-29 08:27:00-05,
2024-08-03 14:25:00-04,ND0228,N,46,77.00,1.80%,2,ND0228 - US 301 NB AT HYETTS CORNER,12585.1,2019-01-29 08:27:00-05,
2024-08-03 14:30:00-04,ND0228,N,60,77.32,2.34%,2,ND0228 - US 301 NB AT HYETTS CORNER,12585.1,2019-01-29 08:27:00-05,
2024-08-03 14:35:00-04,ND0228,N,59,76.87,2.49%,2,ND0228 - US 301 NB AT HYETTS CORNER,12585.1,2019-01-29 08:27:00-05,
2024-08-03 14:40:00-04,ND0228,N,47,75.30,1.79%,2,ND0228 - US 301 NB AT HYETTS CORNER,12585.1,2019-01-29 08:27:00-05,
2024-08-03 14:45:00-04,ND0228,N,50,77.41,2.17%,2,ND0228 - US 301 NB AT HYETTS CORNER,12585.1,2019-01-29 08:27:00-05,
2024-08-03 14:50:00-04,ND0228,N,48,75.47,1.95%,2,ND0228 - US 301 NB AT HYETTS CORNER,12585.1,2019-01-29 08:27:00-05,
2024-08-03 14:55:00-04,ND0228,N,50,77.52,1.73%,2,ND0228 - US 301 NB AT HYETTS CORNER,12585.1,2019-01-29 08:27:00-05,
2024-08-03 15:00:00-04,ND0228,N,56,75.04,2.40%,2,ND0228 - US 301 NB AT HYETTS CORNER,12585.1,2019-01-29 08:27:00-05,
2024-08-03 15:05:00-04,ND0228,N,41,74.95,1.52%,2,ND0228 - US 301 NB AT HYETTS CORNER,12585.1,2019-01-29 08:27:00-05,
2024-08-03 15:10:00-04,ND0228,N,39,75.72,1.89%,2,ND0228 - US 301 NB AT HYETTS CORNER,12585.1,2019-01-29 08:27:00-05,
2024-08-03 15:15:00-04,ND0228,N,51,74.70,2.09%,2,ND0228 - US 301 NB AT HYETTS CORNER,12585.1,2019-01-29 08:27:00-05,
2024-08-03 15:20:00-04,ND0228,N,41,77.50,1.58%,2,ND0228 - US 301 NB AT HYETTS CORNER,12585.1,2019-01-29 08:27:00-05,
2024-08-03 15:25:00-04,ND0228,N,44,76.28,1.69%,2,ND0228 - US 301 NB AT HYETTS CORNER,12585.1,2019-01-29 08:27:00-05,
2024-08-03 15:30:00-04,ND0228,N,37,76.50,1.39%,2,ND0228 - US 301 NB AT HYETTS CORNER,12585.1,2019-01-29 08:27:00-05,
2024-08-03 15:35:00-04,ND0228,N,38,76.74,1.53%,2,ND0228 - US 301 NB AT HYETTS CORNER,12585.1,2019-01-29 08:27:00-05,
2024-08-03 15:40:00-04,ND0228,N,29,75.92,1.11%,2,ND0228 - US 301 NB AT HYETTS CORNER,12585.1,2019-01-29 08:27:00-05,
2024-08-03 15:45:00-04,ND0228,N,44,73.91,1.77%,2,ND0228 - US 301 NB AT HYETTS CORNER,12585.1,2019-01-29 08:27:00-05,
2024-08-03 15:50:00-04,ND0228,N,46,75.89,1.79%,2,ND0228 - US 301 NB AT HYETTS CORNER,12585.1,2019-01-29 08:27:00-05,
2024-08-03 15:55:00-04,ND0228,N,32,76.91,1.22%,2,ND0228 - US 301 NB AT HYETTS CORNER,12585.1,2019-01-29 08:27:00-05,
2024-08-03 16:00:00-04,ND0228,N,45,77.10,1.69%,2,ND0228 - US 301 NB AT HYETTS CORNER,12585.1,2019-01-29 08:27:00-05,
2024-08-03 16:05:00-04,ND0228,N,34,78.91,1.38%,2,ND0228 - US 301 NB AT HYETTS CORNER,12585.1,2019-01-29 08:27:00-05,
2024-08-03 16:10:00-04,ND0228,N,34,75.73,1.24%,2,ND0228 - US 301 NB AT HYETTS CORNER,12585.1,2019-01-29 08:27:00-05,
2024-08-03 16:15:00-04,ND0228,N,29,75.33,1.05%,2,ND0228 - US 301 NB AT HYETTS CORNER,12585.1,2019-01-29 08:27:00-05,
2024-08-03 16:20:00-04,ND0228,N,42,76.19,1.49%,2,ND0228 - US 301 NB AT HYETTS CORNER,12585.1,2019-01-29 08:27:00-05,
2024-08-03 16:25:00-04,ND0228,N,44,76.38,1.64%,2,ND0228 - US 301 NB AT HYETTS CORNER,12585.1,2019-01-29 08:27:00-05,
2024-08-03 16:30:00-04,ND0228,N,53,75.56,1.98%,2,ND0228 - US 301 NB AT HYETTS CORNER,12585.1,2019-01-29 08:27:00-05,
2024-08-03 16:35:00-04,ND0228,N,35,74.66,1.32%,2,ND0228 - US 301 NB AT HYETTS CORNER,12585.1,2019-01-29 08:27:00-05,
2024-08-03 16:40:00-04,ND0228,N,35,76.99,1.32%,2,ND0228 - US 301 NB AT HYETTS CORNER,12585.1,2019-01-29 08:27:00-05,
2024-08-03 16:45:00-04,ND0228,N,45,77.03,1.79%,2,ND0228 - US 301 NB AT HYETTS CORNER,12585.1,2019-01-29 08:27:00-05,
2024-08-03 16:50:00-04,ND0228,N,51,79.83,1.86%,2,ND0228 - US 301 NB AT HYETTS CORNER,12585.1,2019-01-29 08:27:00-05,
2024-08-03 16:55:00-04,ND0228,N,37,75.28,1.72%,2,ND0228 - US 301 NB AT HYETTS CORNER,12585.1,2019-01-29 08:27:00-05,
2024-08-03 17:00:00-04,ND0228,N,44,77.85,2.00%,2,ND0228 - US 301 NB AT HYETTS CORNER,12585.1,2019-01-29 08:27:00-05,
2024-08-03 17:05:00-04,ND0228,N,34,77.74,1.42%,2,ND0228 - US 301 NB AT HYETTS CORNER,12585.1,2019-01-29 08:27:00-05,
2024-08-03 17:10:00-04,ND0228,N,42,75.01,1.82%,2,ND0228 - US 301 NB AT HYETTS CORNER,12585.1,2019-01-29 08:27:00-05,
2024-08-03 17:15:00-04,ND0228,N,35,75.84,1.46%,2,ND0228 - US 301 NB AT HYETTS CORNER,12585.1,2019-01-29 08:27:00-05,
2024-08-03 17:20:00-04,ND0228,N,42,77.89,1.69%,2,ND0228 - US 301 NB AT HYETTS CORNER,12585.1,2019-01-29 08:27:00-05,
2024-08-03 17:25:00-04,ND0228,N,44,71.78,2.15%,2,ND0228 - US 301 NB AT HYETTS CORNER,12585.1,2019-01-29 08:27:00-05,
2024-08-03 17:30:00-04,ND0228,N,38,79.21,1.52%,2,ND0228 - US 301 NB AT HYETTS CORNER,12585.1,2019-01-29 08:27:00-05,
2024-08-03 17:35:00-04,ND0228,N,52,76.43,1.99%,2,ND0228 - US 301 NB AT HYETTS CORNER,12585.1,2019-01-29 08:27:00-05,
2024-08-03 17:40:00-04,ND0228,N,49,77.29,2.16%,2,ND0228 - US 301 NB AT HYETTS CORNER,12585.1,2019-01-29 08:27:00-05,
2024-08-03 17:45:00-04,ND0228,N,47,76.35,2.00%,2,ND0228 - US 301 NB AT HYETTS CORNER,12585.1,2019-01-29 08:27:00-05,
2024-08-03 17:50:00-04,ND0228,N,52,76.93,1.98%,2,ND0228 - US 301 NB AT HYETTS CORNER,12585.1,2019-01-29 08:27:00-05,
2024-08-03 17:55:00-04,ND0228,N,45,78.35,1.60%,2,ND0228 - US 301 NB AT HYETTS CORNER,12585.1,2019-01-29 08:27:00-05,
2024-08-03 18:00:00-04,ND0228,N,45,79.37,1.65%,2,ND0228 - US 301 NB AT HYETTS CORNER,12585.1,2019-01-29 08:27:00-05,
2024-08-03 18:05:00-04,ND0228,N,49,76.38,2.22%,2,ND0228 - US 301 NB AT HYETTS CORNER,12585.1,2019-01-29 08:27:00-05,
2024-08-03 18:10:00-04,ND0228,N,50,80.25,1.88%,2,ND0228 - US 301 NB AT HYETTS CORNER,12585.1,2019-01-29 08:27:00-05,
2024-08-03 18:15:00-04,ND0228,N,46,77.64,1.66%,2,ND0228 - US 301 NB AT HYETTS CORNER,12585.1,2019-01-29 08:27:00-05,
2024-08-03 18:20:00-04,ND0228,N,61,75.18,3.22%,2,ND0228 - US 301 NB AT HYETTS CORNER,12585.1,2019-01-29 08:27:00-05,
2024-08-03 18:25:00-04,ND0228,N,54,74.92,2.44%,2,ND0228 - US 301 NB AT HYETTS CORNER,12585.1,2019-01-29 08:27:00-05,
2024-08-03 18:30:00-04,ND0228,N,66,76.20,2.62%,2,ND0228 - US 301 NB AT HYETTS CORNER,12585.1,2019-01-29 08:27:00-05,
2024-08-03 18:35:00-04,ND0228,N,72,75.73,3.05%,2,ND0228 - US 301 NB AT HYETTS CORNER,12585.1,2019-01-29 08:27:00-05,
2024-08-03 18:40:00-04,ND0228,N,55,76.08,1.96%,2,ND0228 - US 301 NB AT HYETTS CORNER,12585.1,2019-01-29 08:27:00-05,
2024-08-03 18:45:00-04,ND0228,N,63,69.25,2.88%,2,ND0228 - US 301 NB AT HYETTS CORNER,12585.1,2019-01-29 08:27:00-05,
2024-08-03 18:50:00-04,ND0228,N,61,67.31,3.75%,2,ND0228 - US 301 NB AT HYETTS CORNER,12585.1,2019-01-29 08:27:00-05,
2024-08-03 18:55:00-04,ND0228,N,59,70.32,3.52%,2,ND0228 - US 301 NB AT HYETTS CORNER,12585.1,2019-01-29 08:27:00-05,
2024-08-03 19:00:00-04,ND0228,N,39,71.67,2.04%,2,ND0228 - US 301 NB AT HYETTS CORNER,12585.1,2019-01-29 08:27:00-05,
2024-08-03 19:05:00-04,ND0228,N,63,70.90,2.70%,2,ND0228 - US 301 NB AT HYETTS CORNER,12585.1,2019-01-29 08:27:00-05,
2024-08-03 19:10:00-04,ND0228,N,63,71.35,2.74%,2,ND0228 - US 301 NB AT HYETTS CORNER,12585.1,2019-01-29 08:27:00-05,
2024-08-03 19:15:00-04,ND0228,N,52,72.58,2.14%,2,ND0228 - US 301 NB AT HYETTS CORNER,12585.1,2019-01-29 08:27:00-05,
2024-08-03 19:20:00-04,ND0228,N,61,72.02,2.24%,2,ND0228 - US 301 NB AT HYETTS CORNER,12585.1,2019-01-29 08:27:00-05,
2024-08-03 19:25:00-04,ND0228,N,61,72.71,2.67%,2,ND0228 - US 301 NB AT HYETTS CORNER,12585.1,2019-01-29 08:27:00-05,
2024-08-03 19:30:00-04,ND0228,N,53,62.52,3.68%,2,ND0228 - US 301 NB AT HYETTS CORNER,12585.1,2019-01-29 08:27:00-05,
2024-08-03 19:35:00-04,ND0228,N,49,70.92,2.06%,2,ND0228 - US 301 NB AT HYETTS CORNER,12585.1,2019-01-29 08:27:00-05,
2024-08-03 19:40:00-04,ND0228,N,64,72.13,2.48%,2,ND0228 - US 301 NB AT HYETTS CORNER,12585.1,2019-01-29 08:27:00-05,
2024-08-03 19:45:00-04,ND0228,N,63,75.40,2.30%,2,ND0228 - US 301 NB AT HYETTS CORNER,12585.1,2019-01-29 08:27:00-05,
2024-08-03 19:50:00-04,ND0228,N,48,75.60,1.67%,2,ND0228 - US 301 NB AT HYETTS CORNER,12585.1,2019-01-29 08:27:00-05,
2024-08-03 19:55:00-04,ND0228,N,35,73.31,1.28%,2,ND0228 - US 301 NB AT HYETTS CORNER,12585.1,2019-01-29 08:27:00-05,
2024-08-03 20:00:00-04,ND0228,N,44,71.32,1.63%,2,ND0228 - US 301 NB AT HYETTS CORNER,12585.1,2019-01-29 08:27:00-05,
2024-08-03 20:05:00-04,ND0228,N,45,71.63,2.16%,2,ND0228 - US 301 NB AT HYETTS CORNER,12585.1,2019-01-29 08:27:00-05,
2024-08-03 20:10:00-04,ND0228,N,41,73.13,1.91%,2,ND0228 - US 301 NB AT HYETTS CORNER,12585.1,2019-01-29 08:27:00-05,
2024-08-03 20:15:00-04,ND0228,N,25,67.82,2.67%,2,ND0228 - US 301 NB AT HYETTS CORNER,12585.1,2019-01-29 08:27:00-05,
2024-08-03 20:20:00-04,ND0228,N,53,66.92,2.53%,2,ND0228 - US 301 NB AT HYETTS CORNER,12585.1,2019-01-29 08:27:00-05,
2024-08-03 20:25:00-04,ND0228,N,50,68.12,2.07%,2,ND0228 - US 301 NB AT HYETTS CORNER,12585.1,2019-01-29 08:27:00-05,
2024-08-03 20:30:00-04,ND0228,N,30,65.40,1.68%,2,ND0228 - US 301 NB AT HYETTS CORNER,12585.1,2019-01-29 08:27:00-05,
2024-08-03 20:35:00-04,ND0228,N,48,63.25,2.36%,2,ND0228 - US 301 NB AT HYETTS CORNER,12585.1,2019-01-29 08:27:00-05,
2024-08-03 20:40:00-04,ND0228,N,46,64.90,1.89%,2,ND0228 - US 301 NB AT HYETTS CORNER,12585.1,2019-01-29 08:27:00-05,
2024-08-03 20:45:00-04,ND0228,N,26,68.85,1.06%,2,ND0228 - US 301 NB AT HYETTS CORNER,12585.1,2019-01-29 08:27:00-05,
2024-08-03 20:50:00-04,ND0228,N,21,67.32,0.78%,2,ND0228 - US 301 NB AT HYETTS CORNER,12585.1,2019-01-29 08:27:00-05,
2024-08-03 20:55:00-04,ND0228,N,47,69.26,2.17%,2,ND0228 - US 301 NB AT HYETTS CORNER,12585.1,2019-01-29 08:27:00-05,
2024-08-03 21:00:00-04,ND0228,N,43,66.80,1.69%,2,ND0228 - US 301 NB AT HYETTS CORNER,12585.1,2019-01-29 08:27:00-05,
2024-08-03 21:05:00-04,ND0228,N,34,69.54,1.71%,2,ND0228 - US 301 NB AT HYETTS CORNER,12585.1,2019-01-29 08:27:00-05,
2024-08-03 21:10:00-04,ND0228,N,47,68.74,1.79%,2,ND0228 - US 301 NB AT HYETTS CORNER,12585.1,2019-01-29 08:27:00-05,
2024-08-03 21:15:00-04,ND0228,N,31,66.54,1.20%,2,ND0228 - US 301 NB AT HYETTS CORNER,12585.1,2019-01-29 08:27:00-05,
2024-08-03 21:20:00-04,ND0228,N,41,65.90,1.56%,2,ND0228 - US 301 NB AT HYETTS CORNER,12585.1,2019-01-29 08:27:00-05,
2024-08-03 21:25:00-04,ND0228,N,49,68.95,2.36%,2,ND0228 - US 301 NB AT HYETTS CORNER,12585.1,2019-01-29 08:27:00-05,
2024-08-03 21:30:00-04,ND0228,N,29,67.68,1.36%,2,ND0228 - US 301 NB AT HYETTS CORNER,12585.1,2019-01-29 08:27:00-05,
2024-08-03 21:35:00-04,ND0228,N,26,67.68,1.04%,2,ND0228 - US 301 NB AT HYETTS CORNER,12585.1,2019-01-29 08:27:00-05,
2024-08-03 21:40:00-04,ND0228,N,33,72.06,1.29%,2,ND0228 - US 301 NB AT HYETTS CORNER,12585.1,2019-01-29 08:27:00-05,
2024-08-03 21:45:00-04,ND0228,N,33,69.70,1.28%,2,ND0228 - US 301 NB AT HYETTS CORNER,12585.1,2019-01-29 08:27:00-05,
2024-08-03 21:50:00-04,ND0228,N,24,71.88,1.12%,2,ND0228 - US 301 NB AT HYETTS CORNER,12585.1,2019-01-29 08:27:00-05,
2024-08-03 21:55:00-04,ND0228,N,33,70.32,1.52%,2,ND0228 - US 301 NB AT HYETTS CORNER,12585.1,2019-01-29 08:27:00-05,
2024-08-03 22:00:00-04,ND0228,N,32,71.50,1.71%,2,ND0228 - US 301 NB AT HYETTS CORNER,12585.1,2019-01-29 08:27:00-05,
2024-08-03 22:05:00-04,ND0228,N,24,76.33,0.94%,2,ND0228 - US 301 NB AT HYETTS CORNER,12585.1,2019-01-29 08:27:00-05,
2024-08-03 22:10:00-04,ND0228,N,20,70.73,0.88%,2,ND0228 - US 301 NB AT HYETTS CORNER,12585.1,2019-01-29 08:27:00-05,
2024-08-03 22:15:00-04,ND0228,N,25,74.25,0.90%,2,ND0228 - US 301 NB AT HYETTS CORNER,12585.1,2019-01-29 08:27:00-05,
2024-08-03 22:20:00-04,ND0228,N,18,71.37,0.77%,2,ND0228 - US 301 NB AT HYETTS CORNER,12585.1,2019-01-29 08:27:00-05,
2024-08-03 22:25:00-04,ND0228,N,28,71.48,1.09%,2,ND0228 - US 301 NB AT HYETTS CORNER,12585.1,2019-01-29 08:27:00-05,
2024-08-03 22:30:00-04,ND0228,N,22,70.78,2.28%,2,ND0228 - US 301 NB AT HYETTS CORNER,12585.1,2019-01-29 08:27:00-05,
2024-08-03 22:35:00-04,ND0228,N,25,73.92,1.25%,2,ND0228 - US 301 NB AT HYETTS CORNER,12585.1,2019-01-29 08:27:00-05,
2024-08-03 22:40:00-04,ND0228,N,16,69.77,1.00%,2,ND0228 - US 301 NB AT HYETTS CORNER,12585.1,2019-01-29 08:27:00-05,
2024-08-03 22:45:00-04,ND0228,N,10,76.53,0.45%,2,ND0228 - US 301 NB AT HYETTS CORNER,12585.1,2019-01-29 08:27:00-05,
2024-08-03 22:50:00-04,ND0228,N,10,73.81,0.47%,2,ND0228 - US 301 NB AT HYETTS CORNER,12585.1,2019-01-29 08:27:00-05,
2024-08-03 22:55:00-04,ND0228,N,17,69.92,0.95%,2,ND0228 - US 301 NB AT HYETTS CORNER,12585.1,2019-01-29 08:27:00-05,
2024-08-03 23:00:00-04,ND0228,N,20,70.22,0.91%,2,ND0228 - US 301 NB AT HYETTS CORNER,12585.1,2019-01-29 08:27:00-05,
2024-08-03 23:05:00-04,ND0228,N,12,71.18,0.64%,2,ND0228 - US 301 NB AT HYETTS CORNER,12585.1,2019-01-29 08:27:00-05,
2024-08-03 23:10:00-04,ND0228,N,14,76.47,0.67%,2,ND0228 - US 301 NB AT HYETTS CORNER,12585.1,2019-01-29 08:27:00-05,
2024-08-03 23:15:00-04,ND0228,N,11,67.50,0.80%,2,ND0228 - US 301 NB AT HYETTS CORNER,12585.1,2019-01-29 08:27:00-05,
2024-08-03 23:20:00-04,ND0228,N,6,73.40,0.21%,2,ND0228 - US 301 NB AT HYETTS CORNER,12585.1,2019-01-29 08:27:00-05,
2024-08-03 23:25:00-04,ND0228,N,8,74.54,0.32%,2,ND0228 - US 301 NB AT HYETTS CORNER,12585.1,2019-01-29 08:27:00-05,
2024-08-03 23:30:00-04,ND0228,N,12,74.19,0.63%,2,ND0228 - US 301 NB AT HYETTS CORNER,12585.1,2019-01-29 08:27:00-05,
2024-08-03 23:35:00-04,ND0228,N,10,69.96,0.54%,2,ND0228 - US 301 NB AT HYETTS CORNER,12585.1,2019-01-29 08:27:00-05,
2024-08-03 23:40:00-04,ND0228,N,6,73.76,0.21%,2,ND0228 - US 301 NB AT HYETTS CORNER,12585.1,2019-01-29 08:27:00-05,
2024-08-03 23:45:00-04,ND0228,N,13,71.75,0.67%,2,ND0228 - US 301 NB AT HYETTS CORNER,12585.1,2019-01-29 08:27:00-05,
2024-08-03 23:50:00-04,ND0228,N,13,75.13,0.78%,2,ND0228 - US 301 NB AT HYETTS CORNER,12585.1,2019-01-29 08:27:00-05,
2024-08-03 23:55:00-04,ND0228,N,10,67.76,0.47%,2,ND0228 - US 301 NB AT HYETTS CORNER,12585.1,2019-01-29 08:27:00-05,
2024-08-04 00:00:00-04,ND0228,N,5,69.13,0.21%,2,ND0228 - US 301 NB AT HYETTS CORNER,12585.1,2019-01-29 08:27:00-05,
2024-08-04 00:05:00-04,ND0228,N,6,71.19,0.24%,2,ND0228 - US 301 NB AT HYETTS CORNER,12585.1,2019-01-29 08:27:00-05,
2024-08-04 00:10:00-04,ND0228,N,4,68.64,0.45%,2,ND0228 - US 301 NB AT HYETTS CORNER,12585.1,2019-01-29 08:27:00-05,
2024-08-04 00:15:00-04,ND0228,N,5,73.33,0.34%,2,ND0228 - US 301 NB AT HYETTS CORNER,12585.1,2019-01-29 08:27:00-05,
2024-08-04 00:20:00-04,ND0228,N,4,75.23,0.29%,1,ND0228 - US 301 NB AT HYETTS CORNER,12585.1,2019-01-29 08:27:00-05,
2024-08-04 00:25:00-04,ND0228,N,7,66.93,0.35%,2,ND0228 - US 301 NB AT HYETTS CORNER,12585.1,2019-01-29 08:27:00-05,
2024-08-04 00:30:00-04,ND0228,N,5,68.44,0.31%,2,ND0228 - US 301 NB AT HYETTS CORNER,12585.1,2019-01-29 08:27:00-05,
2024-08-04 00:35:00-04,ND0228,N,12,69.85,0.84%,2,ND0228 - US 301 NB AT HYETTS CORNER,12585.1,2019-01-29 08:27:00-05,
2024-08-04 00:40:00-04,ND0228,N,6,74.19,0.32%,2,ND0228 - US 301 NB AT HYETTS CORNER,12585.1,2019-01-29 08:27:00-05,
2024-08-04 00:45:00-04,ND0228,N,9,70.34,0.54%,2,ND0228 - US 301 NB AT HYETTS CORNER,12585.1,2019-01-29 08:27:00-05,
2024-08-04 00:50:00-04,ND0228,N,4,73.56,0.23%,2,ND0228 - US 301 NB AT HYETTS CORNER,12585.1,2019-01-29 08:27:00-05,
2024-08-04 00:55:00-04,ND0228,N,4,74.42,0.24%,2,ND0228 - US 301 NB AT HYETTS CORNER,12585.1,2019-01-29 08:27:00-05,
2024-08-04 01:00:00-04,ND0228,N,7,74.28,0.29%,2,ND0228 - US 301 NB AT HYETTS CORNER,12585.1,2019-01-29 08:27:00-05,
2024-08-04 01:05:00-04,ND0228,N,5,67.81,0.17%,2,ND0228 - US 301 NB AT HYETTS CORNER,12585.1,2019-01-29 08:27:00-05,
2024-08-04 01:10:00-04,ND0228,N,5,67.06,0.22%,2,ND0228 - US 301 NB AT HYETTS CORNER,12585.1,2019-01-29 08:27:00-05,
2024-08-04 01:15:00-04,ND0228,N,6,67.71,0.54%,1,ND0228 - US 301 NB AT HYETTS CORNER,12585.1,2019-01-29 08:27:00-05,
2024-08-04 01:20:00-04,ND0228,N,9,75.74,0.50%,2,ND0228 - US 301 NB AT HYETTS CORNER,12585.1,2019-01-29 08:27:00-05,
2024-08-04 01:25:00-04,ND0228,N,6,69.67,0.34%,2,ND0228 - US 301 NB AT HYETTS CORNER,12585.1,2019-01-29 08:27:00-05,
2024-08-04 01:30:00-04,ND0228,N,5,64.42,0.45%,2,ND0228 - US 301 NB AT HYETTS CORNER,12585.1,2019-01-29 08:27:00-05,
2024-08-04 01:35:00-04,ND0228,N,3,68.20,0.22%,2,ND0228 - US 301 NB AT HYETTS CORNER,12585.1,2019-01-29 08:27:00-05,
2024-08-04 01:40:00-04,ND0228,N,2,67.77,0.19%,2,ND0228 - US 301 NB AT HYETTS CORNER,12585.1,2019-01-29 08:27:00-05,
2024-08-04 01:45:00-04,ND0228,N,3,71.26,0.16%,2,ND0228 - US 301 NB AT HYETTS CORNER,12585.1,2019-01-29 08:27:00-05,
2024-08-04 01:50:00-04,ND0228,N,5,75.79,0.27%,2,ND0228 - US 301 NB AT HYETTS CORNER,12585.1,2019-01-29 08:27:00-05,
2024-08-04 01:55:00-04,ND0228,N,5,65.34,0.71%,1,ND0228 - US 301 NB AT HYETTS CORNER,12585.1,2019-01-29 08:27:00-05,
2024-08-04 02:00:00-04,ND0228,N,5,70.18,0.28%,2,ND0228 - US 301 NB AT HYETTS CORNER,12585.1,2019-01-29 08:27:00-05,
2024-08-04 02:05:00-04,ND0228,N,8,69.95,0.42%,2,ND0228 - US 301 NB AT HYETTS CORNER,12585.1,2019-01-29 08:27:00-05,
2024-08-04 02:10:00-04,ND0228,N,5,76.31,0.18%,2,ND0228 - US 301 NB AT HYETTS CORNER,12585.1,2019-01-29 08:27:00-05,
2024-08-04 02:20:00-04,ND0228,N,2,72.65,0.14%,1,ND0228 - US 301 NB AT HYETTS CORNER,12585.1,2019-01-29 08:27:00-05,
2024-08-04 02:25:00-04,ND0228,N,1,57.71,0.31%,1,ND0228 - US 301 NB AT HYETTS CORNER,12585.1,2019-01-29 08:27:00-05,
2024-08-04 02:30:00-04,ND0228,N,5,76.54,0.36%,2,ND0228 - US 301 NB AT HYETTS CORNER,12585.1,2019-01-29 08:27:00-05,
2024-08-04 02:35:00-04,ND0228,N,5,64.76,0.58%,1,ND0228 - US 301 NB AT HYETTS CORNER,12585.1,2019-01-29 08:27:00-05,
2024-08-04 02:40:00-04,ND0228,N,1,68.96,0.27%,1,ND0228 - US 301 NB AT HYETTS CORNER,12585.1,2019-01-29 08:27:00-05,
2024-08-04 02:45:00-04,ND0228,N,7,69.42,0.46%,2,ND0228 - US 301 NB AT HYETTS CORNER,12585.1,2019-01-29 08:27:00-05,
2024-08-04 02:50:00-04,ND0228,N,8,68.84,0.54%,2,ND0228 - US 301 NB AT HYETTS CORNER,12585.1,2019-01-29 08:27:00-05,
2024-08-04 02:55:00-04,ND0228,N,6,74.08,0.50%,2,ND0228 - US 301 NB AT HYETTS CORNER,12585.1,2019-01-29 08:27:00-05,
2024-08-04 03:00:00-04,ND0228,N,2,67.84,0.23%,1,ND0228 - US 301 NB AT HYETTS CORNER,12585.1,2019-01-29 08:27:00-05,
2024-08-04 03:05:00-04,ND0228,N,3,74.05,0.21%,1,ND0228 - US 301 NB AT HYETTS CORNER,12585.1,2019-01-29 08:27:00-05,
2024-08-04 03:10:00-04,ND0228,N,7,67.51,0.76%,1,ND0228 - US 301 NB AT HYETTS CORNER,12585.1,2019-01-29 08:27:00-05,
2024-08-04 03:15:00-04,ND0228,N,3,70.87,0.52%,1,ND0228 - US 301 NB AT HYETTS CORNER,12585.1,2019-01-29 08:27:00-05,
2024-08-04 03:20:00-04,ND0228,N,1,62.73,0.29%,1,ND0228 - US 301 NB AT HYETTS CORNER,12585.1,2019-01-29 08:27:00-05,
2024-08-04 03:25:00-04,ND0228,N,2,70.18,0.14%,1,ND0228 - US 301 NB AT HYETTS CORNER,12585.1,2019-01-29 08:27:00-05,
2024-08-04 03:30:00-04,ND0228,N,2,75.46,0.13%,1,ND0228 - US 301 NB AT HYETTS CORNER,12585.1,2019-01-29 08:27:00-05,
2024-08-04 03:35:00-04,ND0228,N,3,73.69,0.19%,2,ND0228 - US 301 NB AT HYETTS CORNER,12585.1,2019-01-29 08:27:00-05,
2024-08-04 03:40:00-04,ND0228,N,7,73.45,0.49%,2,ND0228 - US 301 NB AT HYETTS CORNER,12585.1,2019-01-29 08:27:00-05,
2024-08-04 03:45:00-04,ND0228,N,5,63.31,0.95%,1,ND0228 - US 301 NB AT HYETTS CORNER,12585.1,2019-01-29 08:27:00-05,
2024-08-04 03:50:00-04,ND0228,N,4,76.14,0.23%,2,ND0228 - US 301 NB AT HYETTS CORNER,12585.1,2019-01-29 08:27:00-05,
2024-08-04 03:55:00-04,ND0228,N,4,72.41,0.25%,2,ND0228 - US 301 NB AT HYETTS CORNER,12585.1,2019-01-29 08:27:00-05,
2024-08-04 04:00:00-04,ND0228,N,4,72.72,0.14%,2,ND0228 - US 301 NB AT HYETTS CORNER,12585.1,2019-01-29 08:27:00-05,
2024-08-04 04:05:00-04,ND0228,N,6,73.60,0.34%,2,ND0228 - US 301 NB AT HYETTS CORNER,12585.1,2019-01-29 08:27:00-05,
2024-08-04 04:10:00-04,ND0228,N,5,71.10,0.79%,1,ND0228 - US 301 NB AT HYETTS CORNER,12585.1,2019-01-29 08:27:00-05,
2024-08-04 04:15:00-04,ND0228,N,4,72.90,0.29%,1,ND0228 - US 301 NB AT HYETTS CORNER,12585.1,2019-01-29 08:27:00-05,
2024-08-04 04:20:00-04,ND0228,N,3,70.97,0.22%,2,ND0228 - US 301 NB AT HYETTS CORNER,12585.1,2019-01-29 08:27:00-05,
2024-08-04 04:25:00-04,ND0228,N,2,73.04,0.16%,1,ND0228 - US 301 NB AT HYETTS CORNER,12585.1,2019-01-29 08:27:00-05,
2024-08-04 04:30:00-04,ND0228,N,6,69.19,0.42%,2,ND0228 - US 301 NB AT HYETTS CORNER,12585.1,2019-01-29 08:27:00-05,
2024-08-04 04:35:00-04,ND0228,N,4,69.36,0.57%,2,ND0228 - US 301 NB AT HYETTS CORNER,12585.1,2019-01-29 08:27:00-05,
2024-08-04 04:40:00-04,ND0228,N,3,68.88,0.51%,1,ND0228 - US 301 NB AT HYETTS CORNER,12585.1,2019-01-29 08:27:00-05,
2024-08-04 04:45:00-04,ND0228,N,6,70.22,0.87%,1,ND0228 - US 301 NB AT HYETTS CORNER,12585.1,2019-01-29 08:27:00-05,
2024-08-04 04:50:00-04,ND0228,N,6,74.80,0.32%,2,ND0228 - US 301 NB AT HYETTS CORNER,12585.1,2019-01-29 08:27:00-05,
2024-08-04 04:55:00-04,ND0228,N,3,71.96,0.23%,1,ND0228 - US 301 NB AT HYETTS CORNER,12585.1,2019-01-29 08:27:00-05,
2024-08-04 05:00:00-04,ND0228,N,5,72.65,0.28%,2,ND0228 - US 301 NB AT HYETTS CORNER,12585.1,2019-01-29 08:27:00-05,
2024-08-04 05:05:00-04,ND0228,N,3,74.72,0.20%,2,ND0228 - US 301 NB AT HYETTS CORNER,12585.1,2019-01-29 08:27:00-05,
2024-08-04 05:10:00-04,ND0228,N,9,72.21,0.41%,2,ND0228 - US 301 NB AT HYETTS CORNER,12585.1,2019-01-29 08:27:00-05,
2024-08-04 05:15:00-04,ND0228,N,7,72.54,0.35%,2,ND0228 - US 301 NB AT HYETTS CORNER,12585.1,2019-01-29 08:27:00-05,
2024-08-04 05:20:00-04,ND0228,N,7,69.68,0.36%,2,ND0228 - US 301 NB AT HYETTS CORNER,12585.1,2019-01-29 08:27:00-05,
2024-08-04 05:25:00-04,ND0228,N,3,70.72,0.12%,2,ND0228 - US 301 NB AT HYETTS CORNER,12585.1,2019-01-29 08:27:00-05,
2024-08-04 05:30:00-04,ND0228,N,6,72.80,0.42%,2,ND0228 - US 301 NB AT HYETTS CORNER,12585.1,2019-01-29 08:27:00-05,
2024-08-04 05:35:00-04,ND0228,N,5,74.09,0.27%,2,ND0228 - US 301 NB AT HYETTS CORNER,12585.1,2019-01-29 08:27:00-05,
2024-08-04 05:40:00-04,ND0228,N,8,74.58,0.33%,2,ND0228 - US 301 NB AT HYETTS CORNER,12585.1,2019-01-29 08:27:00-05,
2024-08-04 05:45:00-04,ND0228,N,5,70.50,0.38%,1,ND0228 - US 301 NB AT HYETTS CORNER,12585.1,2019-01-29 08:27:00-05,
2024-08-04 05:50:00-04,ND0228,N,17,76.48,0.71%,2,ND0228 - US 301 NB AT HYETTS CORNER,12585.1,2019-01-29 08:27:00-05,
2024-08-04 05:55:00-04,ND0228,N,13,77.94,0.54%,2,ND0228 - US 301 NB AT HYETTS CORNER,12585.1,2019-01-29 08:27:00-05,
2024-08-04 06:00:00-04,ND0228,N,9,79.51,0.32%,2,ND0228 - US 301 NB AT HYETTS CORNER,12585.1,2019-01-29 08:27:00-05,
2024-08-04 06:05:00-04,ND0228,N,10,73.20,0.34%,2,ND0228 - US 301 NB AT HYETTS CORNER,12585.1,2019-01-29 08:27:00-05,
2024-08-04 06:10:00-04,ND0228,N,16,73.62,0.68%,2,ND0228 - US 301 NB AT HYETTS CORNER,12585.1,2019-01-29 08:27:00-05,
2024-08-04 06:15:00-04,ND0228,N,13,75.73,0.55%,2,ND0228 - US 301 NB AT HYETTS CORNER,12585.1,2019-01-29 08:27:00-05,
2024-08-04 06:20:00-04,ND0228,N,16,77.24,0.65%,2,ND0228 - US 301 NB AT HYETTS CORNER,12585.1,2019-01-29 08:27:00-05,
2024-08-04 06:25:00-04,ND0228,N,16,78.54,0.68%,2,ND0228 - US 301 NB AT HYETTS CORNER,12585.1,2019-01-29 08:27:00-05,
2024-08-04 06:30:00-04,ND0228,N,22,76.43,0.87%,2,ND0228 - US 301 NB AT HYETTS CORNER,12585.1,2019-01-29 08:27:00-05,
2024-08-04 06:35:00-04,ND0228,N,16,76.79,0.56%,2,ND0228 - US 301 NB AT HYETTS CORNER,12585.1,2019-01-29 08:27:00-05,
2024-08-04 06:40:00-04,ND0228,N,15,80.31,0.49%,2,ND0228 - US 301 NB AT HYETTS CORNER,12585.1,2019-01-29 08:27:00-05,
2024-08-04 06:45:00-04,ND0228,N,10,76.59,0.34%,2,ND0228 - US 301 NB AT HYETTS CORNER,12585.1,2019-01-29 08:27:00-05,
2024-08-04 06:50:00-04,ND0228,N,9,74.62,0.51%,2,ND0228 - US 301 NB AT HYETTS CORNER,12585.1,2019-01-29 08:27:00-05,
2024-08-04 06:55:00-04,ND0228,N,13,74.82,0.74%,2,ND0228 - US 301 NB AT HYETTS CORNER,12585.1,2019-01-29 08:27:00-05,
2024-08-04 07:00:00-04,ND0228,N,18,77.11,0.64%,2,ND0228 - US 301 NB AT HYETTS CORNER,12585.1,2019-01-29 08:27:00-05,
2024-08-04 07:05:00-04,ND0228,N,12,72.70,0.60%,2,ND0228 - US 301 NB AT HYETTS CORNER,12585.1,2019-01-29 08:27:00-05,
2024-08-04 07:10:00-04,ND0228,N,17,77.46,0.74%,2,ND0228 - US 301 NB AT HYETTS CORNER,12585.1,2019-01-29 08:27:00-05,
2024-08-04 07:15:00-04,ND0228,N,19,75.77,0.75%,2,ND0228 - US 301 NB AT HYETTS CORNER,12585.1,2019-01-29 08:27:00-05,
2024-08-04 07:20:00-04,ND0228,N,13,76.05,0.47%,2,ND0228 - US 301 NB AT HYETTS CORNER,12585.1,2019-01-29 08:27:00-05,
2024-08-04 07:25:00-04,ND0228,N,17,76.13,0.66%,2,ND0228 - US 301 NB AT HYETTS CORNER,12585.1,2019-01-29 08:27:00-05,
2024-08-04 07:30:00-04,ND0228,N,24,79.52,0.95%,2,ND0228 - US 301 NB AT HYETTS CORNER,12585.1,2019-01-29 08:27:00-05,
2024-08-04 07:35:00-04,ND0228,N,26,77.43,0.97%,2,ND0228 - US 301 NB AT HYETTS CORNER,12585.1,2019-01-29 08:27:00-05,
2024-08-04 07:40:00-04,ND0228,N,14,75.16,0.72%,2,ND0228 - US 301 NB AT HYETTS CORNER,12585.1,2019-01-29 08:27:00-05,
2024-08-04 07:45:00-04,ND0228,N,18,79.70,0.58%,2,ND0228 - US 301 NB AT HYETTS CORNER,12585.1,2019-01-29 08:27:00-05,
2024-08-04 07:50:00-04,ND0228,N,16,75.82,0.59%,2,ND0228 - US 301 NB AT HYETTS CORNER,12585.1,2019-01-29 08:27:00-05,
2024-08-04 07:55:00-04,ND0228,N,23,79.80,0.93%,2,ND0228 - US 301 NB AT HYETTS CORNER,12585.1,2019-01-29 08:27:00-05,
2024-08-04 08:00:00-04,ND0228,N,28,77.82,1.24%,2,ND0228 - US 301 NB AT HYETTS CORNER,12585.1,2019-01-29 08:27:00-05,
2024-08-04 08:05:00-04,ND0228,N,31,78.09,1.26%,2,ND0228 - US 301 NB AT HYETTS CORNER,12585.1,2019-01-29 08:27:00-05,
2024-08-04 08:10:00-04,ND0228,N,28,79.54,1.06%,2,ND0228 - US 301 NB AT HYETTS CORNER,12585.1,2019-01-29 08:27:00-05,
2024-08-04 08:15:00-04,ND0228,N,19,74.42,0.80%,2,ND0228 - US 301 NB AT HYETTS CORNER,12585.1,2019-01-29 08:27:00-05,
2024-08-04 08:20:00-04,ND0228,N,23,77.37,1.02%,2,ND0228 - US 301 NB AT HYETTS CORNER,12585.1,2019-01-29 08:27:00-05,
2024-08-04 08:25:00-04,ND0228,N,30,76.66,1.00%,2,ND0228 - US 301 NB AT HYETTS CORNER,12585.1,2019-01-29 08:27:00-05,
2024-08-04 08:30:00-04,ND0228,N,26,74.79,1.02%,2,ND0228 - US 301 NB AT HYETTS CORNER,12585.1,2019-01-29 08:27:00-05,
2024-08-04 08:35:00-04,ND0228,N,39,75.93,1.63%,2,ND0228 - US 301 NB AT HYETTS CORNER,12585.1,2019-01-29 08:27:00-05,
2024-08-04 08:40:00-04,ND0228,N,30,79.00,1.04%,2,ND0228 - US 301 NB AT HYETTS CORNER,12585.1,2019-01-29 08:27:00-05,
2024-08-04 08:45:00-04,ND0228,N,35,74.35,1.36%,2,ND0228 - US 301 NB AT HYETTS CORNER,12585.1,2019-01-29 08:27:00-05,
2024-08-04 08:50:00-04,ND0228,N,34,75.03,1.44%,2,ND0228 - US 301 NB AT HYETTS CORNER,12585.1,2019-01-29 08:27:00-05,
2024-08-04 08:55:00-04,ND0228,N,30,76.88,1.05%,2,ND0228 - US 301 NB AT HYETTS CORNER,12585.1,2019-01-29 08:27:00-05,
2024-08-04 09:00:00-04,ND0228,N,37,77.56,1.51%,2,ND0228 - US 301 NB AT HYETTS CORNER,12585.1,2019-01-29 08:27:00-05,
2024-08-04 09:05:00-04,ND0228,N,26,76.44,0.90%,2,ND0228 - US 301 NB AT HYETTS CORNER,12585.1,2019-01-29 08:27:00-05,
2024-08-04 09:10:00-04,ND0228,N,37,76.41,1.26%,2,ND0228 - US 301 NB AT HYETTS CORNER,12585.1,2019-01-29 08:27:00-05,
2024-08-04 09:15:00-04,ND0228,N,38,77.39,1.33%,2,ND0228 - US 301 NB AT HYETTS CORNER,12585.1,2019-01-29 08:27:00-05,
2024-08-04 09:20:00-04,ND0228,N,37,77.43,1.37%,2,ND0228 - US 301 NB AT HYETTS CORNER,12585.1,2019-01-29 08:27:00-05,
2024-08-04 09:25:00-04,ND0228,N,32,77.97,1.08%,2,ND0228 - US 301 NB AT HYETTS CORNER,12585.1,2019-01-29 08:27:00-05,
2024-08-04 09:30:00-04,ND0228,N,39,76.75,1.46%,2,ND0228 - US 301 NB AT HYETTS CORNER,12585.1,2019-01-29 08:27:00-05,
2024-08-04 09:35:00-04,ND0228,N,40,75.07,1.58%,2,ND0228 - US 301 NB AT HYETTS CORNER,12585.1,2019-01-29 08:27:00-05,
2024-08-04 09:40:00-04,ND0228,N,56,76.75,2.26%,2,ND0228 - US 301 NB AT HYETTS CORNER,12585.1,2019-01-29 08:27:00-05,
2024-08-04 09:45:00-04,ND0228,N,44,76.02,1.74%,2,ND0228 - US 301 NB AT HYETTS CORNER,12585.1,2019-01-29 08:27:00-05,
2024-08-04 09:50:00-04,ND0228,N,40,76.63,1.50%,2,ND0228 - US 301 NB AT HYETTS CORNER,12585.1,2019-01-29 08:27:00-05,
2024-08-04 09:55:00-04,ND0228,N,60,75.61,2.17%,2,ND0228 - US 301 NB AT HYETTS CORNER,12585.1,2019-01-29 08:27:00-05,
2024-08-04 10:00:00-04,ND0228,N,52,76.17,1.92%,2,ND0228 - US 301 NB AT HYETTS CORNER,12585.1,2019-01-29 08:27:00-05,
2024-08-04 10:05:00-04,ND0228,N,61,78.01,2.11%,2,ND0228 - US 301 NB AT HYETTS CORNER,12585.1,2019-01-29 08:27:00-05,
2024-08-04 10:10:00-04,ND0228,N,53,78.04,1.77%,2,ND0228 - US 301 NB AT HYETTS CORNER,12585.1,2019-01-29 08:27:00-05,
2024-08-04 10:15:00-04,ND0228,N,48,73.75,1.85%,2,ND0228 - US 301 NB AT HYETTS CORNER,12585.1,2019-01-29 08:27:00-05,
2024-08-04 10:20:00-04,ND0228,N,52,77.30,1.93%,2,ND0228 - US 301 NB AT HYETTS CORNER,12585.1,2019-01-29 08:27:00-05,
2024-08-04 10:25:00-04,ND0228,N,47,77.95,1.61%,2,ND0228 - US 301 NB AT HYETTS CORNER,12585.1,2019-01-29 08:27:00-05,
2024-08-04 10:30:00-04,ND0228,N,50,77.34,1.81%,2,ND0228 - US 301 NB AT HYETTS CORNER,12585.1,2019-01-29 08:27:00-05,
2024-08-04 10:35:00-04,ND0228,N,69,77.63,2.41%,2,ND0228 - US 301 NB AT HYETTS CORNER,12585.1,2019-01-29 08:27:00-05,
2024-08-04 10:40:00-04,ND0228,N,56,78.70,2.21%,2,ND0228 - US 301 NB AT HYETTS CORNER,12585.1,2019-01-29 08:27:00-05,
2024-08-04 10:45:00-04,ND0228,N,55,79.35,2.15%,2,ND0228 - US 301 NB AT HYETTS CORNER,12585.1,2019-01-29 08:27:00-05,
2024-08-04 10:50:00-04,ND0228,N,64,74.64,2.29%,2,ND0228 - US 301 NB AT HYETTS CORNER,12585.1,2019-01-29 08:27:00-05,
2024-08-04 10:55:00-04,ND0228,N,61,76.14,2.36%,2,ND0228 - US 301 NB AT HYETTS CORNER,12585.1,2019-01-29 08:27:00-05,
2024-08-04 11:00:00-04,ND0228,N,68,78.18,2.54%,2,ND0228 - US 301 NB AT HYETTS CORNER,12585.1,2019-01-29 08:27:00-05,
2024-08-04 11:05:00-04,ND0228,N,75,76.20,2.75%,2,ND0228 - US 301 NB AT HYETTS CORNER,12585.1,2019-01-29 08:27:00-05,
2024-08-04 11:10:00-04,ND0228,N,52,75.87,2.42%,2,ND0228 - US 301 NB AT HYETTS CORNER,12585.1,2019-01-29 08:27:00-05,
2024-08-04 11:15:00-04,ND0228,N,53,76.21,1.98%,2,ND0228 - US 301 NB AT HYETTS CORNER,12585.1,2019-01-29 08:27:00-05,
2024-08-04 11:20:00-04,ND0228,N,66,76.54,2.42%,2,ND0228 - US 301 NB AT HYETTS CORNER,12585.1,2019-01-29 08:27:00-05,
2024-08-04 11:25:00-04,ND0228,N,61,76.27,2.17%,2,ND0228 - US 301 NB AT HYETTS CORNER,12585.1,2019-01-29 08:27:00-05,
2024-08-04 11:30:00-04,ND0228,N,81,77.46,3.06%,2,ND0228 - US 301 NB AT HYETTS CORNER,12585.1,2019-01-29 08:27:00-05,
2024-08-04 11:35:00-04,ND0228,N,72,76.52,2.75%,2,ND0228 - US 301 NB AT HYETTS CORNER,12585.1,2019-01-29 08:27:00-05,
2024-08-04 11:40:00-04,ND0228,N,70,76.25,2.54%,2,ND0228 - US 301 NB AT HYETTS CORNER,12585.1,2019-01-29 08:27:00-05,
2024-08-04 11:45:00-04,ND0228,N,69,75.92,2.70%,2,ND0228 - US 301 NB AT HYETTS CORNER,12585.1,2019-01-29 08:27:00-05,
2024-08-04 11:50:00-04,ND0228,N,62,76.69,2.29%,2,ND0228 - US 301 NB AT HYETTS CORNER,12585.1,2019-01-29 08:27:00-05,
2024-08-04 11:55:00-04,ND0228,N,40,76.49,1.49%,2,ND0228 - US 301 NB AT HYETTS CORNER,12585.1,2019-01-29 08:27:00-05,
2024-08-04 12:00:00-04,ND0228,N,67,76.56,2.55%,2,ND0228 - US 301 NB AT HYETTS CORNER,12585.1,2019-01-29 08:27:00-05,
2024-08-04 12:05:00-04,ND0228,N,73,78.14,2.75%,2,ND0228 - US 301 NB AT HYETTS CORNER,12585.1,2019-01-29 08:27:00-05,
2024-08-04 12:10:00-04,ND0228,N,70,74.41,2.55%,2,ND0228 - US 301 NB AT HYETTS CORNER,12585.1,2019-01-29 08:27:00-05,
2024-08-04 12:15:00-04,ND0228,N,77,77.52,2.76%,2,ND0228 - US 301 NB AT HYETTS CORNER,12585.1,2019-01-29 08:27:00-05,
2024-08-04 12:20:00-04,ND0228,N,67,79.00,2.45%,2,ND0228 - US 301 NB AT HYETTS CORNER,12585.1,2019-01-29 08:27:00-05,
2024-08-04 12:25:00-04,ND0228,N,75,79.38,2.59%,2,ND0228 - US 301 NB AT HYETTS CORNER,12585.1,2019-01-29 08:27:00-05,
2024-08-04 12:30:00-04,ND0228,N,79,76.63,3.09%,2,ND0228 - US 301 NB AT HYETTS CORNER,12585.1,2019-01-29 08:27:00-05,
2024-08-04 12:35:00-04,ND0228,N,66,76.76,2.40%,2,ND0228 - US 301 NB AT HYETTS CORNER,12585.1,2019-01-29 08:27:00-05,
2024-08-04 12:40:00-04,ND0228,N,77,78.28,2.81%,2,ND0228 - US 301 NB AT HYETTS CORNER,12585.1,2019-01-29 08:27:00-05,
2024-08-04 12:45:00-04,ND0228,N,73,77.67,2.48%,2,ND0228 - US 301 NB AT HYETTS CORNER,12585.1,2019-01-29 08:27:00-05,
2024-08-04 12:50:00-04,ND0228,N,65,78.54,2.52%,2,ND0228 - US 301 NB AT HYETTS CORNER,12585.1,2019-01-29 08:27:00-05,
2024-08-04 12:55:00-04,ND0228,N,77,76.14,2.77%,2,ND0228 - US 301 NB AT HYETTS CORNER,12585.1,2019-01-29 08:27:00-05,
2024-08-04 13:00:00-04,ND0228,N,56,76.15,2.02%,2,ND0228 - US 301 NB AT HYETTS CORNER,12585.1,2019-01-29 08:27:00-05,
2024-08-04 13:05:00-04,ND0228,N,63,74.80,2.53%,2,ND0228 - US 301 NB AT HYETTS CORNER,12585.1,2019-01-29 08:27:00-05,
2024-08-04 13:10:00-04,ND0228,N,59,78.45,2.21%,2,ND0228 - US 301 NB AT HYETTS CORNER,12585.1,2019-01-29 08:27:00-05,
2024-08-04 13:15:00-04,ND0228,N,49,75.15,2.05%,2,ND0228 - US 301 NB AT HYETTS CORNER,12585.1,2019-01-29 08:27:00-05,
2024-08-04 13:20:00-04,ND0228,N,60,78.09,2.21%,2,ND0228 - US 301 NB AT HYETTS CORNER,12585.1,2019-01-29 08:27:00-05,
2024-08-04 13:25:00-04,ND0228,N,62,76.41,2.20%,2,ND0228 - US 301 NB AT HYETTS CORNER,12585.1,2019-01-29 08:27:00-05,
2024-08-04 13:30:00-04,ND0228,N,73,75.07,2.85%,2,ND0228 - US 301 NB AT HYETTS CORNER,12585.1,2019-01-29 08:27:00-05,
2024-08-04 13:35:00-04,ND0228,N,56,76.56,2.48%,2,ND0228 - US 301 NB AT HYETTS CORNER,12585.1,2019-01-29 08:27:00-05,
2024-08-04 13:40:00-04,ND0228,N,69,77.04,2.38%,2,ND0228 - US 301 NB AT HYETTS CORNER,12585.1,2019-01-29 08:27:00-05,
2024-08-04 13:45:00-04,ND0228,N,42,76.12,1.65%,2,ND0228 - US 301 NB AT HYETTS CORNER,12585.1,2019-01-29 08:27:00-05,
2024-08-04 13:50:00-04,ND0228,N,64,74.96,2.55%,2,ND0228 - US 301 NB AT HYETTS CORNER,12585.1,2019-01-29 08:27:00-05,
2024-08-04 13:55:00-04,ND0228,N,52,74.99,1.97%,2,ND0228 - US 301 NB AT HYETTS CORNER,12585.1,2019-01-29 08:27:00-05,
2024-08-04 14:00:00-04,ND0228,N,62,75.61,2.54%,2,ND0228 - US 301 NB AT HYETTS CORNER,12585.1,2019-01-29 08:27:00-05,
2024-08-04 14:05:00-04,ND0228,N,65,75.50,2.40%,2,ND0228 - US 301 NB AT HYETTS CORNER,12585.1,2019-01-29 08:27:00-05,
2024-08-04 14:10:00-04,ND0228,N,72,78.99,2.68%,2,ND0228 - US 301 NB AT HYETTS CORNER,12585.1,2019-01-29 08:27:00-05,
2024-08-04 14:15:00-04,ND0228,N,54,77.30,1.84%,2,ND0228 - US 301 NB AT HYETTS CORNER,12585.1,2019-01-29 08:27:00-05,
2024-08-04 14:20:00-04,ND0228,N,65,76.53,2.35%,2,ND0228 - US 301 NB AT HYETTS CORNER,12585.1,2019-01-29 08:27:00-05,
2024-08-04 14:25:00-04,ND0228,N,66,77.31,2.41%,2,ND0228 - US 301 NB AT HYETTS CORNER,12585.1,2019-01-29 08:27:00-05,
2024-08-04 14:30:00-04,ND0228,N,56,75.48,2.38%,2,ND0228 - US 301 NB AT HYETTS CORNER,12585.1,2019-01-29 08:27:00-05,
2024-08-04 14:35:00-04,ND0228,N,78,76.68,2.86%,2,ND0228 - US 301 NB AT HYETTS CORNER,12585.1,2019-01-29 08:27:00-05,
2024-08-04 14:40:00-04,ND0228,N,70,75.78,2.99%,2,ND0228 - US 301 NB AT HYETTS CORNER,12585.1,2019-01-29 08:27:00-05,
2024-08-04 14:45:00-04,ND0228,N,64,77.29,2.22%,2,ND0228 - US 301 NB AT HYETTS CORNER,12585.1,2019-01-29 08:27:00-05,
2024-08-04 14:50:00-04,ND0228,N,73,75.96,3.01%,2,ND0228 - US 301 NB AT HYETTS CORNER,12585.1,2019-01-29 08:27:00-05,
2024-08-04 14:55:00-04,ND0228,N,60,77.21,2.47%,2,ND0228 - US 301 NB AT HYETTS CORNER,12585.1,2019-01-29 08:27:00-05,
2024-08-04 15:00:00-04,ND0228,N,66,75.52,2.57%,2,ND0228 - US 301 NB AT HYETTS CORNER,12585.1,2019-01-29 08:27:00-05,
2024-08-04 15:05:00-04,ND0228,N,51,80.31,2.00%,2,ND0228 - US 301 NB AT HYETTS CORNER,12585.1,2019-01-29 08:27:00-05,
2024-08-04 15:10:00-04,ND0228,N,53,78.38,2.00%,2,ND0228 - US 301 NB AT HYETTS CORNER,12585.1,2019-01-29 08:27:00-05,
2024-08-04 15:15:00-04,ND0228,N,80,77.94,2.98%,2,ND0228 - US 301 NB AT HYETTS CORNER,12585.1,2019-01-29 08:27:00-05,
2024-08-04 15:20:00-04,ND0228,N,85,77.06,3.15%,2,ND0228 - US 301 NB AT HYETTS CORNER,12585.1,2019-01-29 08:27:00-05,
2024-08-04 15:25:00-04,ND0228,N,72,76.92,2.63%,2,ND0228 - US 301 NB AT HYETTS CORNER,12585.1,2019-01-29 08:27:00-05,
2024-08-04 15:30:00-04,ND0228,N,87,76.89,3.27%,2,ND0228 - US 301 NB AT HYETTS CORNER,12585.1,2019-01-29 08:27:00-05,
2024-08-04 15:35:00-04,ND0228,N,65,77.87,2.38%,2,ND0228 - US 301 NB AT HYETTS CORNER,12585.1,2019-01-29 08:27:00-05,
2024-08-04 15:40:00-04,ND0228,N,60,75.85,2.37%,2,ND0228 - US 301 NB AT HYETTS CORNER,12585.1,2019-01-29 08:27:00-05,
2024-08-04 15:45:00-04,ND0228,N,75,77.53,2.86%,2,ND0228 - US 301 NB AT HYETTS CORNER,12585.1,2019-01-29 08:27:00-05,
2024-08-04 15:50:00-04,ND0228,N,96,76.45,3.60%,2,ND0228 - US 301 NB AT HYETTS CORNER,12585.1,2019-01-29 08:27:00-05,
2024-08-04 15:55:00-04,ND0228,N,69,76.77,2.74%,2,ND0228 - US 301 NB AT HYETTS CORNER,12585.1,2019-01-29 08:27:00-05,
2024-08-04 16:00:00-04,ND0228,N,68,79.14,2.30%,2,ND0228 - US 301 NB AT HYETTS CORNER,12585.1,2019-01-29 08:27:00-05,
2024-08-04 16:05:00-04,ND0228,N,78,77.05,2.97%,2,ND0228 - US 301 NB AT HYETTS CORNER,12585.1,2019-01-29 08:27:00-05,
2024-08-04 16:10:00-04,ND0228,N,48,77.54,1.88%,2,ND0228 - US 301 NB AT HYETTS CORNER,12585.1,2019-01-29 08:27:00-05,
2024-08-04 16:15:00-04,ND0228,N,80,76.92,2.92%,2,ND0228 - US 301 NB AT HYETTS CORNER,12585.1,2019-01-29 08:27:00-05,
2024-08-04 16:20:00-04,ND0228,N,74,77.12,2.79%,2,ND0228 - US 301 NB AT HYETTS CORNER,12585.1,2019-01-29 08:27:00-05,
2024-08-04 16:25:00-04,ND0228,N,63,77.18,2.38%,2,ND0228 - US 301 NB AT HYETTS CORNER,12585.1,2019-01-29 08:27:00-05,
2024-08-04 16:30:00-04,ND0228,N,57,76.23,2.15%,2,ND0228 - US 301 NB AT HYETTS CORNER,12585.1,2019-01-29 08:27:00-05,
2024-08-04 16:35:00-04,ND0228,N,70,75.73,2.90%,2,ND0228 - US 301 NB AT HYETTS CORNER,12585.1,2019-01-29 08:27:00-05,
2024-08-04 16:40:00-04,ND0228,N,60,75.44,2.43%,2,ND0228 - US 301 NB AT HYETTS CORNER,12585.1,2019-01-29 08:27:00-05,
2024-08-04 16:45:00-04,ND0228,N,72,73.94,2.92%,2,ND0228 - US 301 NB AT HYETTS CORNER,12585.1,2019-01-29 08:27:00-05,
2024-08-04 16:50:00-04,ND0228,N,66,76.08,2.51%,2,ND0228 - US 301 NB AT HYETTS CORNER,12585.1,2019-01-29 08:27:00-05,
2024-08-04 16:55:00-04,ND0228,N,66,76.33,2.40%,2,ND0228 - US 301 NB AT HYETTS CORNER,12585.1,2019-01-29 08:27:00-05,
2024-08-04 17:00:00-04,ND0228,N,61,74.31,2.49%,2,ND0228 - US 301 NB AT HYETTS CORNER,12585.1,2019-01-29 08:27:00-05,
2024-08-04 17:05:00-04,ND0228,N,68,75.73,2.74%,2,ND0228 - US 301 NB AT HYETTS CORNER,12585.1,2019-01-29 08:27:00-05,
2024-08-04 17:10:00-04,ND0228,N,55,76.06,2.22%,2,ND0228 - US 301 NB AT HYETTS CORNER,12585.1,2019-01-29 08:27:00-05,
2024-08-04 17:15:00-04,ND0228,N,60,76.91,2.29%,2,ND0228 - US 301 NB AT HYETTS CORNER,12585.1,2019-01-29 08:27:00-05,
2024-08-04 17:20:00-04,ND0228,N,71,76.38,2.88%,2,ND0228 - US 301 NB AT HYETTS CORNER,12585.1,2019-01-29 08:27:00-05,
2024-08-04 17:25:00-04,ND0228,N,59,76.50,2.24%,2,ND0228 - US 301 NB AT HYETTS CORNER,12585.1,2019-01-29 08:27:00-05,
2024-08-04 17:30:00-04,ND0228,N,57,78.56,2.04%,2,ND0228 - US 301 NB AT HYETTS CORNER,12585.1,2019-01-29 08:27:00-05,
2024-08-04 17:35:00-04,ND0228,N,46,77.59,1.78%,2,ND0228 - US 301 NB AT HYETTS CORNER,12585.1,2019-01-29 08:27:00-05,
2024-08-04 17:40:00-04,ND0228,N,41,76.77,1.60%,2,ND0228 - US 301 NB AT HYETTS CORNER,12585.1,2019-01-29 08:27:00-05,
2024-08-04 17:45:00-04,ND0228,N,47,75.96,1.76%,2,ND0228 - US 301 NB AT HYETTS CORNER,12585.1,2019-01-29 08:27:00-05,
2024-08-04 17:50:00-04,ND0228,N,60,76.60,2.19%,2,ND0228 - US 301 NB AT HYETTS CORNER,12585.1,2019-01-29 08:27:00-05,
2024-08-04 17:55:00-04,ND0228,N,47,75.75,1.72%,2,ND0228 - US 301 NB AT HYETTS CORNER,12585.1,2019-01-29 08:27:00-05,
2024-08-04 18:00:00-04,ND0228,N,50,79.35,1.86%,2,ND0228 - US 301 NB AT HYETTS CORNER,12585.1,2019-01-29 08:27:00-05,
2024-08-04 18:05:00-04,ND0228,N,53,78.71,1.78%,2,ND0228 - US 301 NB AT HYETTS CORNER,12585.1,2019-01-29 08:27:00-05,
2024-08-04 18:10:00-04,ND0228,N,48,78.08,1.76%,2,ND0228 - US 301 NB AT HYETTS CORNER,12585.1,2019-01-29 08:27:00-05,
2024-08-04 18:15:00-04,ND0228,N,62,77.66,2.30%,2,ND0228 - US 301 NB AT HYETTS CORNER,12585.1,2019-01-29 08:27:00-05,
2024-08-04 18:20:00-04,ND0228,N,59,78.80,2.22%,2,ND0228 - US 301 NB AT HYETTS CORNER,12585.1,2019-01-29 08:27:00-05,
2024-08-04 18:25:00-04,ND0228,N,60,78.21,2.44%,2,ND0228 - US 301 NB AT HYETTS CORNER,12585.1,2019-01-29 08:27:00-05,
2024-08-04 18:30:00-04,ND0228,N,70,77.08,2.65%,2,ND0228 - US 301 NB AT HYETTS CORNER,12585.1,2019-01-29 08:27:00-05,
2024-08-04 18:35:00-04,ND0228,N,47,77.85,1.93%,2,ND0228 - US 301 NB AT HYETTS CORNER,12585.1,2019-01-29 08:27:00-05,
2024-08-04 18:40:00-04,ND0228,N,61,76.32,2.42%,2,ND0228 - US 301 NB AT HYETTS CORNER,12585.1,2019-01-29 08:27:00-05,
2024-08-04 18:45:00-04,ND0228,N,50,77.28,2.05%,2,ND0228 - US 301 NB AT HYETTS CORNER,12585.1,2019-01-29 08:27:00-05,
2024-08-04 18:50:00-04,ND0228,N,40,75.45,1.97%,2,ND0228 - US 301 NB AT HYETTS CORNER,12585.1,2019-01-29 08:27:00-05,
2024-08-04 18:55:00-04,ND0228,N,46,77.24,1.74%,2,ND0228 - US 301 NB AT HYETTS CORNER,12585.1,2019-01-29 08:27:00-05,
2024-08-04 19:00:00-04,ND0228,N,35,78.20,1.55%,2,ND0228 - US 301 NB AT HYETTS CORNER,12585.1,2019-01-29 08:27:00-05,
2024-08-04 19:05:00-04,ND0228,N,37,76.36,1.71%,2,ND0228 - US 301 NB AT HYETTS CORNER,12585.1,2019-01-29 08:27:00-05,
2024-08-04 19:10:00-04,ND0228,N,36,77.85,1.44%,2,ND0228 - US 301 NB AT HYETTS CORNER,12585.1,2019-01-29 08:27:00-05,
2024-08-04 19:15:00-04,ND0228,N,35,77.36,1.41%,2,ND0228 - US 301 NB AT HYETTS CORNER,12585.1,2019-01-29 08:27:00-05,
2024-08-04 19:20:00-04,ND0228,N,54,77.41,1.97%,2,ND0228 - US 301 NB AT HYETTS CORNER,12585.1,2019-01-29 08:27:00-05,
2024-08-04 19:25:00-04,ND0228,N,32,73.56,1.60%,2,ND0228 - US 301 NB AT HYETTS CORNER,12585.1,2019-01-29 08:27:00-05,
2024-08-04 19:30:00-04,ND0228,N,37,75.52,1.77%,2,ND0228 - US 301 NB AT HYETTS CORNER,12585.1,2019-01-29 08:27:00-05,
2024-08-04 19:35:00-04,ND0228,N,32,74.29,1.37%,2,ND0228 - US 301 NB AT HYETTS CORNER,12585.1,2019-01-29 08:27:00-05,
2024-08-04 19:40:00-04,ND0228,N,22,72.87,2.05%,1,ND0228 - US 301 NB AT HYETTS CORNER,12585.1,2019-01-29 08:27:00-05,
2024-08-04 19:45:00-04,ND0228,N,24,74.37,1.19%,2,ND0228 - US 301 NB AT HYETTS CORNER,12585.1,2019-01-29 08:27:00-05,
2024-08-04 19:50:00-04,ND0228,N,25,76.89,1.17%,2,ND0228 - US 301 NB AT HYETTS CORNER,12585.1,2019-01-29 08:27:00-05,
2024-08-04 19:55:00-04,ND0228,N,36,75.23,1.49%,2,ND0228 - US 301 NB AT HYETTS CORNER,12585.1,2019-01-29 08:27:00-05,
2024-08-04 20:00:00-04,ND0228,N,29,72.60,1.54%,2,ND0228 - US 301 NB AT HYETTS CORNER,12585.1,2019-01-29 08:27:00-05,
2024-08-04 20:05:00-04,ND0228,N,30,78.04,1.31%,2,ND0228 - US 301 NB AT HYETTS CORNER,12585.1,2019-01-29 08:27:00-05,
2024-08-04 20:10:00-04,ND0228,N,30,73.16,1.26%,2,ND0228 - US 301 NB AT HYETTS CORNER,12585.1,2019-01-29 08:27:00-05,
2024-08-04 20:15:00-04,ND0228,N,36,75.69,1.59%,2,ND0228 - US 301 NB AT HYETTS CORNER,12585.1,2019-01-29 08:27:00-05,
2024-08-04 20:20:00-04,ND0228,N,35,73.70,1.45%,2,ND0228 - US 301 NB AT HYETTS CORNER,12585.1,2019-01-29 08:27:00-05,
2024-08-04 20:25:00-04,ND0228,N,37,74.32,1.71%,2,ND0228 - US 301 NB AT HYETTS CORNER,12585.1,2019-01-29 08:27:00-05,
2024-08-04 20:30:00-04,ND0228,N,25,73.64,1.27%,2,ND0228 - US 301 NB AT HYETTS CORNER,12585.1,2019-01-29 08:27:00-05,
2024-08-04 20:35:00-04,ND0228,N,23,76.93,0.99%,2,ND0228 - US 301 NB AT HYETTS CORNER,12585.1,2019-01-29 08:27:00-05,
2024-08-04 20:40:00-04,ND0228,N,30,72.93,1.21%,2,ND0228 - US 301 NB AT HYETTS CORNER,12585.1,2019-01-29 08:27:00-05,
2024-08-04 20:45:00-04,ND0228,N,35,74.78,1.61%,2,ND0228 - US 301 NB AT HYETTS CORNER,12585.1,2019-01-29 08:27:00-05,
2024-08-04 20:50:00-04,ND0228,N,28,73.26,1.22%,2,ND0228 - US 301 NB AT HYETTS CORNER,12585.1,2019-01-29 08:27:00-05,
2024-08-04 20:55:00-04,ND0228,N,35,74.77,1.46%,2,ND0228 - US 301 NB AT HYETTS CORNER,12585.1,2019-01-29 08:27:00-05,
2024-08-04 21:00:00-04,ND0228,N,27,74.86,0.97%,2,ND0228 - US 301 NB AT HYETTS CORNER,12585.1,2019-01-29 08:27:00-05,
2024-08-04 21:05:00-04,ND0228,N,17,71.89,0.62%,2,ND0228 - US 301 NB AT HYETTS CORNER,12585.1,2019-01-29 08:27:00-05,
2024-08-04 21:10:00-04,ND0228,N,32,77.10,1.36%,2,ND0228 - US 301 NB AT HYETTS CORNER,12585.1,2019-01-29 08:27:00-05,
2024-08-04 21:15:00-04,ND0228,N,23,70.98,1.13%,2,ND0228 - US 301 NB AT HYETTS CORNER,12585.1,2019-01-29 08:27:00-05,
2024-08-04 21:20:00-04,ND0228,N,19,74.44,0.99%,2,ND0228 - US 301 NB AT HYETTS CORNER,12585.1,2019-01-29 08:27:00-05,
2024-08-04 21:25:00-04,ND0228,N,18,74.19,0.81%,2,ND0228 - US 301 NB AT HYETTS CORNER,12585.1,2019-01-29 08:27:00-05,
2024-08-04 21:30:00-04,ND0228,N,28,73.10,1.56%,2,ND0228 - US 301 NB AT HYETTS CORNER,12585.1,2019-01-29 08:27:00-05,
2024-08-04 21:35:00-04,ND0228,N,30,71.98,1.26%,2,ND0228 - US 301 NB AT HYETTS CORNER,12585.1,2019-01-29 08:27:00-05,
2024-08-04 21:40:00-04,ND0228,N,16,72.76,0.70%,2,ND0228 - US 301 NB AT HYETTS CORNER,12585.1,2019-01-29 08:27:00-05,
2024-08-04 21:45:00-04,ND0228,N,18,72.33,0.97%,2,ND0228 - US 301 NB AT HYETTS CORNER,12585.1,2019-01-29 08:27:00-05,
2024-08-04 21:50:00-04,ND0228,N,16,72.37,0.87%,2,ND0228 - US 301 NB AT HYETTS CORNER,12585.1,2019-01-29 08:27:00-05,
2024-08-04 21:55:00-04,ND0228,N,20,74.43,1.16%,2,ND0228 - US 301 NB AT HYETTS CORNER,12585.1,2019-01-29 08:27:00-05,
2024-08-04 22:00:00-04,ND0228,N,18,71.64,1.14%,2,ND0228 - US 301 NB AT HYETTS CORNER,12585.1,2019-01-29 08:27:00-05,
2024-08-04 22:05:00-04,ND0228,N,13,71.49,0.77%,2,ND0228 - US 301 NB AT HYETTS CORNER,12585.1,2019-01-29 08:27:00-05,
2024-08-04 22:10:00-04,ND0228,N,15,76.10,0.86%,2,ND0228 - US 301 NB AT HYETTS CORNER,12585.1,2019-01-29 08:27:00-05,
2024-08-04 22:15:00-04,ND0228,N,20,74.88,0.74%,2,ND0228 - US 301 NB AT HYETTS CORNER,12585.1,2019-01-29 08:27:00-05,
2024-08-04 22:20:00-04,ND0228,N,10,75.06,0.53%,2,ND0228 - US 301 NB AT HYETTS CORNER,12585.1,2019-01-29 08:27:00-05,
2024-08-04 22:25:00-04,ND0228,N,12,74.93,0.45%,2,ND0228 - US 301 NB AT HYETTS CORNER,12585.1,2019-01-29 08:27:00-05,
2024-08-04 22:30:00-04,ND0228,N,15,74.85,0.57%,2,ND0228 - US 301 NB AT HYETTS CORNER,12585.1,2019-01-29 08:27:00-05,
2024-08-04 22:35:00-04,ND0228,N,22,72.40,1.22%,2,ND0228 - US 301 NB AT HYETTS CORNER,12585.1,2019-01-29 08:27:00-05,
2024-08-04 22:40:00-04,ND0228,N,12,73.63,0.71%,2,ND0228 - US 301 NB AT HYETTS CORNER,12585.1,2019-01-29 08:27:00-05,
2024-08-04 22:45:00-04,ND0228,N,13,71.23,0.69%,2,ND0228 - US 301 NB AT HYETTS CORNER,12585.1,2019-01-29 08:27:00-05,
2024-08-04 22:50:00-04,ND0228,N,13,72.34,0.62%,2,ND0228 - US 301 NB AT HYETTS CORNER,12585.1,2019-01-29 08:27:00-05,
2024-08-04 22:55:00-04,ND0228,N,13,70.42,1.07%,2,ND0228 - US 301 NB AT HYETTS CORNER,12585.1,2019-01-29 08:27:00-05,
2024-08-04 23:00:00-04,ND0228,N,15,70.46,0.77%,2,ND0228 - US 301 NB AT HYETTS CORNER,12585.1,2019-01-29 08:27:00-05,
2024-08-04 23:05:00-04,ND0228,N,14,71.26,0.64%,2,ND0228 - US 301 NB AT HYETTS CORNER,12585.1,2019-01-29 08:27:00-05,
2024-08-04 23:10:00-04,ND0228,N,9,74.20,0.80%,2,ND0228 - US 301 NB AT HYETTS CORNER,12585.1,2019-01-29 08:27:00-05,
2024-08-04 23:15:00-04,ND0228,N,12,72.42,0.84%,2,ND0228 - US 301 NB AT HYETTS CORNER,12585.1,2019-01-29 08:27:00-05,
2024-08-04 23:20:00-04,ND0228,N,13,73.16,0.78%,2,ND0228 - US 301 NB AT HYETTS CORNER,12585.1,2019-01-29 08:27:00-05,
2024-08-04 23:25:00-04,ND0228,N,11,73.86,0.79%,2,ND0228 - US 301 NB AT HYETTS CORNER,12585.1,2019-01-29 08:27:00-05,
2024-08-04 23:30:00-04,ND0228,N,13,71.96,0.55%,2,ND0228 - US 301 NB AT HYETTS CORNER,12585.1,2019-01-29 08:27:00-05,
2024-08-04 23:35:00-04,ND0228,N,6,73.46,0.48%,2,ND0228 - US 301 NB AT HYETTS CORNER,12585.1,2019-01-29 08:27:00-05,
2024-08-04 23:40:00-04,ND0228,N,4,66.16,0.35%,2,ND0228 - US 301 NB AT HYETTS CORNER,12585.1,2019-01-29 08:27:00-05,
2024-08-04 23:45:00-04,ND0228,N,10,75.80,0.57%,2,ND0228 - US 301 NB AT HYETTS CORNER,12585.1,2019-01-29 08:27:00-05,
2024-08-04 23:50:00-04,ND0228,N,10,72.57,0.80%,2,ND0228 - US 301 NB AT HYETTS CORNER,12585.1,2019-01-29 08:27:00-05,
2024-08-04 23:55:00-04,ND0228,N,7,72.34,0.32%,2,ND0228 - US 301 NB AT HYETTS CORNER,12585.1,2019-01-29 08:27:00-05,
2024-08-05 00:00:00-04,ND0228,N,8,71.92,0.61%,2,ND0228 - US 301 NB AT HYETTS CORNER,12585.1,2019-01-29 08:27:00-05,
2024-08-05 00:05:00-04,ND0228,N,4,70.68,0.50%,1,ND0228 - US 301 NB AT HYETTS CORNER,12585.1,2019-01-29 08:27:00-05,
2024-08-05 00:10:00-04,ND0228,N,4,70.54,0.37%,2,ND0228 - US 301 NB AT HYETTS CORNER,12585.1,2019-01-29 08:27:00-05,
2024-08-05 00:15:00-04,ND0228,N,9,67.62,0.46%,2,ND0228 - US 301 NB AT HYETTS CORNER,12585.1,2019-01-29 08:27:00-05,
2024-08-05 00:20:00-04,ND0228,N,1,68.63,0.27%,1,ND0228 - US 301 NB AT HYETTS CORNER,12585.1,2019-01-29 08:27:00-05,
2024-08-05 00:25:00-04,ND0228,N,9,70.29,0.67%,2,ND0228 - US 301 NB AT HYETTS CORNER,12585.1,2019-01-29 08:27:00-05,
2024-08-05 00:30:00-04,ND0228,N,13,70.04,0.83%,2,ND0228 - US 301 NB AT HYETTS CORNER,12585.1,2019-01-29 08:27:00-05,
2024-08-05 00:35:00-04,ND0228,N,5,66.02,1.02%,1,ND0228 - US 301 NB AT HYETTS CORNER,12585.1,2019-01-29 08:27:00-05,
2024-08-05 00:40:00-04,ND0228,N,4,70.37,0.32%,2,ND0228 - US 301 NB AT HYETTS CORNER,12585.1,2019-01-29 08:27:00-05,
2024-08-05 00:45:00-04,ND0228,N,10,71.86,0.69%,2,ND0228 - US 301 NB AT HYETTS CORNER,12585.1,2019-01-29 08:27:00-05,
2024-08-05 00:55:00-04,ND0228,N,6,64.33,0.40%,2,ND0228 - US 301 NB AT HYETTS CORNER,12585.1,2019-01-29 08:27:00-05,
2024-08-05 01:00:00-04,ND0228,N,4,70.63,0.36%,2,ND0228 - US 301 NB AT HYETTS CORNER,12585.1,2019-01-29 08:27:00-05,
2024-08-05 01:05:00-04,ND0228,N,3,76.41,0.19%,2,ND0228 - US 301 NB AT HYETTS CORNER,12585.1,2019-01-29 08:27:00-05,
2024-08-05 01:10:00-04,ND0228,N,4,65.07,0.58%,1,ND0228 - US 301 NB AT HYETTS CORNER,12585.1,2019-01-29 08:27:00-05,
2024-08-05 01:15:00-04,ND0228,N,3,67.11,0.29%,2,ND0228 - US 301 NB AT HYETTS CORNER,12585.1,2019-01-29 08:27:00-05,
2024-08-05 01:20:00-04,ND0228,N,7,71.35,0.54%,2,ND0228 - US 301 NB AT HYETTS CORNER,12585.1,2019-01-29 08:27:00-05,
2024-08-05 01:25:00-04,ND0228,N,3,69.69,0.60%,1,ND0228 - US 301 NB AT HYETTS CORNER,12585.1,2019-01-29 08:27:00-05,
2024-08-05 01:30:00-04,ND0228,N,1,49.66,0.35%,1,ND0228 - US 301 NB AT HYETTS CORNER,12585.1,2019-01-29 08:27:00-05,
2024-08-05 01:35:00-04,ND0228,N,3,80.24,0.60%,1,ND0228 - US 301 NB AT HYETTS CORNER,12585.1,2019-01-29 08:27:00-05,
2024-08-05 01:40:00-04,ND0228,N,3,76.52,0.20%,2,ND0228 - US 301 NB AT HYETTS CORNER,12585.1,2019-01-29 08:27:00-05,
2024-08-05 01:45:00-04,ND0228,N,2,70.55,0.14%,1,ND0228 - US 301 NB AT HYETTS CORNER,12585.1,2019-01-29 08:27:00-05,
2024-08-05 01:50:00-04,ND0228,N,3,69.63,0.29%,2,ND0228 - US 301 NB AT HYETTS CORNER,12585.1,2019-01-29 08:27:00-05,
2024-08-05 01:55:00-04,ND0228,N,2,74.01,0.16%,2,ND0228 - US 301 NB AT HYETTS CORNER,12585.1,2019-01-29 08:27:00-05,
2024-08-05 02:00:00-04,ND0228,N,3,67.27,0.43%,1,ND0228 - US 301 NB AT HYETTS CORNER,12585.1,2019-01-29 08:27:00-05,
2024-08-05 02:05:00-04,ND0228,N,1,71.69,0.27%,1,ND0228 - US 301 NB AT HYETTS CORNER,12585.1,2019-01-29 08:27:00-05,
2024-08-05 02:10:00-04,ND0228,N,3,69.73,0.62%,1,ND0228 - US 301 NB AT HYETTS CORNER,12585.1,2019-01-29 08:27:00-05,
2024-08-05 02:15:00-04,ND0228,N,3,70.46,0.21%,2,ND0228 - US 301 NB AT HYETTS CORNER,12585.1,2019-01-29 08:27:00-05,
2024-08-05 02:20:00-04,ND0228,N,6,70.20,0.45%,2,ND0228 - US 301 NB AT HYETTS CORNER,12585.1,2019-01-29 08:27:00-05,
2024-08-05 02:25:00-04,ND0228,N,4,75.52,0.27%,2,ND0228 - US 301 NB AT HYETTS CORNER,12585.1,2019-01-29 08:27:00-05,
2024-08-05 02:30:00-04,ND0228,N,6,60.65,0.86%,2,ND0228 - US 301 NB AT HYETTS CORNER,12585.1,2019-01-29 08:27:00-05,
2024-08-05 02:35:00-04,ND0228,N,3,71.72,0.48%,1,ND0228 - US 301 NB AT HYETTS CORNER,12585.1,2019-01-29 08:27:00-05,
2024-08-05 02:40:00-04,ND0228,N,2,68.87,0.26%,2,ND0228 - US 301 NB AT HYETTS CORNER,12585.1,2019-01-29 08:27:00-05,
2024-08-05 02:45:00-04,ND0228,N,7,70.48,0.48%,2,ND0228 - US 301 NB AT HYETTS CORNER,12585.1,2019-01-29 08:27:00-05,
2024-08-05 02:50:00-04,ND0228,N,3,74.03,0.19%,2,ND0228 - US 301 NB AT HYETTS CORNER,12585.1,2019-01-29 08:27:00-05,
2024-08-05 02:55:00-04,ND0228,N,6,75.95,0.50%,2,ND0228 - US 301 NB AT HYETTS CORNER,12585.1,2019-01-29 08:27:00-05,
2024-08-05 03:00:00-04,ND0228,N,4,65.23,0.53%,1,ND0228 - US 301 NB AT HYETTS CORNER,12585.1,2019-01-29 08:27:00-05,
2024-08-05 03:05:00-04,ND0228,N,4,65.23,0.28%,2,ND0228 - US 301 NB AT HYETTS CORNER,12585.1,2019-01-29 08:27:00-05,
2024-08-05 03:10:00-04,ND0228,N,11,70.36,0.64%,2,ND0228 - US 301 NB AT HYETTS CORNER,12585.1,2019-01-29 08:27:00-05,
2024-08-05 03:15:00-04,ND0228,N,5,74.13,0.49%,2,ND0228 - US 301 NB AT HYETTS CORNER,12585.1,2019-01-29 08:27:00-05,
2024-08-05 03:20:00-04,ND0228,N,8,72.29,0.49%,2,ND0228 - US 301 NB AT HYETTS CORNER,12585.1,2019-01-29 08:27:00-05,
2024-08-05 03:25:00-04,ND0228,N,4,69.64,0.16%,2,ND0228 - US 301 NB AT HYETTS CORNER,12585.1,2019-01-29 08:27:00-05,
2024-08-05 03:30:00-04,ND0228,N,8,71.01,0.54%,2,ND0228 - US 301 NB AT HYETTS CORNER,12585.1,2019-01-29 08:27:00-05,
2024-08-05 03:35:00-04,ND0228,N,7,73.78,0.45%,2,ND0228 - US 301 NB AT HYETTS CORNER,12585.1,2019-01-29 08:27:00-05,
2024-08-05 03:40:00-04,ND0228,N,5,70.92,0.53%,1,ND0228 - US 301 NB AT HYETTS CORNER,12585.1,2019-01-29 08:27:00-05,
2024-08-05 03:45:00-04,ND0228,N,6,65.48,1.12%,1,ND0228 - US 301 NB AT HYETTS CORNER,12585.1,2019-01-29 08:27:00-05,
2024-08-05 03:50:00-04,ND0228,N,6,72.67,0.27%,2,ND0228 - US 301 NB AT HYETTS CORNER,12585.1,2019-01-29 08:27:00-05,
2024-08-05 03:55:00-04,ND0228,N,7,71.14,0.51%,2,ND0228 - US 301 NB AT HYETTS CORNER,12585.1,2019-01-29 08:27:00-05,
2024-08-05 04:00:00-04,ND0228,N,3,63.97,0.35%,1,ND0228 - US 301 NB AT HYETTS CORNER,12585.1,2019-01-29 08:27:00-05,
2024-08-05 04:05:00-04,ND0228,N,9,71.27,0.45%,2,ND0228 - US 301 NB AT HYETTS CORNER,12585.1,2019-01-29 08:27:00-05,
2024-08-05 04:10:00-04,ND0228,N,10,75.38,0.59%,2,ND0228 - US 301 NB AT HYETTS CORNER,12585.1,2019-01-29 08:27:00-05,
2024-08-05 04:15:00-04,ND0228,N,12,74.81,0.63%,2,ND0228 - US 301 NB AT HYETTS CORNER,12585.1,2019-01-29 08:27:00-05,
2024-08-05 04:20:00-04,ND0228,N,11,77.14,0.41%,2,ND0228 - US 301 NB AT HYETTS CORNER,12585.1,2019-01-29 08:27:00-05,
2024-08-05 04:25:00-04,ND0228,N,11,74.66,0.71%,2,ND0228 - US 301 NB AT HYETTS CORNER,12585.1,2019-01-29 08:27:00-05,
2024-08-05 04:30:00-04,ND0228,N,12,72.76,1.33%,1,ND0228 - US 301 NB AT HYETTS CORNER,12585.1,2019-01-29 08:27:00-05,
2024-08-05 04:35:00-04,ND0228,N,13,72.97,0.71%,2,ND0228 - US 301 NB AT HYETTS CORNER,12585.1,2019-01-29 08:27:00-05,
2024-08-05 04:40:00-04,ND0228,N,11,73.81,0.73%,2,ND0228 - US 301 NB AT HYETTS CORNER,12585.1,2019-01-29 08:27:00-05,
2024-08-05 04:45:00-04,ND0228,N,15,74.24,0.88%,2,ND0228 - US 301 NB AT HYETTS CORNER,12585.1,2019-01-29 08:27:00-05,
2024-08-05 04:50:00-04,ND0228,N,19,76.45,0.78%,2,ND0228 - US 301 NB AT HYETTS CORNER,12585.1,2019-01-29 08:27:00-05,
2024-08-05 04:55:00-04,ND0228,N,14,72.75,0.94%,2,ND0228 - US 301 NB AT HYETTS CORNER,12585.1,2019-01-29 08:27:00-05,
2024-08-05 05:00:00-04,ND0228,N,15,74.66,0.61%,2,ND0228 - US 301 NB AT HYETTS CORNER,12585.1,2019-01-29 08:27:00-05,
2024-08-05 05:05:00-04,ND0228,N,11,71.50,0.73%,2,ND0228 - US 301 NB AT HYETTS CORNER,12585.1,2019-01-29 08:27:00-05,
2024-08-05 05:10:00-04,ND0228,N,22,75.22,1.12%,2,ND0228 - US 301 NB AT HYETTS CORNER,12585.1,2019-01-29 08:27:00-05,
2024-08-05 05:15:00-04,ND0228,N,25,72.41,1.51%,2,ND0228 - US 301 NB AT HYETTS CORNER,12585.1,2019-01-29 08:27:00-05,
2024-08-05 05:20:00-04,ND0228,N,22,75.80,0.88%,2,ND0228 - US 301 NB AT HYETTS CORNER,12585.1,2019-01-29 08:27:00-05,
2024-08-05 05:25:00-04,ND0228,N,29,76.66,1.20%,2,ND0228 - US 301 NB AT HYETTS CORNER,12585.1,2019-01-29 08:27:00-05,
2024-08-05 05:30:00-04,ND0228,N,30,75.90,1.47%,2,ND0228 - US 301 NB AT HYETTS CORNER,12585.1,2019-01-29 08:27:00-05,
2024-08-05 05:35:00-04,ND0228,N,30,75.93,1.31%,2,ND0228 - US 301 NB AT HYETTS CORNER,12585.1,2019-01-29 08:27:00-05,
2024-08-05 05:40:00-04,ND0228,N,29,71.78,1.39%,2,ND0228 - US 301 NB AT HYETTS CORNER,12585.1,2019-01-29 08:27:00-05,
2024-08-05 05:45:00-04,ND0228,N,42,76.25,1.71%,2,ND0228 - US 301 NB AT HYETTS CORNER,12585.1,2019-01-29 08:27:00-05,
2024-08-05 05:50:00-04,ND0228,N,38,75.65,1.71%,2,ND0228 - US 301 NB AT HYETTS CORNER,12585.1,2019-01-29 08:27:00-05,
2024-08-05 05:55:00-04,ND0228,N,25,79.11,0.96%,2,ND0228 - US 301 NB AT HYETTS CORNER,12585.1,2019-01-29 08:27:00-05,
2024-08-05 06:00:00-04,ND0228,N,47,76.59,2.08%,2,ND0228 - US 301 NB AT HYETTS CORNER,12585.1,2019-01-29 08:27:00-05,
2024-08-05 06:05:00-04,ND0228,N,46,78.86,1.63%,2,ND0228 - US 301 NB AT HYETTS CORNER,12585.1,2019-01-29 08:27:00-05,
2024-08-05 06:10:00-04,ND0228,N,40,73.87,1.73%,2,ND0228 - US 301 NB AT HYETTS CORNER,12585.1,2019-01-29 08:27:00-05,
2024-08-05 06:15:00-04,ND0228,N,51,79.10,1.99%,2,ND0228 - US 301 NB AT HYETTS CORNER,12585.1,2019-01-29 08:27:00-05,
2024-08-05 06:20:00-04,ND0228,N,66,78.70,2.46%,2,ND0228 - US 301 NB AT HYETTS CORNER,12585.1,2019-01-29 08:27:00-05,
2024-08-05 06:25:00-04,ND0228,N,62,79.54,2.19%,2,ND0228 - US 301 NB AT HYETTS CORNER,12585.1,2019-01-29 08:27:00-05,
2024-08-05 06:30:00-04,ND0228,N,50,78.09,1.89%,2,ND0228 - US 301 NB AT HYETTS CORNER,12585.1,2019-01-29 08:27:00-05,
2024-08-05 06:35:00-04,ND0228,N,82,79.77,2.96%,2,ND0228 - US 301 NB AT HYETTS CORNER,12585.1,2019-01-29 08:27:00-05,
2024-08-05 06:40:00-04,ND0228,N,55,76.27,2.25%,2,ND0228 - US 301 NB AT HYETTS CORNER,12585.1,2019-01-29 08:27:00-05,
2024-08-05 06:45:00-04,ND0228,N,80,77.54,3.03%,2,ND0228 - US 301 NB AT HYETTS CORNER,12585.1,2019-01-29 08:27:00-05,
2024-08-05 06:50:00-04,ND0228,N,64,78.84,2.48%,2,ND0228 - US 301 NB AT HYETTS CORNER,12585.1,2019-01-29 08:27:00-05,
2024-08-05 06:55:00-04,ND0228,N,60,74.80,2.46%,2,ND0228 - US 301 NB AT HYETTS CORNER,12585.1,2019-01-29 08:27:00-05,
2024-08-05 07:00:00-04,ND0228,N,53,77.12,2.25%,2,ND0228 - US 301 NB AT HYETTS CORNER,12585.1,2019-01-29 08:27:00-05,
2024-08-05 07:05:00-04,ND0228,N,71,79.23,2.82%,2,ND0228 - US 301 NB AT HYETTS CORNER,12585.1,2019-01-29 08:27:00-05,
2024-08-05 07:10:00-04,ND0228,N,57,77.07,2.01%,2,ND0228 - US 301 NB AT HYETTS CORNER,12585.1,2019-01-29 08:27:00-05,
2024-08-05 07:15:00-04,ND0228,N,75,77.23,2.98%,2,ND0228 - US 301 NB AT HYETTS CORNER,12585.1,2019-01-29 08:27:00-05,
2024-08-05 07:20:00-04,ND0228,N,90,77.55,3.34%,2,ND0228 - US 301 NB AT HYETTS CORNER,12585.1,2019-01-29 08:27:00-05,
2024-08-05 07:25:00-04,ND0228,N,65,78.21,2.36%,2,ND0228 - US 301 NB AT HYETTS CORNER,12585.1,2019-01-29 08:27:00-05,
2024-08-05 07:30:00-04,ND0228,N,98,76.77,3.98%,2,ND0228 - US 301 NB AT HYETTS CORNER,12585.1,2019-01-29 08:27:00-05,
2024-08-05 07:35:00-04,ND0228,N,57,78.05,2.23%,2,ND0228 - US 301 NB AT HYETTS CORNER,12585.1,2019-01-29 08:27:00-05,
2024-08-05 07:40:00-04,ND0228,N,82,77.04,3.21%,2,ND0228 - US 301 NB AT HYETTS CORNER,12585.1,2019-01-29 08:27:00-05,
2024-08-05 07:45:00-04,ND0228,N,83,77.28,3.36%,2,ND0228 - US 301 NB AT HYETTS CORNER,12585.1,2019-01-29 08:27:00-05,
2024-08-05 07:50:00-04,ND0228,N,63,77.22,2.75%,2,ND0228 - US 301 NB AT HYETTS CORNER,12585.1,2019-01-29 08:27:00-05,
2024-08-05 07:55:00-04,ND0228,N,67,76.10,2.61%,2,ND0228 - US 301 NB AT HYETTS CORNER,12585.1,2019-01-29 08:27:00-05,
2024-08-05 08:00:00-04,ND0228,N,70,77.64,2.84%,2,ND0228 - US 301 NB AT HYETTS CORNER,12585.1,2019-01-29 08:27:00-05,
2024-08-05 08:05:00-04,ND0228,N,62,75.16,2.91%,2,ND0228 - US 301 NB AT HYETTS CORNER,12585.1,2019-01-29 08:27:00-05,
2024-08-05 08:10:00-04,ND0228,N,56,78.15,2.31%,2,ND0228 - US 301 NB AT HYETTS CORNER,12585.1,2019-01-29 08:27:00-05,
2024-08-05 08:15:00-04,ND0228,N,74,75.82,2.85%,2,ND0228 - US 301 NB AT HYETTS CORNER,12585.1,2019-01-29 08:27:00-05,
2024-08-05 08:20:00-04,ND0228,N,61,77.68,2.48%,2,ND0228 - US 301 NB AT HYETTS CORNER,12585.1,2019-01-29 08:27:00-05,
2024-08-05 08:25:00-04,ND0228,N,58,75.42,2.36%,2,ND0228 - US 301 NB AT HYETTS CORNER,12585.1,2019-01-29 08:27:00-05,
2024-08-05 08:30:00-04,ND0228,N,61,77.05,2.53%,2,ND0228 - US 301 NB AT HYETTS CORNER,12585.1,2019-01-29 08:27:00-05,
2024-08-05 08:35:00-04,ND0228,N,58,77.71,2.52%,2,ND0228 - US 301 NB AT HYETTS CORNER,12585.1,2019-01-29 08:27:00-05,
2024-08-05 08:40:00-04,ND0228,N,69,76.41,2.64%,2,ND0228 - US 301 NB AT HYETTS CORNER,12585.1,2019-01-29 08:27:00-05,
2024-08-05 08:45:00-04,ND0228,N,69,74.53,2.84%,2,ND0228 - US 301 NB AT HYETTS CORNER,12585.1,2019-01-29 08:27:00-05,
2024-08-05 08:50:00-04,ND0228,N,60,78.31,2.23%,2,ND0228 - US 301 NB AT HYETTS CORNER,12585.1,2019-01-29 08:27:00-05,
2024-08-05 08:55:00-04,ND0228,N,54,76.87,2.32%,2,ND0228 - US 301 NB AT HYETTS CORNER,12585.1,2019-01-29 08:27:00-05,
2024-08-05 09:00:00-04,ND0228,N,65,75.79,2.75%,2,ND0228 - US 301 NB AT HYETTS CORNER,12585.1,2019-01-29 08:27:00-05,
2024-08-05 09:05:00-04,ND0228,N,49,74.30,2.38%,2,ND0228 - US 301 NB AT HYETTS CORNER,12585.1,2019-01-29 08:27:00-05,
2024-08-05 09:10:00-04,ND0228,N,42,75.96,1.57%,2,ND0228 - US 301 NB AT HYETTS CORNER,12585.1,2019-01-29 08:27:00-05,
2024-08-05 09:15:00-04,ND0228,N,52,77.65,1.83%,2,ND0228 - US 301 NB AT HYETTS CORNER,12585.1,2019-01-29 08:27:00-05,
2024-08-05 09:20:00-04,ND0228,N,51,72.51,2.04%,2,ND0228 - US 301 NB AT HYETTS CORNER,12585.1,2019-01-29 08:27:00-05,
2024-08-05 09:25:00-04,ND0228,N,43,73.97,1.84%,2,ND0228 - US 301 NB AT HYETTS CORNER,12585.1,2019-01-29 08:27:00-05,
2024-08-05 09:30:00-04,ND0228,N,62,75.68,3.14%,2,ND0228 - US 301 NB AT HYETTS CORNER,12585.1,2019-01-29 08:27:00-05,
2024-08-05 09:35:00-04,ND0228,N,61,73.41,2.93%,2,ND0228 - US 301 NB AT HYETTS CORNER,12585.1,2019-01-29 08:27:00-05,
2024-08-05 09:40:00-04,ND0228,N,50,74.28,1.99%,2,ND0228 - US 301 NB AT HYETTS CORNER,12585.1,2019-01-29 08:27:00-05,
2024-08-05 09:45:00-04,ND0228,N,50,74.63,2.34%,2,ND0228 - US 301 NB AT HYETTS CORNER,12585.1,2019-01-29 08:27:00-05,
2024-08-05 09:50:00-04,ND0228,N,53,74.94,2.44%,2,ND0228 - US 301 NB AT HYETTS CORNER,12585.1,2019-01-29 08:27:00-05,
2024-08-05 09:55:00-04,ND0228,N,48,75.85,2.30%,2,ND0228 - US 301 NB AT HYETTS CORNER,12585.1,2019-01-29 08:27:00-05,
2024-08-05 10:00:00-04,ND0228,N,36,74.18,1.74%,2,ND0228 - US 301 NB AT HYETTS CORNER,12585.1,2019-01-29 08:27:00-05,
2024-08-05 10:05:00-04,ND0228,N,56,74.42,2.35%,2,ND0228 - US 301 NB AT HYETTS CORNER,12585.1,2019-01-29 08:27:00-05,
2024-08-05 10:10:00-04,ND0228,N,55,74.45,2.39%,2,ND0228 - US 301 NB AT HYETTS CORNER,12585.1,2019-01-29 08:27:00-05,
2024-08-05 10:15:00-04,ND0228,N,43,72.53,1.72%,2,ND0228 - US 301 NB AT HYETTS CORNER,12585.1,2019-01-29 08:27:00-05,
2024-08-05 10:20:00-04,ND0228,N,64,72.62,2.97%,2,ND0228 - US 301 NB AT HYETTS CORNER,12585.1,2019-01-29 08:27:00-05,
2024-08-05 10:25:00-04,ND0228,N,45,74.69,1.91%,2,ND0228 - US 301 NB AT HYETTS CORNER,12585.1,2019-01-29 08:27:00-05,
2024-08-05 10:30:00-04,ND0228,N,42,74.84,1.71%,2,ND0228 - US 301 NB AT HYETTS CORNER,12585.1,2019-01-29 08:27:00-05,
2024-08-05 10:35:00-04,ND0228,N,46,75.94,1.89%,2,ND0228 - US 301 NB AT HYETTS CORNER,12585.1,2019-01-29 08:27:00-05,
2024-08-05 10:40:00-04,ND0228,N,51,74.97,2.22%,2,ND0228 - US 301 NB AT HYETTS CORNER,12585.1,2019-01-29 08:27:00-05,
2024-08-05 10:45:00-04,ND0228,N,52,73.30,2.18%,2,ND0228 - US 301 NB AT HYETTS CORNER,12585.1,2019-01-29 08:27:00-05,
2024-08-05 10:50:00-04,ND0228,N,40,73.35,1.85%,2,ND0228 - US 301 NB AT HYETTS CORNER,12585.1,2019-01-29 08:27:00-05,
2024-08-05 10:55:00-04,ND0228,N,55,74.95,2.58%,2,ND0228 - US 301 NB AT HYETTS CORNER,12585.1,2019-01-29 08:27:00-05,
2024-08-05 11:00:00-04,ND0228,N,63,74.50,2.61%,2,ND0228 - US 301 NB AT HYETTS CORNER,12585.1,2019-01-29 08:27:00-05,
2024-08-05 11:05:00-04,ND0228,N,54,74.92,2.35%,2,ND0228 - US 301 NB AT HYETTS CORNER,12585.1,2019-01-29 08:27:00-05,
2024-08-05 11:10:00-04,ND0228,N,73,75.17,3.81%,2,ND0228 - US 301 NB AT HYETTS CORNER,12585.1,2019-01-29 08:27:00-05,
2024-08-05 11:15:00-04,ND0228,N,50,76.46,2.14%,2,ND0228 - US 301 NB AT HYETTS CORNER,12585.1,2019-01-29 08:27:00-05,
2024-08-05 11:20:00-04,ND0228,N,59,75.06,2.52%,2,ND0228 - US 301 NB AT HYETTS CORNER,12585.1,2019-01-29 08:27:00-05,
2024-08-05 11:25:00-04,ND0228,N,55,74.97,2.38%,2,ND0228 - US 301 NB AT HYETTS CORNER,12585.1,2019-01-29 08:27:00-05,
2024-08-05 11:30:00-04,ND0228,N,41,76.27,1.83%,2,ND0228 - US 301 NB AT HYETTS CORNER,12585.1,2019-01-29 08:27:00-05,
2024-08-05 11:35:00-04,ND0228,N,57,73.84,2.61%,2,ND0228 - US 301 NB AT HYETTS CORNER,12585.1,2019-01-29 08:27:00-05,
2024-08-05 11:40:00-04,ND0228,N,43,73.98,1.79%,2,ND0228 - US 301 NB AT HYETTS CORNER,12585.1,2019-01-29 08:27:00-05,
2024-08-05 11:45:00-04,ND0228,N,59,74.89,2.41%,2,ND0228 - US 301 NB AT HYETTS CORNER,12585.1,2019-01-29 08:27:00-05,
2024-08-05 11:50:00-04,ND0228,N,55,72.41,2.77%,2,ND0228 - US 301 NB AT HYETTS CORNER,12585.1,2019-01-29 08:27:00-05,
2024-08-05 11:55:00-04,ND0228,N,55,75.81,2.20%,2,ND0228 - US 301 NB AT HYETTS CORNER,12585.1,2019-01-29 08:27:00-05,
2024-08-05 12:00:00-04,ND0228,N,45,74.25,2.18%,2,ND0228 - US 301 NB AT HYETTS CORNER,12585.1,2019-01-29 08:27:00-05,
2024-08-05 12:05:00-04,ND0228,N,43,75.44,2.06%,2,ND0228 - US 301 NB AT HYETTS CORNER,12585.1,2019-01-29 08:27:00-05,
2024-08-05 12:10:00-04,ND0228,N,49,75.18,2.15%,2,ND0228 - US 301 NB AT HYETTS CORNER,12585.1,2019-01-29 08:27:00-05,
2024-08-05 12:15:00-04,ND0228,N,48,76.20,2.23%,2,ND0228 - US 301 NB AT HYETTS CORNER,12585.1,2019-01-29 08:27:00-05,
2024-08-05 12:20:00-04,ND0228,N,47,73.51,2.18%,2,ND0228 - US 301 NB AT HYETTS CORNER,12585.1,2019-01-29 08:27:00-05,
2024-08-05 12:25:00-04,ND0228,N,46,75.63,2.01%,2,ND0228 - US 301 NB AT HYETTS CORNER,12585.1,2019-01-29 08:27:00-05,
2024-08-05 12:30:00-04,ND0228,N,53,74.21,2.31%,2,ND0228 - US 301 NB AT HYETTS CORNER,12585.1,2019-01-29 08:27:00-05,
2024-08-05 12:35:00-04,ND0228,N,53,78.45,1.97%,2,ND0228 - US 301 NB AT HYETTS CORNER,12585.1,2019-01-29 08:27:00-05,
2024-08-05 12:40:00-04,ND0228,N,43,73.73,2.29%,2,ND0228 - US 301 NB AT HYETTS CORNER,12585.1,2019-01-29 08:27:00-05,
2024-08-05 12:45:00-04,ND0228,N,50,75.21,2.17%,2,ND0228 - US 301 NB AT HYETTS CORNER,12585.1,2019-01-29 08:27:00-05,
2024-08-05 12:50:00-04,ND0228,N,44,74.52,1.89%,2,ND0228 - US 301 NB AT HYETTS CORNER,12585.1,2019-01-29 08:27:00-05,
2024-08-05 12:55:00-04,ND0228,N,37,78.00,1.33%,2,ND0228 - US 301 NB AT HYETTS CORNER,12585.1,2019-01-29 08:27:00-05,
2024-08-05 13:00:00-04,ND0228,N,39,73.46,2.17%,2,ND0228 - US 301 NB AT HYETTS CORNER,12585.1,2019-01-29 08:27:00-05,
2024-08-05 13:05:00-04,ND0228,N,57,76.18,2.83%,2,ND0228 - US 301 NB AT HYETTS CORNER,12585.1,2019-01-29 08:27:00-05,
2024-08-05 13:10:00-04,ND0228,N,50,71.88,2.38%,2,ND0228 - US 301 NB AT HYETTS CORNER,12585.1,2019-01-29 08:27:00-05,
2024-08-05 13:15:00-04,ND0228,N,35,74.52,1.52%,2,ND0228 - US 301 NB AT HYETTS CORNER,12585.1,2019-01-29 08:27:00-05,
2024-08-05 13:20:00-04,ND0228,N,47,75.32,2.06%,2,ND0228 - US 301 NB AT HYETTS CORNER,12585.1,2019-01-29 08:27:00-05,
2024-08-05 13:25:00-04,ND0228,N,41,74.50,1.86%,2,ND0228 - US 301 NB AT HYETTS CORNER,12585.1,2019-01-29 08:27:00-05,
2024-08-05 13:30:00-04,ND0228,N,50,74.28,2.38%,2,ND0228 - US 301 NB AT HYETTS CORNER,12585.1,2019-01-29 08:27:00-05,
2024-08-05 13:35:00-04,ND0228,N,37,72.52,1.71%,2,ND0228 - US 301 NB AT HYETTS CORNER,12585.1,2019-01-29 08:27:00-05,
2024-08-05 13:40:00-04,ND0228,N,47,76.33,2.06%,2,ND0228 - US 301 NB AT HYETTS CORNER,12585.1,2019-01-29 08:27:00-05,
2024-08-05 13:45:00-04,ND0228,N,56,75.64,2.59%,2,ND0228 - US 301 NB AT HYETTS CORNER,12585.1,2019-01-29 08:27:00-05,
2024-08-05 13:50:00-04,ND0228,N,49,74.79,2.45%,2,ND0228 - US 301 NB AT HYETTS CORNER,12585.1,2019-01-29 08:27:00-05,
2024-08-05 13:55:00-04,ND0228,N,43,77.34,1.90%,2,ND0228 - US 301 NB AT HYETTS CORNER,12585.1,2019-01-29 08:27:00-05,
2024-08-05 14:00:00-04,ND0228,N,48,75.82,2.27%,2,ND0228 - US 301 NB AT HYETTS CORNER,12585.1,2019-01-29 08:27:00-05,
2024-08-05 14:05:00-04,ND0228,N,55,76.63,2.22%,2,ND0228 - US 301 NB AT HYETTS CORNER,12585.1,2019-01-29 08:27:00-05,
2024-08-05 14:10:00-04,ND0228,N,52,76.31,2.29%,2,ND0228 - US 301 NB AT HYETTS CORNER,12585.1,2019-01-29 08:27:00-05,
2024-08-05 14:15:00-04,ND0228,N,54,76.09,2.36%,2,ND0228 - US 301 NB AT HYETTS CORNER,12585.1,2019-01-29 08:27:00-05,
2024-08-05 14:20:00-04,ND0228,N,49,77.27,2.08%,2,ND0228 - US 301 NB AT HYETTS CORNER,12585.1,2019-01-29 08:27:00-05,
2024-08-05 14:25:00-04,ND0228,N,44,74.76,2.07%,2,ND0228 - US 301 NB AT HYETTS CORNER,12585.1,2019-01-29 08:27:00-05,
2024-08-05 14:30:00-04,ND0228,N,45,74.18,2.00%,2,ND0228 - US 301 NB AT HYETTS CORNER,12585.1,2019-01-29 08:27:00-05,
2024-08-05 14:35:00-04,ND0228,N,52,76.91,2.15%,2,ND0228 - US 301 NB AT HYETTS CORNER,12585.1,2019-01-29 08:27:00-05,
2024-08-05 14:40:00-04,ND0228,N,38,74.73,1.94%,2,ND0228 - US 301 NB AT HYETTS CORNER,12585.1,2019-01-29 08:27:00-05,
2024-08-05 14:45:00-04,ND0228,N,52,80.44,1.90%,2,ND0228 - US 301 NB AT HYETTS CORNER,12585.1,2019-01-29 08:27:00-05,
2024-08-05 14:50:00-04,ND0228,N,52,76.44,2.32%,2,ND0228 - US 301 NB AT HYETTS CORNER,12585.1,2019-01-29 08:27:00-05,
2024-08-05 14:55:00-04,ND0228,N,52,76.79,2.17%,2,ND0228 - US 301 NB AT HYETTS CORNER,12585.1,2019-01-29 08:27:00-05,
2024-08-05 15:00:00-04,ND0228,N,32,73.90,1.41%,2,ND0228 - US 301 NB AT HYETTS CORNER,12585.1,2019-01-29 08:27:00-05,
2024-08-05 15:05:00-04,ND0228,N,47,75.07,2.15%,2,ND0228 - US 301 NB AT HYETTS CORNER,12585.1,2019-01-29 08:27:00-05,
2024-08-05 15:10:00-04,ND0228,N,60,79.01,2.57%,2,ND0228 - US 301 NB AT HYETTS CORNER,12585.1,2019-01-29 08:27:00-05,
2024-08-05 15:15:00-04,ND0228,N,55,75.27,2.28%,2,ND0228 - US 301 NB AT HYETTS CORNER,12585.1,2019-01-29 08:27:00-05,
2024-08-05 15:20:00-04,ND0228,N,59,72.79,2.58%,2,ND0228 - US 301 NB AT HYETTS CORNER,12585.1,2019-01-29 08:27:00-05,
2024-08-05 15:25:00-04,ND0228,N,77,75.39,3.58%,2,ND0228 - US 301 NB AT HYETTS CORNER,12585.1,2019-01-29 08:27:00-05,
2024-08-05 15:30:00-04,ND0228,N,79,77.60,3.11%,2,ND0228 - US 301 NB AT HYETTS CORNER,12585.1,2019-01-29 08:27:00-05,
2024-08-05 15:35:00-04,ND0228,N,53,78.77,2.06%,2,ND0228 - US 301 NB AT HYETTS CORNER,12585.1,2019-01-29 08:27:00-05,
2024-08-05 15:40:00-04,ND0228,N,57,77.21,2.42%,2,ND0228 - US 301 NB AT HYETTS CORNER,12585.1,2019-01-29 08:27:00-05,
2024-08-05 15:45:00-04,ND0228,N,72,75.93,3.47%,2,ND0228 - US 301 NB AT HYETTS CORNER,12585.1,2019-01-29 08:27:00-05,
2024-08-05 15:50:00-04,ND0228,N,67,75.65,2.96%,2,ND0228 - US 301 NB AT HYETTS CORNER,12585.1,2019-01-29 08:27:00-05,
2024-08-05 15:55:00-04,ND0228,N,72,75.67,2.97%,2,ND0228 - US 301 NB AT HYETTS CORNER,12585.1,2019-01-29 08:27:00-05,
2024-08-05 16:00:00-04,ND0228,N,58,77.17,2.99%,2,ND0228 - US 301 NB AT HYETTS CORNER,12585.1,2019-01-29 08:27:00-05,
2024-08-05 16:05:00-04,ND0228,N,53,76.91,2.07%,2,ND0228 - US 301 NB AT HYETTS CORNER,12585.1,2019-01-29 08:27:00-05,
2024-08-05 16:10:00-04,ND0228,N,59,76.61,2.35%,2,ND0228 - US 301 NB AT HYETTS CORNER,12585.1,2019-01-29 08:27:00-05,
2024-08-05 16:15:00-04,ND0228,N,73,75.47,3.06%,2,ND0228 - US 301 NB AT HYETTS CORNER,12585.1,2019-01-29 08:27:00-05,
2024-08-05 16:20:00-04,ND0228,N,71,76.57,2.98%,2,ND0228 - US 301 NB AT HYETTS CORNER,12585.1,2019-01-29 08:27:00-05,
2024-08-05 16:25:00-04,ND0228,N,94,76.96,3.44%,2,ND0228 - US 301 NB AT HYETTS CORNER,12585.1,2019-01-29 08:27:00-05,
2024-08-05 16:30:00-04,ND0228,N,81,75.66,3.32%,2,ND0228 - US 301 NB AT HYETTS CORNER,12585.1,2019-01-29 08:27:00-05,
2024-08-05 16:35:00-04,ND0228,N,60,75.47,2.31%,2,ND0228 - US 301 NB AT HYETTS CORNER,12585.1,2019-01-29 08:27:00-05,
2024-08-05 16:40:00-04,ND0228,N,89,78.52,3.43%,2,ND0228 - US 301 NB AT HYETTS CORNER,12585.1,2019-01-29 08:27:00-05,
2024-08-05 16:45:00-04,ND0228,N,69,78.10,2.84%,2,ND0228 - US 301 NB AT HYETTS CORNER,12585.1,2019-01-29 08:27:00-05,
2024-08-05 16:50:00-04,ND0228,N,87,78.19,3.10%,2,ND0228 - US 301 NB AT HYETTS CORNER,12585.1,2019-01-29 08:27:00-05,
2024-08-05 16:55:00-04,ND0228,N,58,77.77,2.21%,2,ND0228 - US 301 NB AT HYETTS CORNER,12585.1,2019-01-29 08:27:00-05,
2024-08-05 17:00:00-04,ND0228,N,69,76.42,2.77%,2,ND0228 - US 301 NB AT HYETTS CORNER,12585.1,2019-01-29 08:27:00-05,
2024-08-05 17:05:00-04,ND0228,N,73,77.23,2.71%,2,ND0228 - US 301 NB AT HYETTS CORNER,12585.1,2019-01-29 08:27:00-05,
2024-08-05 17:10:00-04,ND0228,N,55,76.91,2.17%,2,ND0228 - US 301 NB AT HYETTS CORNER,12585.1,2019-01-29 08:27:00-05,
2024-08-05 17:15:00-04,ND0228,N,93,76.55,4.03%,2,ND0228 - US 301 NB AT HYETTS CORNER,12585.1,2019-01-29 08:27:00-05,
2024-08-05 17:20:00-04,ND0228,N,78,77.35,3.35%,2,ND0228 - US 301 NB AT HYETTS CORNER,12585.1,2019-01-29 08:27:00-05,
2024-08-05 17:25:00-04,ND0228,N,78,77.67,3.02%,2,ND0228 - US 301 NB AT HYETTS CORNER,12585.1,2019-01-29 08:27:00-05,
2024-08-05 17:30:00-04,ND0228,N,78,76.64,3.28%,2,ND0228 - US 301 NB AT HYETTS CORNER,12585.1,2019-01-29 08:27:00-05,
2024-08-05 17:35:00-04,ND0228,N,76,77.67,3.13%,2,ND0228 - US 301 NB AT HYETTS CORNER,12585.1,2019-01-29 08:27:00-05,
2024-08-05 17:40:00-04,ND0228,N,73,75.83,3.13%,2,ND0228 - US 301 NB AT HYETTS CORNER,12585.1,2019-01-29 08:27:00-05,
2024-08-05 17:45:00-04,ND0228,N,53,79.55,1.81%,2,ND0228 - US 301 NB AT HYETTS CORNER,12585.1,2019-01-29 08:27:00-05,
2024-08-05 17:50:00-04,ND0228,N,75,78.21,2.55%,2,ND0228 - US 301 NB AT HYETTS CORNER,12585.1,2019-01-29 08:27:00-05,
2024-08-05 17:55:00-04,ND0228,N,90,73.53,4.02%,2,ND0228 - US 301 NB AT HYETTS CORNER,12585.1,2019-01-29 08:27:00-05,
2024-08-05 18:00:00-04,ND0228,N,68,77.46,2.42%,2,ND0228 - US 301 NB AT HYETTS CORNER,12585.1,2019-01-29 08:27:00-05,
2024-08-05 18:05:00-04,ND0228,N,63,78.18,2.54%,2,ND0228 - US 301 NB AT HYETTS CORNER,12585.1,2019-01-29 08:27:00-05,
2024-08-05 18:10:00-04,ND0228,N,69,78.63,2.80%,2,ND0228 - US 301 NB AT HYETTS CORNER,12585.1,2019-01-29 08:27:00-05,
2024-08-05 18:15:00-04,ND0228,N,92,76.40,3.77%,2,ND0228 - US 301 NB AT HYETTS CORNER,12585.1,2019-01-29 08:27:00-05,
2024-08-05 18:20:00-04,ND0228,N,86,76.97,3.39%,2,ND0228 - US 301 NB AT HYETTS CORNER,12585.1,2019-01-29 08:27:00-05,
2024-08-05 18:25:00-04,ND0228,N,66,77.02,2.91%,2,ND0228 - US 301 NB AT HYETTS CORNER,12585.1,2019-01-29 08:27:00-05,
2024-08-05 18:30:00-04,ND0228,N,78,76.98,3.21%,2,ND0228 - US 301 NB AT HYETTS CORNER,12585.1,2019-01-29 08:27:00-05,
2024-08-05 18:35:00-04,ND0228,N,74,79.29,2.75%,2,ND0228 - US 301 NB AT HYETTS CORNER,12585.1,2019-01-29 08:27:00-05,
2024-08-05 18:40:00-04,ND0228,N,78,78.98,3.03%,2,ND0228 - US 301 NB AT HYETTS CORNER,12585.1,2019-01-29 08:27:00-05,
2024-08-05 18:45:00-04,ND0228,N,70,75.54,3.19%,2,ND0228 - US 301 NB AT HYETTS CORNER,12585.1,2019-01-29 08:27:00-05,
2024-08-05 18:50:00-04,ND0228,N,55,78.87,2.24%,2,ND0228 - US 301 NB AT HYETTS CORNER,12585.1,2019-01-29 08:27:00-05,
2024-08-05 18:55:00-04,ND0228,N,53,78.37,2.09%,2,ND0228 - US 301 NB AT HYETTS CORNER,12585.1,2019-01-29 08:27:00-05,
2024-08-05 19:00:00-04,ND0228,N,60,76.00,2.58%,2,ND0228 - US 301 NB AT HYETTS CORNER,12585.1,2019-01-29 08:27:00-05,
2024-08-05 19:05:00-04,ND0228,N,78,77.28,3.38%,2,ND0228 - US 301 NB AT HYETTS CORNER,12585.1,2019-01-29 08:27:00-05,
2024-08-05 19:10:00-04,ND0228,N,66,78.58,2.77%,2,ND0228 - US 301 NB AT HYETTS CORNER,12585.1,2019-01-29 08:27:00-05,
2024-08-05 19:15:00-04,ND0228,N,53,76.42,2.58%,2,ND0228 - US 301 NB AT HYETTS CORNER,12585.1,2019-01-29 08:27:00-05,
2024-08-05 19:20:00-04,ND0228,N,49,79.22,1.82%,2,ND0228 - US 301 NB AT HYETTS CORNER,12585.1,2019-01-29 08:27:00-05,
2024-08-05 19:25:00-04,ND0228,N,53,77.30,2.56%,2,ND0228 - US 301 NB AT HYETTS CORNER,12585.1,2019-01-29 08:27:00-05,
2024-08-05 19:30:00-04,ND0228,N,38,75.08,1.96%,2,ND0228 - US 301 NB AT HYETTS CORNER,12585.1,2019-01-29 08:27:00-05,
2024-08-05 19:35:00-04,ND0228,N,55,76.64,2.17%,2,ND0228 - US 301 NB AT HYETTS CORNER,12585.1,2019-01-29 08:27:00-05,
2024-08-05 19:40:00-04,ND0228,N,45,74.76,1.82%,2,ND0228 - US 301 NB AT HYETTS CORNER,12585.1,2019-01-29 08:27:00-05,
2024-08-05 19:45:00-04,ND0228,N,36,77.74,1.70%,2,ND0228 - US 301 NB AT HYETTS CORNER,12585.1,2019-01-29 08:27:00-05,
2024-08-05 19:50:00-04,ND0228,N,26,72.80,1.28%,2,ND0228 - US 301 NB AT HYETTS CORNER,12585.1,2019-01-29 08:27:00-05,
2024-08-05 19:55:00-04,ND0228,N,38,75.45,1.71%,2,ND0228 - US 301 NB AT HYETTS CORNER,12585.1,2019-01-29 08:27:00-05,
2024-08-05 20:00:00-04,ND0228,N,24,73.44,1.24%,2,ND0228 - US 301 NB AT HYETTS CORNER,12585.1,2019-01-29 08:27:00-05,
2024-08-05 20:05:00-04,ND0228,N,16,73.65,0.76%,2,ND0228 - US 301 NB AT HYETTS CORNER,12585.1,2019-01-29 08:27:00-05,
2024-08-05 20:10:00-04,ND0228,N,25,72.36,1.36%,2,ND0228 - US 301 NB AT HYETTS CORNER,12585.1,2019-01-29 08:27:00-05,
2024-08-05 20:15:00-04,ND0228,N,14,72.65,0.91%,2,ND0228 - US 301 NB AT HYETTS CORNER,12585.1,2019-01-29 08:27:00-05,
2024-08-05 20:20:00-04,ND0228,N,21,74.82,1.27%,2,ND0228 - US 301 NB AT HYETTS CORNER,12585.1,2019-01-29 08:27:00-05,
2024-08-05 20:25:00-04,ND0228,N,25,74.72,1.02%,2,ND0228 - US 301 NB AT HYETTS CORNER,12585.1,2019-01-29 08:27:00-05,
2024-08-05 20:30:00-04,ND0228,N,25,73.25,1.51%,2,ND0228 - US 301 NB AT HYETTS CORNER,12585.1,2019-01-29 08:27:00-05,
2024-08-05 20:35:00-04,ND0228,N,27,74.25,1.21%,2,ND0228 - US 301 NB AT HYETTS CORNER,12585.1,2019-01-29 08:27:00-05,
2024-08-05 20:40:00-04,ND0228,N,27,76.28,0.95%,2,ND0228 - US 301 NB AT HYETTS CORNER,12585.1,2019-01-29 08:27:00-05,
2024-08-05 20:45:00-04,ND0228,N,21,74.82,1.03%,2,ND0228 - US 301 NB AT HYETTS CORNER,12585.1,2019-01-29 08:27:00-05,
2024-08-05 20:50:00-04,ND0228,N,21,70.88,1.01%,2,ND0228 - US 301 NB AT HYETTS CORNER,12585.1,2019-01-29 08:27:00-05,
2024-08-05 20:55:00-04,ND0228,N,21,70.06,1.00%,2,ND0228 - US 301 NB AT HYETTS CORNER,12585.1,2019-01-29 08:27:00-05,
2024-08-05 21:00:00-04,ND0228,N,24,73.45,1.59%,2,ND0228 - US 301 NB AT HYETTS CORNER,12585.1,2019-01-29 08:27:00-05,
2024-08-05 21:05:00-04,ND0228,N,16,71.96,0.76%,2,ND0228 - US 301 NB AT HYETTS CORNER,12585.1,2019-01-29 08:27:00-05,
2024-08-05 21:10:00-04,ND0228,N,17,73.45,0.79%,2,ND0228 - US 301 NB AT HYETTS CORNER,12585.1,2019-01-29 08:27:00-05,
2024-08-05 21:15:00-04,ND0228,N,22,73.54,1.15%,2,ND0228 - US 301 NB AT HYETTS CORNER,12585.1,2019-01-29 08:27:00-05,
2024-08-05 21:20:00-04,ND0228,N,14,70.29,0.74%,2,ND0228 - US 301 NB AT HYETTS CORNER,12585.1,2019-01-29 08:27:00-05,
2024-08-05 21:25:00-04,ND0228,N,19,75.64,0.87%,2,ND0228 - US 301 NB AT HYETTS CORNER,12585.1,2019-01-29 08:27:00-05,
2024-08-05 21:30:00-04,ND0228,N,20,70.36,1.29%,2,ND0228 - US 301 NB AT HYETTS CORNER,12585.1,2019-01-29 08:27:00-05,
2024-08-05 21:35:00-04,ND0228,N,14,71.13,0.96%,2,ND0228 - US 301 NB AT HYETTS CORNER,12585.1,2019-01-29 08:27:00-05,
2024-08-05 21:40:00-04,ND0228,N,14,72.31,0.68%,2,ND0228 - US 301 NB AT HYETTS CORNER,12585.1,2019-01-29 08:27:00-05,
2024-08-05 21:45:00-04,ND0228,N,10,74.13,0.46%,2,ND0228 - US 301 NB AT HYETTS CORNER,12585.1,2019-01-29 08:27:00-05,
2024-08-05 21:50:00-04,ND0228,N,13,77.31,0.69%,2,ND0228 - US 301 NB AT HYETTS CORNER,12585.1,2019-01-29 08:27:00-05,
2024-08-05 21:55:00-04,ND0228,N,21,74.40,1.19%,2,ND0228 - US 301 NB AT HYETTS CORNER,12585.1,2019-01-29 08:27:00-05,
2024-08-05 22:00:00-04,ND0228,N,15,72.82,0.85%,2,ND0228 - US 301 NB AT HYETTS CORNER,12585.1,2019-01-29 08:27:00-05,
2024-08-05 22:05:00-04,ND0228,N,11,70.21,0.75%,2,ND0228 - US 301 NB AT HYETTS CORNER,12585.1,2019-01-29 08:27:00-05,
2024-08-05 22:10:00-04,ND0228,N,8,70.96,0.70%,2,ND0228 - US 301 NB AT HYETTS CORNER,12585.1,2019-01-29 08:27:00-05,
2024-08-05 22:15:00-04,ND0228,N,18,71.27,1.19%,2,ND0228 - US 301 NB AT HYETTS CORNER,12585.1,2019-01-29 08:27:00-05,
2024-08-05 22:20:00-04,ND0228,N,9,72.10,0.75%,2,ND0228 - US 301 NB AT HYETTS CORNER,12585.1,2019-01-29 08:27:00-05,
2024-08-05 22:25:00-04,ND0228,N,7,70.59,0.46%,2,ND0228 - US 301 NB AT HYETTS CORNER,12585.1,2019-01-29 08:27:00-05,
2024-08-05 22:30:00-04,ND0228,N,17,73.48,1.12%,2,ND0228 - US 301 NB AT HYETTS CORNER,12585.1,2019-01-29 08:27:00-05,
2024-08-05 22:35:00-04,ND0228,N,10,73.73,0.63%,2,ND0228 - US 301 NB AT HYETTS CORNER,12585.1,2019-01-29 08:27:00-05,
2024-08-05 22:40:00-04,ND0228,N,15,74.58,0.71%,2,ND0228 - US 301 NB AT HYETTS CORNER,12585.1,2019-01-29 08:27:00-05,
2024-08-05 22:45:00-04,ND0228,N,7,69.50,0.88%,1,ND0228 - US 301 NB AT HYETTS CORNER,12585.1,2019-01-29 08:27:00-05,
2024-08-05 22:50:00-04,ND0228,N,16,68.87,0.88%,2,ND0228 - US 301 NB AT HYETTS CORNER,12585.1,2019-01-29 08:27:00-05,
2024-08-05 22:55:00-04,ND0228,N,17,70.81,1.25%,2,ND0228 - US 301 NB AT HYETTS CORNER,12585.1,2019-01-29 08:27:00-05,
2024-08-05 23:00:00-04,ND0228,N,11,69.86,0.70%,2,ND0228 - US 301 NB AT HYETTS CORNER,12585.1,2019-01-29 08:27:00-05,
2024-08-05 23:05:00-04,ND0228,N,2,63.36,0.08%,2,ND0228 - US 301 NB AT HYETTS CORNER,12585.1,2019-01-29 08:27:00-05,
2024-08-05 23:10:00-04,ND0228,N,9,69.61,1.51%,1,ND0228 - US 301 NB AT HYETTS CORNER,12585.1,2019-01-29 08:27:00-05,
2024-08-05 23:15:00-04,ND0228,N,6,72.14,0.37%,2,ND0228 - US 301 NB AT HYETTS CORNER,12585.1,2019-01-29 08:27:00-05,
2024-08-05 23:20:00-04,ND0228,N,15,71.95,1.15%,2,ND0228 - US 301 NB AT HYETTS CORNER,12585.1,2019-01-29 08:27:00-05,
2024-08-05 23:25:00-04,ND0228,N,11,68.10,1.16%,2,ND0228 - US 301 NB AT HYETTS CORNER,12585.1,2019-01-29 08:27:00-05,
2024-08-05 23:30:00-04,ND0228,N,7,70.64,1.28%,1,ND0228 - US 301 NB AT HYETTS CORNER,12585.1,2019-01-29 08:27:00-05,
2024-08-05 23:35:00-04,ND0228,N,11,71.96,0.82%,2,ND0228 - US 301 NB AT HYETTS CORNER,12585.1,2019-01-29 08:27:00-05,
2024-08-05 23:40:00-04,ND0228,N,7,65.38,1.61%,1,ND0228 - US 301 NB AT HYETTS CORNER,12585.1,2019-01-29 08:27:00-05,
2024-08-05 23:45:00-04,ND0228,N,5,65.48,0.36%,2,ND0228 - US 301 NB AT HYETTS CORNER,12585.1,2019-01-29 08:27:00-05,
2024-08-05 23:50:00-04,ND0228,N,3,70.84,0.23%,1,ND0228 - US 301 NB AT HYETTS CORNER,12585.1,2019-01-29 08:27:00-05,
2024-08-05 23:55:00-04,ND0228,N,4,68.97,0.46%,2,ND0228 - US 301 NB AT HYETTS CORNER,12585.1,2019-01-29 08:27:00-05,
2024-08-06 00:00:00-04,ND0228,N,3,65.45,0.46%,1,ND0228 - US 301 NB AT HYETTS CORNER,12585.1,2019-01-29 08:27:00-05,
2024-08-06 00:05:00-04,ND0228,N,7,64.06,0.49%,2,ND0228 - US 301 NB AT HYETTS CORNER,12585.1,2019-01-29 08:27:00-05,
2024-08-06 00:10:00-04,ND0228,N,7,68.09,0.62%,2,ND0228 - US 301 NB AT HYETTS CORNER,12585.1,2019-01-29 08:27:00-05,
2024-08-06 00:15:00-04,ND0228,N,4,63.80,0.55%,1,ND0228 - US 301 NB AT HYETTS CORNER,12585.1,2019-01-29 08:27:00-05,
2024-08-06 00:20:00-04,ND0228,N,3,68.72,0.75%,1,ND0228 - US 301 NB AT HYETTS CORNER,12585.1,2019-01-29 08:27:00-05,
2024-08-06 00:25:00-04,ND0228,N,9,72.77,0.63%,2,ND0228 - US 301 NB AT HYETTS CORNER,12585.1,2019-01-29 08:27:00-05,
2024-08-06 00:30:00-04,ND0228,N,3,67.32,0.65%,1,ND0228 - US 301 NB AT HYETTS CORNER,12585.1,2019-01-29 08:27:00-05,
2024-08-06 00:35:00-04,ND0228,N,4,59.45,0.35%,2,ND0228 - US 301 NB AT HYETTS CORNER,12585.1,2019-01-29 08:27:00-05,
2024-08-06 00:40:00-04,ND0228,N,7,69.08,0.68%,2,ND0228 - US 301 NB AT HYETTS CORNER,12585.1,2019-01-29 08:27:00-05,
2024-08-06 00:45:00-04,ND0228,N,2,71.26,0.30%,1,ND0228 - US 301 NB AT HYETTS CORNER,12585.1,2019-01-29 08:27:00-05,
2024-08-06 00:50:00-04,ND0228,N,2,67.99,0.56%,1,ND0228 - US 301 NB AT HYETTS CORNER,12585.1,2019-01-29 08:27:00-05,
2024-08-06 00:55:00-04,ND0228,N,2,69.88,0.28%,2,ND0228 - US 301 NB AT HYETTS CORNER,12585.1,2019-01-29 08:27:00-05,
2024-08-06 01:00:00-04,ND0228,N,1,66.71,0.12%,1,ND0228 - US 301 NB AT HYETTS CORNER,12585.1,2019-01-29 08:27:00-05,
2024-08-06 01:05:00-04,ND0228,N,2,61.00,0.56%,1,ND0228 - US 301 NB AT HYETTS CORNER,12585.1,2019-01-29 08:27:00-05,
2024-08-06 01:15:00-04,ND0228,N,2,73.91,0.22%,1,ND0228 - US 301 NB AT HYETTS CORNER,12585.1,2019-01-29 08:27:00-05,
2024-08-06 01:20:00-04,ND0228,N,2,74.01,0.15%,2,ND0228 - US 301 NB AT HYETTS CORNER,12585.1,2019-01-29 08:27:00-05,
2024-08-06 01:25:00-04,ND0228,N,4,66.07,0.90%,1,ND0228 - US 301 NB AT HYETTS CORNER,12585.1,2019-01-29 08:27:00-05,
2024-08-06 01:30:00-04,ND0228,N,5,70.16,0.89%,1,ND0228 - US 301 NB AT HYETTS CORNER,12585.1,2019-01-29 08:27:00-05,
2024-08-06 01:35:00-04,ND0228,N,5,72.99,0.46%,2,ND0228 - US 301 NB AT HYETTS CORNER,12585.1,2019-01-29 08:27:00-05,
2024-08-06 01:40:00-04,ND0228,N,5,73.59,0.42%,2,ND0228 - US 301 NB AT HYETTS CORNER,12585.1,2019-01-29 08:27:00-05,
2024-08-06 01:45:00-04,ND0228,N,7,72.58,0.38%,2,ND0228 - US 301 NB AT HYETTS CORNER,12585.1,2019-01-29 08:27:00-05,
2024-08-06 01:50:00-04,ND0228,N,4,65.71,0.75%,1,ND0228 - US 301 NB AT HYETTS CORNER,12585.1,2019-01-29 08:27:00-05,
2024-08-06 01:55:00-04,ND0228,N,5,64.55,1.06%,1,ND0228 - US 301 NB AT HYETTS CORNER,12585.1,2019-01-29 08:27:00-05,
2024-08-06 02:00:00-04,ND0228,N,1,73.00,0.13%,1,ND0228 - US 301 NB AT HYETTS CORNER,12585.1,2019-01-29 08:27:00-05,
2024-08-06 02:05:00-04,ND0228,N,7,69.29,0.58%,2,ND0228 - US 301 NB AT HYETTS CORNER,12585.1,2019-01-29 08:27:00-05,
2024-08-06 02:10:00-04,ND0228,N,4,68.48,0.92%,1,ND0228 - US 301 NB AT HYETTS CORNER,12585.1,2019-01-29 08:27:00-05,
2024-08-06 02:15:00-04,ND0228,N,7,67.01,0.59%,2,ND0228 - US 301 NB AT HYETTS CORNER,12585.1,2019-01-29 08:27:00-05,
2024-08-06 02:20:00-04,ND0228,N,1,65.89,0.08%,1,ND0228 - US 301 NB AT HYETTS CORNER,12585.1,2019-01-29 08:27:00-05,
2024-08-06 02:25:00-04,ND0228,N,9,69.11,1.00%,2,ND0228 - US 301 NB AT HYETTS CORNER,12585.1,2019-01-29 08:27:00-05,
2024-08-06 02:30:00-04,ND0228,N,5,74.14,1.13%,1,ND0228 - US 301 NB AT HYETTS CORNER,12585.1,2019-01-29 08:27:00-05,
2024-08-06 02:35:00-04,ND0228,N,11,71.46,0.83%,2,ND0228 - US 301 NB AT HYETTS CORNER,12585.1,2019-01-29 08:27:00-05,
2024-08-06 02:40:00-04,ND0228,N,4,69.11,0.33%,2,ND0228 - US 301 NB AT HYETTS CORNER,12585.1,2019-01-29 08:27:00-05,
2024-08-06 02:45:00-04,ND0228,N,7,70.75,1.31%,1,ND0228 - US 301 NB AT HYETTS CORNER,12585.1,2019-01-29 08:27:00-05,
2024-08-06 02:50:00-04,ND0228,N,9,73.15,0.60%,2,ND0228 - US 301 NB AT HYETTS CORNER,12585.1,2019-01-29 08:27:00-05,
2024-08-06 02:55:00-04,ND0228,N,4,71.63,0.40%,2,ND0228 - US 301 NB AT HYETTS CORNER,12585.1,2019-01-29 08:27:00-05,
2024-08-06 03:00:00-04,ND0228,N,6,68.83,0.64%,2,ND0228 - US 301 NB AT HYETTS CORNER,12585.1,2019-01-29 08:27:00-05,
2024-08-06 03:05:00-04,ND0228,N,5,64.00,0.61%,2,ND0228 - US 301 NB AT HYETTS CORNER,12585.1,2019-01-29 08:27:00-05,
2024-08-06 03:10:00-04,ND0228,N,2,68.47,0.34%,1,ND0228 - US 301 NB AT HYETTS CORNER,12585.1,2019-01-29 08:27:00-05,
2024-08-06 03:15:00-04,ND0228,N,6,70.68,0.46%,2,ND0228 - US 301 NB AT HYETTS CORNER,12585.1,2019-01-29 08:27:00-05,
2024-08-06 03:20:00-04,ND0228,N,6,71.36,0.43%,2,ND0228 - US 301 NB AT HYETTS CORNER,12585.1,2019-01-29 08:27:00-05,
2024-08-06 03:25:00-04,ND0228,N,6,70.70,0.36%,2,ND0228 - US 301 NB AT HYETTS CORNER,12585.1,2019-01-29 08:27:00-05,
2024-08-06 03:30:00-04,ND0228,N,12,70.45,0.93%,2,ND0228 - US 301 NB AT HYETTS CORNER,12585.1,2019-01-29 08:27:00-05,
2024-08-06 03:35:00-04,ND0228,N,5,69.70,0.38%,2,ND0228 - US 301 NB AT HYETTS CORNER,12585.1,2019-01-29 08:27:00-05,
2024-08-06 03:40:00-04,ND0228,N,9,69.63,0.66%,2,ND0228 - US 301 NB AT HYETTS CORNER,12585.1,2019-01-29 08:27:00-05,
2024-08-06 03:45:00-04,ND0228,N,6,71.41,0.37%,2,ND0228 - US 301 NB AT HYETTS CORNER,12585.1,2019-01-29 08:27:00-05,
2024-08-06 03:50:00-04,ND0228,N,6,67.14,0.47%,2,ND0228 - US 301 NB AT HYETTS CORNER,12585.1,2019-01-29 08:27:00-05,
2024-08-06 03:55:00-04,ND0228,N,8,69.71,0.57%,2,ND0228 - US 301 NB AT HYETTS CORNER,12585.1,2019-01-29 08:27:00-05,
2024-08-06 04:00:00-04,ND0228,N,4,68.36,0.89%,1,ND0228 - US 301 NB AT HYETTS CORNER,12585.1,2019-01-29 08:27:00-05,
2024-08-06 04:05:00-04,ND0228,N,9,67.23,0.69%,2,ND0228 - US 301 NB AT HYETTS CORNER,12585.1,2019-01-29 08:27:00-05,
2024-08-06 04:10:00-04,ND0228,N,6,68.71,0.56%,2,ND0228 - US 301 NB AT HYETTS CORNER,12585.1,2019-01-29 08:27:00-05,
2024-08-06 04:15:00-04,ND0228,N,9,80.79,0.29%,2,ND0228 - US 301 NB AT HYETTS CORNER,12585.1,2019-01-29 08:27:00-05,
2024-08-06 04:20:00-04,ND0228,N,11,76.01,0.82%,2,ND0228 - US 301 NB AT HYETTS CORNER,12585.1,2019-01-29 08:27:00-05,
2024-08-06 04:25:00-04,ND0228,N,13,72.22,1.18%,2,ND0228 - US 301 NB AT HYETTS CORNER,12585.1,2019-01-29 08:27:00-05,
2024-08-06 04:30:00-04,ND0228,N,10,76.48,0.61%,2,ND0228 - US 301 NB AT HYETTS CORNER,12585.1,2019-01-29 08:27:00-05,
2024-08-06 04:35:00-04,ND0228,N,8,71.69,0.60%,2,ND0228 - US 301 NB AT HYETTS CORNER,12585.1,2019-01-29 08:27:00-05,
2024-08-06 04:40:00-04,ND0228,N,17,73.71,0.83%,2,ND0228 - US 301 NB AT HYETTS CORNER,12585.1,2019-01-29 08:27:00-05,
2024-08-06 04:45:00-04,ND0228,N,14,72.60,0.84%,2,ND0228 - US 301 NB AT HYETTS CORNER,12585.1,2019-01-29 08:27:00-05,
2024-08-06 04:50:00-04,ND0228,N,21,75.11,1.43%,2,ND0228 - US 301 NB AT HYETTS CORNER,12585.1,2019-01-29 08:27:00-05,
2024-08-06 04:55:00-04,ND0228,N,13,75.31,0.77%,2,ND0228 - US 301 NB AT HYETTS CORNER,12585.1,2019-01-29 08:27:00-05,
2024-08-06 05:00:00-04,ND0228,N,17,75.36,0.84%,2,ND0228 - US 301 NB AT HYETTS CORNER,12585.1,2019-01-29 08:27:00-05,
2024-08-06 05:05:00-04,ND0228,N,20,74.01,1.35%,2,ND0228 - US 301 NB AT HYETTS CORNER,12585.1,2019-01-29 08:27:00-05,
2024-08-06 05:10:00-04,ND0228,N,21,74.95,1.26%,2,ND0228 - US 301 NB AT HYETTS CORNER,12585.1,2019-01-29 08:27:00-05,
2024-08-06 05:15:00-04,ND0228,N,35,74.61,1.73%,2,ND0228 - US 301 NB AT HYETTS CORNER,12585.1,2019-01-29 08:27:00-05,
2024-08-06 05:20:00-04,ND0228,N,25,73.75,1.24%,2,ND0228 - US 301 NB AT HYETTS CORNER,12585.1,2019-01-29 08:27:00-05,
2024-08-06 05:25:00-04,ND0228,N,28,77.64,1.50%,2,ND0228 - US 301 NB AT HYETTS CORNER,12585.1,2019-01-29 08:27:00-05,
2024-08-06 05:30:00-04,ND0228,N,28,76.53,1.47%,2,ND0228 - US 301 NB AT HYETTS CORNER,12585.1,2019-01-29 08:27:00-05,
2024-08-06 05:35:00-04,ND0228,N,34,75.70,1.74%,2,ND0228 - US 301 NB AT HYETTS CORNER,12585.1,2019-01-29 08:27:00-05,
2024-08-06 05:40:00-04,ND0228,N,32,74.57,1.62%,2,ND0228 - US 301 NB AT HYETTS CORNER,12585.1,2019-01-29 08:27:00-05,
2024-08-06 05:45:00-04,ND0228,N,33,79.02,1.25%,2,ND0228 - US 301 NB AT HYETTS CORNER,12585.1,2019-01-29 08:27:00-05,
2024-08-06 05:50:00-04,ND0228,N,33,75.02,1.54%,2,ND0228 - US 301 NB AT HYETTS CORNER,12585.1,2019-01-29 08:27:00-05,
2024-08-06 05:55:00-04,ND0228,N,41,75.81,2.04%,2,ND0228 - US 301 NB AT HYETTS CORNER,12585.1,2019-01-29 08:27:00-05,
2024-08-06 06:00:00-04,ND0228,N,44,78.30,1.64%,2,ND0228 - US 301 NB AT HYETTS CORNER,12585.1,2019-01-29 08:27:00-05,
2024-08-06 06:05:00-04,ND0228,N,41,75.34,1.91%,2,ND0228 - US 301 NB AT HYETTS CORNER,12585.1,2019-01-29 08:27:00-05,
2024-08-06 06:10:00-04,ND0228,N,50,75.89,2.27%,2,ND0228 - US 301 NB AT HYETTS CORNER,12585.1,2019-01-29 08:27:00-05,
2024-08-06 06:15:00-04,ND0228,N,50,76.81,2.26%,2,ND0228 - US 301 NB AT HYETTS CORNER,12585.1,2019-01-29 08:27:00-05,
2024-08-06 06:20:00-04,ND0228,N,62,75.62,3.14%,2,ND0228 - US 301 NB AT HYETTS CORNER,12585.1,2019-01-29 08:27:00-05,
2024-08-06 06:25:00-04,ND0228,N,54,76.63,2.28%,2,ND0228 - US 301 NB AT HYETTS CORNER,12585.1,2019-01-29 08:27:00-05,
2024-08-06 06:30:00-04,ND0228,N,82,78.23,3.03%,2,ND0228 - US 301 NB AT HYETTS CORNER,12585.1,2019-01-29 08:27:00-05,
2024-08-06 06:35:00-04,ND0228,N,69,77.75,3.00%,2,ND0228 - US 301 NB AT HYETTS CORNER,12585.1,2019-01-29 08:27:00-05,
2024-08-06 06:40:00-04,ND0228,N,73,78.85,2.77%,2,ND0228 - US 301 NB AT HYETTS CORNER,12585.1,2019-01-29 08:27:00-05,
2024-08-06 06:45:00-04,ND0228,N,75,78.66,2.83%,2,ND0228 - US 301 NB AT HYETTS CORNER,12585.1,2019-01-29 08:27:00-05,
2024-08-06 06:50:00-04,ND0228,N,73,78.57,2.71%,2,ND0228 - US 301 NB AT HYETTS CORNER,12585.1,2019-01-29 08:27:00-05,
2024-08-06 06:55:00-04,ND0228,N,77,77.44,2.93%,2,ND0228 - US 301 NB AT HYETTS CORNER,12585.1,2019-01-29 08:27:00-05,
2024-08-06 07:00:00-04,ND0228,N,75,75.78,3.16%,2,ND0228 - US 301 NB AT HYETTS CORNER,12585.1,2019-01-29 08:27:00-05,
2024-08-06 07:05:00-04,ND0228,N,65,75.43,2.52%,2,ND0228 - US 301 NB AT HYETTS CORNER,12585.1,2019-01-29 08:27:00-05,
2024-08-06 07:10:00-04,ND0228,N,89,79.15,3.37%,2,ND0228 - US 301 NB AT HYETTS CORNER,12585.1,2019-01-29 08:27:00-05,
2024-08-06 07:15:00-04,ND0228,N,94,76.78,3.50%,2,ND0228 - US 301 NB AT HYETTS CORNER,12585.1,2019-01-29 08:27:00-05,
2024-08-06 07:20:00-04,ND0228,N,89,76.20,3.31%,2,ND0228 - US 301 NB AT HYETTS CORNER,12585.1,2019-01-29 08:27:00-05,
2024-08-06 07:25:00-04,ND0228,N,87,77.10,3.29%,2,ND0228 - US 301 NB AT HYETTS CORNER,12585.1,2019-01-29 08:27:00-05,
2024-08-06 07:30:00-04,ND0228,N,82,78.06,3.33%,2,ND0228 - US 301 NB AT HYETTS CORNER,12585.1,2019-01-29 08:27:00-05,
2024-08-06 07:35:00-04,ND0228,N,90,78.27,3.57%,2,ND0228 - US 301 NB AT HYETTS CORNER,12585.1,2019-01-29 08:27:00-05,
2024-08-06 07:40:00-04,ND0228,N,76,77.84,2.93%,2,ND0228 - US 301 NB AT HYETTS CORNER,12585.1,2019-01-29 08:27:00-05,
2024-08-06 07:45:00-04,ND0228,N,84,76.59,3.70%,2,ND0228 - US 301 NB AT HYETTS CORNER,12585.1,2019-01-29 08:27:00-05,
2024-08-06 07:50:00-04,ND0228,N,74,77.22,2.68%,2,ND0228 - US 301 NB AT HYETTS CORNER,12585.1,2019-01-29 08:27:00-05,
2024-08-06 07:55:00-04,ND0228,N,69,75.95,2.89%,2,ND0228 - US 301 NB AT HYETTS CORNER,12585.1,2019-01-29 08:27:00-05,
2024-08-06 08:00:00-04,ND0228,N,84,76.33,3.55%,2,ND0228 - US 301 NB AT HYETTS CORNER,12585.1,2019-01-29 08:27:00-05,
2024-08-06 08:05:00-04,ND0228,N,67,75.04,3.00%,2,ND0228 - US 301 NB AT HYETTS CORNER,12585.1,2019-01-29 08:27:00-05,
2024-08-06 08:10:00-04,ND0228,N,89,77.55,3.73%,2,ND0228 - US 301 NB AT HYETTS CORNER,12585.1,2019-01-29 08:27:00-05,
2024-08-06 08:15:00-04,ND0228,N,70,78.01,2.83%,2,ND0228 - US 301 NB AT HYETTS CORNER,12585.1,2019-01-29 08:27:00-05,
2024-08-06 08:20:00-04,ND0228,N,87,75.03,3.97%,2,ND0228 - US 301 NB AT HYETTS CORNER,12585.1,2019-01-29 08:27:00-05,
2024-08-06 08:25:00-04,ND0228,N,77,77.47,3.33%,2,ND0228 - US 301 NB AT HYETTS CORNER,12585.1,2019-01-29 08:27:00-05,
2024-08-06 08:30:00-04,ND0228,N,69,75.53,2.61%,2,ND0228 - US 301 NB AT HYETTS CORNER,12585.1,2019-01-29 08:27:00-05,
2024-08-06 08:35:00-04,ND0228,N,74,77.10,2.98%,2,ND0228 - US 301 NB AT HYETTS CORNER,12585.1,2019-01-29 08:27:00-05,
2024-08-06 08:40:00-04,ND0228,N,69,75.37,2.87%,2,ND0228 - US 301 NB AT HYETTS CORNER,12585.1,2019-01-29 08:27:00-05,
2024-08-06 08:45:00-04,ND0228,N,57,75.28,2.52%,2,ND0228 - US 301 NB AT HYETTS CORNER,12585.1,2019-01-29 08:27:00-05,
2024-08-06 08:50:00-04,ND0228,N,63,74.39,2.79%,2,ND0228 - US 301 NB AT HYETTS CORNER,12585.1,2019-01-29 08:27:00-05,
2024-08-06 08:55:00-04,ND0228,N,65,77.02,2.80%,2,ND0228 - US 301 NB AT HYETTS CORNER,12585.1,2019-01-29 08:27:00-05,
2024-08-06 09:00:00-04,ND0228,N,74,75.73,3.31%,2,ND0228 - US 301 NB AT HYETTS CORNER,12585.1,2019-01-29 08:27:00-05,
2024-08-06 09:05:00-04,ND0228,N,54,77.50,2.26%,2,ND0228 - US 301 NB AT HYETTS CORNER,12585.1,2019-01-29 08:27:00-05,
2024-08-06 09:10:00-04,ND0228,N,61,76.32,2.76%,2,ND0228 - US 301 NB AT HYETTS CORNER,12585.1,2019-01-29 08:27:00-05,
2024-08-06 09:15:00-04,ND0228,N,41,74.10,1.70%,2,ND0228 - US 301 NB AT HYETTS CORNER,12585.1,2019-01-29 08:27:00-05,
2024-08-06 09:20:00-04,ND0228,N,59,74.96,2.58%,2,ND0228 - US 301 NB AT HYETTS CORNER,12585.1,2019-01-29 08:27:00-05,
2024-08-06 09:25:00-04,ND0228,N,55,76.85,2.23%,2,ND0228 - US 301 NB AT HYETTS CORNER,12585.1,2019-01-29 08:27:00-05,
2024-08-06 09:30:00-04,ND0228,N,67,76.21,2.88%,2,ND0228 - US 301 NB AT HYETTS CORNER,12585.1,2019-01-29 08:27:00-05,
2024-08-06 09:35:00-04,ND0228,N,50,73.71,2.05%,2,ND0228 - US 301 NB AT HYETTS CORNER,12585.1,2019-01-29 08:27:00-05,
2024-08-06 09:40:00-04,ND0228,N,56,72.12,2.75%,2,ND0228 - US 301 NB AT HYETTS CORNER,12585.1,2019-01-29 08:27:00-05,
2024-08-06 09:45:00-04,ND0228,N,57,71.80,2.91%,2,ND0228 - US 301 NB AT HYETTS CORNER,12585.1,2019-01-29 08:27:00-05,
2024-08-06 09:50:00-04,ND0228,N,56,74.71,2.39%,2,ND0228 - US 301 NB AT HYETTS CORNER,12585.1,2019-01-29 08:27:00-05,
2024-08-06 09:55:00-04,ND0228,N,52,76.00,2.07%,2,ND0228 - US 301 NB AT HYETTS CORNER,12585.1,2019-01-29 08:27:00-05,
2024-08-06 10:00:00-04,ND0228,N,37,73.80,1.68%,2,ND0228 - US 301 NB AT HYETTS CORNER,12585.1,2019-01-29 08:27:00-05,
2024-08-06 10:05:00-04,ND0228,N,51,75.23,2.54%,2,ND0228 - US 301 NB AT HYETTS CORNER,12585.1,2019-01-29 08:27:00-05,
2024-08-06 10:10:00-04,ND0228,N,43,77.32,1.86%,2,ND0228 - US 301 NB AT HYETTS CORNER,12585.1,2019-01-29 08:27:00-05,
2024-08-06 10:15:00-04,ND0228,N,51,74.79,2.47%,2,ND0228 - US 301 NB AT HYETTS CORNER,12585.1,2019-01-29 08:27:00-05,
2024-08-06 10:20:00-04,ND0228,N,61,74.58,2.78%,2,ND0228 - US 301 NB AT HYETTS CORNER,12585.1,2019-01-29 08:27:00-05,
2024-08-06 10:25:00-04,ND0228,N,43,72.88,1.84%,2,ND0228 - US 301 NB AT HYETTS CORNER,12585.1,2019-01-29 08:27:00-05,
2024-08-06 10:30:00-04,ND0228,N,62,73.63,3.25%,2,ND0228 - US 301 NB AT HYETTS CORNER,12585.1,2019-01-29 08:27:00-05,
2024-08-06 10:35:00-04,ND0228,N,57,73.20,2.97%,2,ND0228 - US 301 NB AT HYETTS CORNER,12585.1,2019-01-29 08:27:00-05,
2024-08-06 10:40:00-04,ND0228,N,70,75.14,3.08%,2,ND0228 - US 301 NB AT HYETTS CORNER,12585.1,2019-01-29 08:27:00-05,
2024-08-06 10:45:00-04,ND0228,N,58,72.89,2.42%,2,ND0228 - US 301 NB AT HYETTS CORNER,12585.1,2019-01-29 08:27:00-05,
2024-08-06 10:50:00-04,ND0228,N,59,73.86,2.90%,2,ND0228 - US 301 NB AT HYETTS CORNER,12585.1,2019-01-29 08:27:00-05,
2024-08-06 10:55:00-04,ND0228,N,51,74.39,2.40%,2,ND0228 - US 301 NB AT HYETTS CORNER,12585.1,2019-01-29 08:27:00-05,
2024-08-06 11:00:00-04,ND0228,N,51,73.63,2.09%,2,ND0228 - US 301 NB AT HYETTS CORNER,12585.1,2019-01-29 08:27:00-05,
2024-08-06 11:05:00-04,ND0228,N,57,75.82,2.83%,2,ND0228 - US 301 NB AT HYETTS CORNER,12585.1,2019-01-29 08:27:00-05,
2024-08-06 11:10:00-04,ND0228,N,49,76.60,1.90%,2,ND0228 - US 301 NB AT HYETTS CORNER,12585.1,2019-01-29 08:27:00-05,
2024-08-06 11:15:00-04,ND0228,N,45,75.12,1.81%,2,ND0228 - US 301 NB AT HYETTS CORNER,12585.1,2019-01-29 08:27:00-05,
2024-08-06 11:20:00-04,ND0228,N,47,74.02,2.54%,2,ND0228 - US 301 NB AT HYETTS CORNER,12585.1,2019-01-29 08:27:00-05,
2024-08-06 11:25:00-04,ND0228,N,56,73.58,2.81%,2,ND0228 - US 301 NB AT HYETTS CORNER,12585.1,2019-01-29 08:27:00-05,
2024-08-06 11:30:00-04,ND0228,N,46,73.33,2.03%,2,ND0228 - US 301 NB AT HYETTS CORNER,12585.1,2019-01-29 08:27:00-05,
2024-08-06 11:35:00-04,ND0228,N,47,73.22,2.19%,2,ND0228 - US 301 NB AT HYETTS CORNER,12585.1,2019-01-29 08:27:00-05,
2024-08-06 11:40:00-04,ND0228,N,54,73.60,2.88%,2,ND0228 - US 301 NB AT HYETTS CORNER,12585.1,2019-01-29 08:27:00-05,
2024-08-06 11:45:00-04,ND0228,N,48,74.02,2.37%,2,ND0228 - US 301 NB AT HYETTS CORNER,12585.1,2019-01-29 08:27:00-05,
2024-08-06 11:50:00-04,ND0228,N,51,73.93,2.52%,2,ND0228 - US 301 NB AT HYETTS CORNER,12585.1,2019-01-29 08:27:00-05,
2024-08-06 11:55:00-04,ND0228,N,44,73.46,2.25%,2,ND0228 - US 301 NB AT HYETTS CORNER,12585.1,2019-01-29 08:27:00-05,
2024-08-06 12:00:00-04,ND0228,N,47,73.00,2.17%,2,ND0228 - US 301 NB AT HYETTS CORNER,12585.1,2019-01-29 08:27:00-05,
2024-08-06 12:05:00-04,ND0228,N,54,74.28,2.51%,2,ND0228 - US 301 NB AT HYETTS CORNER,12585.1,2019-01-29 08:27:00-05,
2024-08-06 12:10:00-04,ND0228,N,43,77.57,1.73%,2,ND0228 - US 301 NB AT HYETTS CORNER,12585.1,2019-01-29 08:27:00-05,
2024-08-06 12:15:00-04,ND0228,N,60,73.61,3.14%,2,ND0228 - US 301 NB AT HYETTS CORNER,12585.1,2019-01-29 08:27:00-05,
2024-08-06 12:20:00-04,ND0228,N,58,73.87,2.81%,2,ND0228 - US 301 NB AT HYETTS CORNER,12585.1,2019-01-29 08:27:00-05,
2024-08-06 12:25:00-04,ND0228,N,49,75.69,2.07%,2,ND0228 - US 301 NB AT HYETTS CORNER,12585.1,2019-01-29 08:27:00-05,
2024-08-06 12:30:00-04,ND0228,N,43,76.30,1.88%,2,ND0228 - US 301 NB AT HYETTS CORNER,12585.1,2019-01-29 08:27:00-05,
2024-08-06 12:35:00-04,ND0228,N,47,74.93,2.11%,2,ND0228 - US 301 NB AT HYETTS CORNER,12585.1,2019-01-29 08:27:00-05,
2024-08-06 12:40:00-04,ND0228,N,42,74.61,1.84%,2,ND0228 - US 301 NB AT HYETTS CORNER,12585.1,2019-01-29 08:27:00-05,
2024-08-06 12:45:00-04,ND0228,N,59,75.33,2.81%,2,ND0228 - US 301 NB AT HYETTS CORNER,12585.1,2019-01-29 08:27:00-05,
2024-08-06 12:50:00-04,ND0228,N,47,76.59,1.92%,2,ND0228 - US 301 NB AT HYETTS CORNER,12585.1,2019-01-29 08:27:00-05,
2024-08-06 12:55:00-04,ND0228,N,46,73.85,2.16%,2,ND0228 - US 301 NB AT HYETTS CORNER,12585.1,2019-01-29 08:27:00-05,
2024-08-06 13:00:00-04,ND0228,N,50,75.61,2.20%,2,ND0228 - US 301 NB AT HYETTS CORNER,12585.1,2019-01-29 08:27:00-05,
2024-08-06 13:05:00-04,ND0228,N,50,73.11,2.33%,2,ND0228 - US 301 NB AT HYETTS CORNER,12585.1,2019-01-29 08:27:00-05,
2024-08-06 13:10:00-04,ND0228,N,48,75.46,1.98%,2,ND0228 - US 301 NB AT HYETTS CORNER,12585.1,2019-01-29 08:27:00-05,
2024-08-06 13:15:00-04,ND0228,N,51,75.15,2.51%,2,ND0228 - US 301 NB AT HYETTS CORNER,12585.1,2019-01-29 08:27:00-05,
2024-08-06 13:20:00-04,ND0228,N,55,75.41,2.30%,2,ND0228 - US 301 NB AT HYETTS CORNER,12585.1,2019-01-29 08:27:00-05,
2024-08-06 13:25:00-04,ND0228,N,47,75.75,2.69%,2,ND0228 - US 301 NB AT HYETTS CORNER,12585.1,2019-01-29 08:27:00-05,
2024-08-06 13:30:00-04,ND0228,N,51,75.12,2.25%,2,ND0228 - US 301 NB AT HYETTS CORNER,12585.1,2019-01-29 08:27:00-05,
2024-08-06 13:35:00-04,ND0228,N,47,74.50,2.39%,2,ND0228 - US 301 NB AT HYETTS CORNER,12585.1,2019-01-29 08:27:00-05,
2024-08-06 13:40:00-04,ND0228,N,44,77.13,1.92%,2,ND0228 - US 301 NB AT HYETTS CORNER,12585.1,2019-01-29 08:27:00-05,
2024-08-06 13:45:00-04,ND0228,N,50,75.74,2.15%,2,ND0228 - US 301 NB AT HYETTS CORNER,12585.1,2019-01-29 08:27:00-05,
2024-08-06 13:50:00-04,ND0228,N,59,73.71,2.68%,2,ND0228 - US 301 NB AT HYETTS CORNER,12585.1,2019-01-29 08:27:00-05,
2024-08-06 13:55:00-04,ND0228,N,56,74.12,2.18%,2,ND0228 - US 301 NB AT HYETTS CORNER,12585.1,2019-01-29 08:27:00-05,
2024-08-06 14:00:00-04,ND0228,N,54,72.18,2.66%,2,ND0228 - US 301 NB AT HYETTS CORNER,12585.1,2019-01-29 08:27:00-05,
2024-08-06 14:05:00-04,ND0228,N,41,75.49,1.51%,2,ND0228 - US 301 NB AT HYETTS CORNER,12585.1,2019-01-29 08:27:00-05,
2024-08-06 14:10:00-04,ND0228,N,46,75.80,2.26%,2,ND0228 - US 301 NB AT HYETTS CORNER,12585.1,2019-01-29 08:27:00-05,
2024-08-06 14:15:00-04,ND0228,N,61,75.48,2.54%,2,ND0228 - US 301 NB AT HYETTS CORNER,12585.1,2019-01-29 08:27:00-05,
2024-08-06 14:20:00-04,ND0228,N,59,75.18,2.60%,2,ND0228 - US 301 NB AT HYETTS CORNER,12585.1,2019-01-29 08:27:00-05,
2024-08-06 14:25:00-04,ND0228,N,70,76.09,2.76%,2,ND0228 - US 301 NB AT HYETTS CORNER,12585.1,2019-01-29 08:27:00-05,
2024-08-06 14:30:00-04,ND0228,N,71,77.52,2.96%,2,ND0228 - US 301 NB AT HYETTS CORNER,12585.1,2019-01-29 08:27:00-05,
2024-08-06 14:35:00-04,ND0228,N,69,76.49,2.67%,2,ND0228 - US 301 NB AT HYETTS CORNER,12585.1,2019-01-29 08:27:00-05,
2024-08-06 14:40:00-04,ND0228,N,74,76.45,2.94%,2,ND0228 - US 301 NB AT HYETTS CORNER,12585.1,2019-01-29 08:27:00-05,
2024-08-06 14:45:00-04,ND0228,N,60,77.05,2.59%,2,ND0228 - US 301 NB AT HYETTS CORNER,12585.1,2019-01-29 08:27:00-05,
2024-08-06 14:50:00-04,ND0228,N,65,75.32,2.91%,2,ND0228 - US 301 NB AT HYETTS CORNER,12585.1,2019-01-29 08:27:00-05,
2024-08-06 14:55:00-04,ND0228,N,62,73.28,3.13%,2,ND0228 - US 301 NB AT HYETTS CORNER,12585.1,2019-01-29 08:27:00-05,
2024-08-06 15:00:00-04,ND0228,N,56,74.02,2.62%,2,ND0228 - US 301 NB AT HYETTS CORNER,12585.1,2019-01-29 08:27:00-05,
2024-08-06 15:05:00-04,ND0228,N,53,73.73,2.49%,2,ND0228 - US 301 NB AT HYETTS CORNER,12585.1,2019-01-29 08:27:00-05,
2024-08-06 15:10:00-04,ND0228,N,53,74.81,2.63%,2,ND0228 - US 301 NB AT HYETTS CORNER,12585.1,2019-01-29 08:27:00-05,
2024-08-06 15:15:00-04,ND0228,N,71,76.58,2.91%,2,ND0228 - US 301 NB AT HYETTS CORNER,12585.1,2019-01-29 08:27:00-05,
2024-08-06 15:20:00-04,ND0228,N,62,78.01,2.44%,2,ND0228 - US 301 NB AT HYETTS CORNER,12585.1,2019-01-29 08:27:00-05,
2024-08-06 15:25:00-04,ND0228,N,74,75.60,3.28%,2,ND0228 - US 301 NB AT HYETTS CORNER,12585.1,2019-01-29 08:27:00-05,
2024-08-06 15:30:00-04,ND0228,N,64,75.47,2.80%,2,ND0228 - US 301 NB AT HYETTS CORNER,12585.1,2019-01-29 08:27:00-05,
2024-08-06 15:35:00-04,ND0228,N,68,75.84,2.97%,2,ND0228 - US 301 NB AT HYETTS CORNER,12585.1,2019-01-29 08:27:00-05,
2024-08-06 15:40:00-04,ND0228,N,81,77.48,3.13%,2,ND0228 - US 301 NB AT HYETTS CORNER,12585.1,2019-01-29 08:27:00-05,
2024-08-06 15:45:00-04,ND0228,N,68,75.73,2.63%,2,ND0228 - US 301 NB AT HYETTS CORNER,12585.1,2019-01-29 08:27:00-05,
2024-08-06 15:50:00-04,ND0228,N,70,75.77,2.93%,2,ND0228 - US 301 NB AT HYETTS CORNER,12585.1,2019-01-29 08:27:00-05,
2024-08-06 15:55:00-04,ND0228,N,69,73.51,3.01%,2,ND0228 - US 301 NB AT HYETTS CORNER,12585.1,2019-01-29 08:27:00-05,
2024-08-06 16:00:00-04,ND0228,N,63,75.85,3.09%,2,ND0228 - US 301 NB AT HYETTS CORNER,12585.1,2019-01-29 08:27:00-05,
2024-08-06 16:05:00-04,ND0228,N,65,74.34,3.00%,2,ND0228 - US 301 NB AT HYETTS CORNER,12585.1,2019-01-29 08:27:00-05,
2024-08-06 16:10:00-04,ND0228,N,72,77.60,3.02%,2,ND0228 - US 301 NB AT HYETTS CORNER,12585.1,2019-01-29 08:27:00-05,
2024-08-06 16:15:00-04,ND0228,N,86,74.47,3.56%,2,ND0228 - US 301 NB AT HYETTS CORNER,12585.1,2019-01-29 08:27:00-05,
2024-08-06 16:20:00-04,ND0228,N,82,75.50,3.35%,2,ND0228 - US 301 NB AT HYETTS CORNER,12585.1,2019-01-29 08:27:00-05,
2024-08-06 16:25:00-04,ND0228,N,93,76.67,3.88%,2,ND0228 - US 301 NB AT HYETTS CORNER,12585.1,2019-01-29 08:27:00-05,
2024-08-06 16:30:00-04,ND0228,N,83,75.38,3.25%,2,ND0228 - US 301 NB AT HYETTS CORNER,12585.1,2019-01-29 08:27:00-05,
2024-08-06 16:35:00-04,ND0228,N,67,76.27,3.07%,2,ND0228 - US 301 NB AT HYETTS CORNER,12585.1,2019-01-29 08:27:00-05,
2024-08-06 16:40:00-04,ND0228,N,89,77.30,4.06%,2,ND0228 - US 301 NB AT HYETTS CORNER,12585.1,2019-01-29 08:27:00-05,
2024-08-06 16:45:00-04,ND0228,N,89,76.11,4.09%,2,ND0228 - US 301 NB AT HYETTS CORNER,12585.1,2019-01-29 08:27:00-05,
2024-08-06 16:50:00-04,ND0228,N,71,76.79,2.90%,2,ND0228 - US 301 NB AT HYETTS CORNER,12585.1,2019-01-29 08:27:00-05,
2024-08-06 16:55:00-04,ND0228,N,79,75.64,3.29%,2,ND0228 - US 301 NB AT HYETTS CORNER,12585.1,2019-01-29 08:27:00-05,
2024-08-06 17:00:00-04,ND0228,N,72,76.36,3.17%,2,ND0228 - US 301 NB AT HYETTS CORNER,12585.1,2019-01-29 08:27:00-05,
2024-08-06 17:05:00-04,ND0228,N,89,75.70,3.65%,2,ND0228 - US 301 NB AT HYETTS CORNER,12585.1,2019-01-29 08:27:00-05,
2024-08-06 17:10:00-04,ND0228,N,93,77.23,3.83%,2,ND0228 - US 301 NB AT HYETTS CORNER,12585.1,2019-01-29 08:27:00-05,
2024-08-06 17:15:00-04,ND0228,N,79,74.99,3.32%,2,ND0228 - US 301 NB AT HYETTS CORNER,12585.1,2019-01-29 08:27:00-05,
2024-08-06 17:20:00-04,ND0228,N,78,76.84,3.15%,2,ND0228 - US 301 NB AT HYETTS CORNER,12585.1,2019-01-29 08:27:00-05,
2024-08-06 17:25:00-04,ND0228,N,92,76.27,3.80%,2,ND0228 - US 301 NB AT HYETTS CORNER,12585.1,2019-01-29 08:27:00-05,
2024-08-06 17:30:00-04,ND0228,N,78,75.76,3.22%,2,ND0228 - US 301 NB AT HYETTS CORNER,12585.1,2019-01-29 08:27:00-05,
2024-08-06 17:35:00-04,ND0228,N,72,76.80,2.71%,2,ND0228 - US 301 NB AT HYETTS CORNER,12585.1,2019-01-29 08:27:00-05,
2024-08-06 17:40:00-04,ND0228,N,94,76.36,3.88%,2,ND0228 - US 301 NB AT HYETTS CORNER,12585.1,2019-01-29 08:27:00-05,
2024-08-06 17:45:00-04,ND0228,N,89,77.35,3.31%,2,ND0228 - US 301 NB AT HYETTS CORNER,12585.1,2019-01-29 08:27:00-05,
2024-08-06 17:50:00-04,ND0228,N,73,75.84,3.03%,2,ND0228 - US 301 NB AT HYETTS CORNER,12585.1,2019-01-29 08:27:00-05,
2024-08-06 17:55:00-04,ND0228,N,67,76.11,2.79%,2,ND0228 - US 301 NB AT HYETTS CORNER,12585.1,2019-01-29 08:27:00-05,
2024-08-06 18:00:00-04,ND0228,N,70,75.20,3.30%,2,ND0228 - US 301 NB AT HYETTS CORNER,12585.1,2019-01-29 08:27:00-05,
2024-08-06 18:05:00-04,ND0228,N,75,76.51,3.83%,2,ND0228 - US 301 NB AT HYETTS CORNER,12585.1,2019-01-29 08:27:00-05,
2024-08-06 18:10:00-04,ND0228,N,63,77.37,2.60%,2,ND0228 - US 301 NB AT HYETTS CORNER,12585.1,2019-01-29 08:27:00-05,
2024-08-06 18:15:00-04,ND0228,N,47,73.80,2.09%,2,ND0228 - US 301 NB AT HYETTS CORNER,12585.1,2019-01-29 08:27:00-05,
2024-08-06 18:20:00-04,ND0228,N,62,77.27,2.40%,2,ND0228 - US 301 NB AT HYETTS CORNER,12585.1,2019-01-29 08:27:00-05,
2024-08-06 18:25:00-04,ND0228,N,69,78.06,2.66%,2,ND0228 - US 301 NB AT HYETTS CORNER,12585.1,2019-01-29 08:27:00-05,
2024-08-06 18:30:00-04,ND0228,N,62,76.25,2.52%,2,ND0228 - US 301 NB AT HYETTS CORNER,12585.1,2019-01-29 08:27:00-05,
2024-08-06 18:35:00-04,ND0228,N,57,76.81,2.49%,2,ND0228 - US 301 NB AT HYETTS CORNER,12585.1,2019-01-29 08:27:00-05,
2024-08-06 18:40:00-04,ND0228,N,50,74.99,2.22%,2,ND0228 - US 301 NB AT HYETTS CORNER,12585.1,2019-01-29 08:27:00-05,
2024-08-06 18:45:00-04,ND0228,N,57,76.87,2.30%,2,ND0228 - US 301 NB AT HYETTS CORNER,12585.1,2019-01-29 08:27:00-05,
2024-08-06 18:50:00-04,ND0228,N,46,73.38,2.46%,2,ND0228 - US 301 NB AT HYETTS CORNER,12585.1,2019-01-29 08:27:00-05,
2024-08-06 18:55:00-04,ND0228,N,59,76.20,2.31%,2,ND0228 - US 301 NB AT HYETTS CORNER,12585.1,2019-01-29 08:27:00-05,
2024-08-06 19:00:00-04,ND0228,N,63,75.63,2.43%,2,ND0228 - US 301 NB AT HYETTS CORNER,12585.1,2019-01-29 08:27:00-05,
2024-08-06 19:05:00-04,ND0228,N,58,76.21,2.59%,2,ND0228 - US 301 NB AT HYETTS CORNER,12585.1,2019-01-29 08:27:00-05,
2024-08-06 19:10:00-04,ND0228,N,58,75.90,2.32%,2,ND0228 - US 301 NB AT HYETTS CORNER,12585.1,2019-01-29 08:27:00-05,
2024-08-06 19:15:00-04,ND0228,N,51,75.50,2.00%,2,ND0228 - US 301 NB AT HYETTS CORNER,12585.1,2019-01-29 08:27:00-05,
2024-08-06 19:20:00-04,ND0228,N,42,76.40,1.87%,2,ND0228 - US 301 NB AT HYETTS CORNER,12585.1,2019-01-29 08:27:00-05,
2024-08-06 19:25:00-04,ND0228,N,56,78.03,2.55%,2,ND0228 - US 301 NB AT HYETTS CORNER,12585.1,2019-01-29 08:27:00-05,
2024-08-06 19:30:00-04,ND0228,N,56,77.69,2.46%,2,ND0228 - US 301 NB AT HYETTS CORNER,12585.1,2019-01-29 08:27:00-05,
2024-08-06 19:35:00-04,ND0228,N,44,75.62,1.86%,2,ND0228 - US 301 NB AT HYETTS CORNER,12585.1,2019-01-29 08:27:00-05,
2024-08-06 19:40:00-04,ND0228,N,42,75.53,2.10%,2,ND0228 - US 301 NB AT HYETTS CORNER,12585.1,2019-01-29 08:27:00-05,
2024-08-06 19:45:00-04,ND0228,N,38,74.42,2.24%,2,ND0228 - US 301 NB AT HYETTS CORNER,12585.1,2019-01-29 08:27:00-05,
2024-08-06 19:50:00-04,ND0228,N,28,73.80,1.40%,2,ND0228 - US 301 NB AT HYETTS CORNER,12585.1,2019-01-29 08:27:00-05,
2024-08-06 19:55:00-04,ND0228,N,39,76.04,1.85%,2,ND0228 - US 301 NB AT HYETTS CORNER,12585.1,2019-01-29 08:27:00-05,
2024-08-06 20:00:00-04,ND0228,N,37,77.45,1.72%,2,ND0228 - US 301 NB AT HYETTS CORNER,12585.1,2019-01-29 08:27:00-05,
2024-08-06 20:05:00-04,ND0228,N,23,72.72,1.10%,2,ND0228 - US 301 NB AT HYETTS CORNER,12585.1,2019-01-29 08:27:00-05,
2024-08-06 20:10:00-04,ND0228,N,29,75.78,1.26%,2,ND0228 - US 301 NB AT HYETTS CORNER,12585.1,2019-01-29 08:27:00-05,
2024-08-06 20:15:00-04,ND0228,N,25,76.62,1.20%,2,ND0228 - US 301 NB AT HYETTS CORNER,12585.1,2019-01-29 08:27:00-05,
2024-08-06 20:20:00-04,ND0228,N,22,72.40,1.13%,2,ND0228 - US 301 NB AT HYETTS CORNER,12585.1,2019-01-29 08:27:00-05,
2024-08-06 20:25:00-04,ND0228,N,28,73.10,1.48%,2,ND0228 - US 301 NB AT HYETTS CORNER,12585.1,2019-01-29 08:27:00-05,
2024-08-06 20:30:00-04,ND0228,N,25,74.18,1.59%,2,ND0228 - US 301 NB AT HYETTS CORNER,12585.1,2019-01-29 08:27:00-05,
2024-08-06 20:35:00-04,ND0228,N,35,74.81,1.42%,2,ND0228 - US 301 NB AT HYETTS CORNER,12585.1,2019-01-29 08:27:00-05,
2024-08-06 20:40:00-04,ND0228,N,24,72.96,1.30%,2,ND0228 - US 301 NB AT HYETTS CORNER,12585.1,2019-01-29 08:27:00-05,
2024-08-06 20:45:00-04,ND0228,N,23,73.04,1.31%,2,ND0228 - US 301 NB AT HYETTS CORNER,12585.1,2019-01-29 08:27:00-05,
2024-08-06 20:50:00-04,ND0228,N,33,75.44,1.93%,2,ND0228 - US 301 NB AT HYETTS CORNER,12585.1,2019-01-29 08:27:00-05,
2024-08-06 20:55:00-04,ND0228,N,21,75.50,1.08%,2,ND0228 - US 301 NB AT HYETTS CORNER,12585.1,2019-01-29 08:27:00-05,
2024-08-06 21:00:00-04,ND0228,N,27,70.00,1.85%,2,ND0228 - US 301 NB AT HYETTS CORNER,12585.1,2019-01-29 08:27:00-05,
2024-08-06 21:05:00-04,ND0228,N,22,75.32,1.45%,2,ND0228 - US 301 NB AT HYETTS CORNER,12585.1,2019-01-29 08:27:00-05,
2024-08-06 21:10:00-04,ND0228,N,28,72.63,2.08%,2,ND0228 - US 301 NB AT HYETTS CORNER,12585.1,2019-01-29 08:27:00-05,
2024-08-06 21:15:00-04,ND0228,N,23,73.69,1.07%,2,ND0228 - US 301 NB AT HYETTS CORNER,12585.1,2019-01-29 08:27:00-05,
2024-08-06 21:20:00-04,ND0228,N,18,69.38,1.59%,2,ND0228 - US 301 NB AT HYETTS CORNER,12585.1,2019-01-29 08:27:00-05,
2024-08-06 21:25:00-04,ND0228,N,18,71.23,0.83%,2,ND0228 - US 301 NB AT HYETTS CORNER,12585.1,2019-01-29 08:27:00-05,
2024-08-06 21:30:00-04,ND0228,N,18,73.62,1.15%,2,ND0228 - US 301 NB AT HYETTS CORNER,12585.1,2019-01-29 08:27:00-05,
2024-08-06 21:35:00-04,ND0228,N,12,69.29,0.56%,2,ND0228 - US 301 NB AT HYETTS CORNER,12585.1,2019-01-29 08:27:00-05,
2024-08-06 21:40:00-04,ND0228,N,22,70.84,1.34%,2,ND0228 - US 301 NB AT HYETTS CORNER,12585.1,2019-01-29 08:27:00-05,
2024-08-06 21:45:00-04,ND0228,N,20,73.22,1.45%,2,ND0228 - US 301 NB AT HYETTS CORNER,12585.1,2019-01-29 08:27:00-05,
2024-08-06 21:50:00-04,ND0228,N,7,71.25,0.25%,2,ND0228 - US 301 NB AT HYETTS CORNER,12585.1,2019-01-29 08:27:00-05,
2024-08-06 21:55:00-04,ND0228,N,12,70.44,0.71%,2,ND0228 - US 301 NB AT HYETTS CORNER,12585.1,2019-01-29 08:27:00-05,
2024-08-06 22:00:00-04,ND0228,N,13,73.24,1.07%,2,ND0228 - US 301 NB AT HYETTS CORNER,12585.1,2019-01-29 08:27:00-05,
2024-08-06 22:05:00-04,ND0228,N,13,68.00,1.09%,2,ND0228 - US 301 NB AT HYETTS CORNER,12585.1,2019-01-29 08:27:00-05,
2024-08-06 22:10:00-04,ND0228,N,13,69.41,1.03%,2,ND0228 - US 301 NB AT HYETTS CORNER,12585.1,2019-01-29 08:27:00-05,
2024-08-06 22:15:00-04,ND0228,N,14,76.03,1.02%,2,ND0228 - US 301 NB AT HYETTS CORNER,12585.1,2019-01-29 08:27:00-05,
2024-08-06 22:20:00-04,ND0228,N,9,76.83,0.47%,2,ND0228 - US 301 NB AT HYETTS CORNER,12585.1,2019-01-29 08:27:00-05,
2024-08-06 22:25:00-04,ND0228,N,12,69.66,1.10%,2,ND0228 - US 301 NB AT HYETTS CORNER,12585.1,2019-01-29 08:27:00-05,
2024-08-06 22:30:00-04,ND0228,N,7,70.34,0.66%,2,ND0228 - US 301 NB AT HYETTS CORNER,12585.1,2019-01-29 08:27:00-05,
2024-08-06 22:35:00-04,ND0228,N,9,70.20,0.74%,2,ND0228 - US 301 NB AT HYETTS CORNER,12585.1,2019-01-29 08:27:00-05,
2024-08-06 22:40:00-04,ND0228,N,15,69.91,0.75%,2,ND0228 - US 301 NB AT HYETTS CORNER,12585.1,2019-01-29 08:27:00-05,
2024-08-06 22:45:00-04,ND0228,N,10,70.94,0.69%,2,ND0228 - US 301 NB AT HYETTS CORNER,12585.1,2019-01-29 08:27:00-05,
2024-08-06 22:50:00-04,ND0228,N,14,67.34,1.04%,2,ND0228 - US 301 NB AT HYETTS CORNER,12585.1,2019-01-29 08:27:00-05,
2024-08-06 22:55:00-04,ND0228,N,10,73.07,0.64%,2,ND0228 - US 301 NB AT HYETTS CORNER,12585.1,2019-01-29 08:27:00-05,
2024-08-06 23:00:00-04,ND0228,N,10,71.25,0.36%,2,ND0228 - US 301 NB AT HYETTS CORNER,12585.1,2019-01-29 08:27:00-05,
2024-08-06 23:05:00-04,ND0228,N,10,69.21,0.86%,2,ND0228 - US 301 NB AT HYETTS CORNER,12585.1,2019-01-29 08:27:00-05,
2024-08-06 23:10:00-04,ND0228,N,6,73.81,0.44%,2,ND0228 - US 301 NB AT HYETTS CORNER,12585.1,2019-01-29 08:27:00-05,
2024-08-06 23:15:00-04,ND0228,N,11,65.57,1.02%,2,ND0228 - US 301 NB AT HYETTS CORNER,12585.1,2019-01-29 08:27:00-05,
2024-08-06 23:20:00-04,ND0228,N,4,66.06,0.40%,2,ND0228 - US 301 NB AT HYETTS CORNER,12585.1,2019-01-29 08:27:00-05,
2024-08-06 23:25:00-04,ND0228,N,3,64.04,0.21%,2,ND0228 - US 301 NB AT HYETTS CORNER,12585.1,2019-01-29 08:27:00-05,
2024-08-06 23:30:00-04,ND0228,N,7,74.90,0.55%,2,ND0228 - US 301 NB AT HYETTS CORNER,12585.1,2019-01-29 08:27:00-05,
2024-08-06 23:35:00-04,ND0228,N,10,70.46,0.98%,2,ND0228 - US 301 NB AT HYETTS CORNER,12585.1,2019-01-29 08:27:00-05,
2024-08-06 23:40:00-04,ND0228,N,13,70.62,1.30%,2,ND0228 - US 301 NB AT HYETTS CORNER,12585.1,2019-01-29 08:27:00-05,
2024-08-06 23:45:00-04,ND0228,N,5,72.58,0.34%,2,ND0228 - US 301 NB AT HYETTS CORNER,12585.1,2019-01-29 08:27:00-05,
2024-08-06 23:50:00-04,ND0228,N,6,75.06,0.20%,2,ND0228 - US 301 NB AT HYETTS CORNER,12585.1,2019-01-29 08:27:00-05,
2024-08-06 23:55:00-04,ND0228,N,9,68.60,1.07%,2,ND0228 - US 301 NB AT HYETTS CORNER,12585.1,2019-01-29 08:27:00-05,
2024-08-07 00:00:00-04,ND0228,N,5,71.87,0.42%,2,ND0228 - US 301 NB AT HYETTS CORNER,12585.1,2019-01-29 08:27:00-05,
2024-08-07 00:05:00-04,ND0228,N,8,72.01,0.49%,2,ND0228 - US 301 NB AT HYETTS CORNER,12585.1,2019-01-29 08:27:00-05,
2024-08-07 00:10:00-04,ND0228,N,4,68.78,0.35%,2,ND0228 - US 301 NB AT HYETTS CORNER,12585.1,2019-01-29 08:27:00-05,
2024-08-07 00:15:00-04,ND0228,N,4,68.00,0.72%,1,ND0228 - US 301 NB AT HYETTS CORNER,12585.1,2019-01-29 08:27:00-05,
2024-08-07 00:20:00-04,ND0228,N,3,63.35,0.94%,1,ND0228 - US 301 NB AT HYETTS CORNER,12585.1,2019-01-29 08:27:00-05,
2024-08-07 00:25:00-04,ND0228,N,2,71.73,0.35%,1,ND0228 - US 301 NB AT HYETTS CORNER,12585.1,2019-01-29 08:27:00-05,
2024-08-07 00:30:00-04,ND0228,N,4,69.96,0.41%,2,ND0228 - US 301 NB AT HYETTS CORNER,12585.1,2019-01-29 08:27:00-05,
2024-08-07 00:35:00-04,ND0228,N,7,72.30,0.62%,2,ND0228 - US 301 NB AT HYETTS CORNER,12585.1,2019-01-29 08:27:00-05,
2024-08-07 00:40:00-04,ND0228,N,4,74.05,0.15%,2,ND0228 - US 301 NB AT HYETTS CORNER,12585.1,2019-01-29 08:27:00-05,
2024-08-07 00:45:00-04,ND0228,N,4,72.03,0.30%,2,ND0228 - US 301 NB AT HYETTS CORNER,12585.1,2019-01-29 08:27:00-05,
2024-08-07 00:50:00-04,ND0228,N,7,67.79,0.72%,2,ND0228 - US 301 NB AT HYETTS CORNER,12585.1,2019-01-29 08:27:00-05,
2024-08-07 00:55:00-04,ND0228,N,5,71.16,1.06%,1,ND0228 - US 301 NB AT HYETTS CORNER,12585.1,2019-01-29 08:27:00-05,
2024-08-07 01:00:00-04,ND0228,N,1,68.25,0.08%,1,ND0228 - US 301 NB AT HYETTS CORNER,12585.1,2019-01-29 08:27:00-05,
2024-08-07 01:05:00-04,ND0228,N,6,68.23,0.70%,2,ND0228 - US 301 NB AT HYETTS CORNER,12585.1,2019-01-29 08:27:00-05,
2024-08-07 01:15:00-04,ND0228,N,8,71.62,0.79%,2,ND0228 - US 301 NB AT HYETTS CORNER,12585.1,2019-01-29 08:27:00-05,
2024-08-07 01:20:00-04,ND0228,N,6,70.56,0.48%,2,ND0228 - US 301 NB AT HYETTS CORNER,12585.1,2019-01-29 08:27:00-05,
2024-08-07 01:25:00-04,ND0228,N,8,68.06,0.90%,2,ND0228 - US 301 NB AT HYETTS CORNER,12585.1,2019-01-29 08:27:00-05,
2024-08-07 01:30:00-04,ND0228,N,5,67.33,0.54%,2,ND0228 - US 301 NB AT HYETTS CORNER,12585.1,2019-01-29 08:27:00-05,
2024-08-07 01:35:00-04,ND0228,N,4,60.30,1.07%,1,ND0228 - US 301 NB AT HYETTS CORNER,12585.1,2019-01-29 08:27:00-05,
2024-08-07 01:40:00-04,ND0228,N,5,66.33,0.27%,2,ND0228 - US 301 NB AT HYETTS CORNER,12585.1,2019-01-29 08:27:00-05,
2024-08-07 01:45:00-04,ND0228,N,1,72.49,0.09%,1,ND0228 - US 301 NB AT HYETTS CORNER,12585.1,2019-01-29 08:27:00-05,
2024-08-07 01:50:00-04,ND0228,N,6,72.90,0.45%,2,ND0228 - US 301 NB AT HYETTS CORNER,12585.1,2019-01-29 08:27:00-05,
2024-08-07 01:55:00-04,ND0228,N,4,66.45,1.13%,1,ND0228 - US 301 NB AT HYETTS CORNER,12585.1,2019-01-29 08:27:00-05,
2024-08-07 02:00:00-04,ND0228,N,2,67.26,0.55%,1,ND0228 - US 301 NB AT HYETTS CORNER,12585.1,2019-01-29 08:27:00-05,
2024-08-07 02:05:00-04,ND0228,N,5,57.62,0.67%,2,ND0228 - US 301 NB AT HYETTS CORNER,12585.1,2019-01-29 08:27:00-05,
2024-08-07 02:10:00-04,ND0228,N,4,69.63,0.31%,2,ND0228 - US 301 NB AT HYETTS CORNER,12585.1,2019-01-29 08:27:00-05,
2024-08-07 02:15:00-04,ND0228,N,2,69.18,0.35%,1,ND0228 - US 301 NB AT HYETTS CORNER,12585.1,2019-01-29 08:27:00-05,
2024-08-07 02:20:00-04,ND0228,N,3,69.32,0.40%,2,ND0228 - US 301 NB AT HYETTS CORNER,12585.1,2019-01-29 08:27:00-05,
2024-08-07 02:25:00-04,ND0228,N,9,70.15,0.90%,2,ND0228 - US 301 NB AT HYETTS CORNER,12585.1,2019-01-29 08:27:00-05,
2024-08-07 02:30:00-04,ND0228,N,5,70.74,0.82%,1,ND0228 - US 301 NB AT HYETTS CORNER,12585.1,2019-01-29 08:27:00-05,
2024-08-07 02:35:00-04,ND0228,N,5,67.65,0.53%,2,ND0228 - US 301 NB AT HYETTS CORNER,12585.1,2019-01-29 08:27:00-05,
2024-08-07 02:40:00-04,ND0228,N,4,66.18,1.08%,1,ND0228 - US 301 NB AT HYETTS CORNER,12585.1,2019-01-29 08:27:00-05,
2024-08-07 02:45:00-04,ND0228,N,2,74.48,0.15%,2,ND0228 - US 301 NB AT HYETTS CORNER,12585.1,2019-01-29 08:27:00-05,
2024-08-07 02:50:00-04,ND0228,N,2,70.35,0.34%,1,ND0228 - US 301 NB AT HYETTS CORNER,12585.1,2019-01-29 08:27:00-05,
2024-08-07 02:55:00-04,ND0228,N,9,71.05,0.94%,2,ND0228 - US 301 NB AT HYETTS CORNER,12585.1,2019-01-29 08:27:00-05,
2024-08-07 03:00:00-04,ND0228,N,7,69.63,0.31%,2,ND0228 - US 301 NB AT HYETTS CORNER,12585.1,2019-01-29 08:27:00-05,
2024-08-07 03:05:00-04,ND0228,N,3,73.64,0.19%,2,ND0228 - US 301 NB AT HYETTS CORNER,12585.1,2019-01-29 08:27:00-05,
2024-08-07 03:10:00-04,ND0228,N,8,65.83,0.71%,2,ND0228 - US 301 NB AT HYETTS CORNER,12585.1,2019-01-29 08:27:00-05,
2024-08-07 03:15:00-04,ND0228,N,5,68.37,0.59%,2,ND0228 - US 301 NB AT HYETTS CORNER,12585.1,2019-01-29 08:27:00-05,
2024-08-07 03:20:00-04,ND0228,N,7,68.29,0.40%,2,ND0228 - US 301 NB AT HYETTS CORNER,12585.1,2019-01-29 08:27:00-05,
2024-08-07 03:25:00-04,ND0228,N,6,68.75,0.43%,2,ND0228 - US 301 NB AT HYETTS CORNER,12585.1,2019-01-29 08:27:00-05,
2024-08-07 03:30:00-04,ND0228,N,10,72.56,0.75%,2,ND0228 - US 301 NB AT HYETTS CORNER,12585.1,2019-01-29 08:27:00-05,
2024-08-07 03:35:00-04,ND0228,N,3,71.81,0.22%,2,ND0228 - US 301 NB AT HYETTS CORNER,12585.1,2019-01-29 08:27:00-05,
2024-08-07 03:40:00-04,ND0228,N,4,71.12,0.29%,1,ND0228 - US 301 NB AT HYETTS CORNER,12585.1,2019-01-29 08:27:00-05,
2024-08-07 03:45:00-04,ND0228,N,4,72.03,0.50%,2,ND0228 - US 301 NB AT HYETTS CORNER,12585.1,2019-01-29 08:27:00-05,
2024-08-07 03:50:00-04,ND0228,N,13,74.70,0.96%,2,ND0228 - US 301 NB AT HYETTS CORNER,12585.1,2019-01-29 08:27:00-05,
2024-08-07 03:55:00-04,ND0228,N,9,69.31,0.81%,2,ND0228 - US 301 NB AT HYETTS CORNER,12585.1,2019-01-29 08:27:00-05,
2024-08-07 04:00:00-04,ND0228,N,5,70.96,0.29%,2,ND0228 - US 301 NB AT HYETTS CORNER,12585.1,2019-01-29 08:27:00-05,
2024-08-07 04:05:00-04,ND0228,N,8,69.20,0.59%,2,ND0228 - US 301 NB AT HYETTS CORNER,12585.1,2019-01-29 08:27:00-05,
2024-08-07 04:10:00-04,ND0228,N,8,72.30,0.49%,2,ND0228 - US 301 NB AT HYETTS CORNER,12585.1,2019-01-29 08:27:00-05,
2024-08-07 04:15:00-04,ND0228,N,12,74.56,0.73%,2,ND0228 - US 301 NB AT HYETTS CORNER,12585.1,2019-01-29 08:27:00-05,
2024-08-07 04:20:00-04,ND0228,N,10,75.25,0.64%,2,ND0228 - US 301 NB AT HYETTS CORNER,12585.1,2019-01-29 08:27:00-05,
2024-08-07 04:25:00-04,ND0228,N,8,76.00,0.58%,2,ND0228 - US 301 NB AT HYETTS CORNER,12585.1,2019-01-29 08:27:00-05,
2024-08-07 04:30:00-04,ND0228,N,7,77.36,0.41%,2,ND0228 - US 301 NB AT HYETTS CORNER,12585.1,2019-01-29 08:27:00-05,
2024-08-07 04:35:00-04,ND0228,N,10,68.52,0.78%,2,ND0228 - US 301 NB AT HYETTS CORNER,12585.1,2019-01-29 08:27:00-05,
2024-08-07 04:40:00-04,ND0228,N,9,71.26,0.34%,2,ND0228 - US 301 NB AT HYETTS CORNER,12585.1,2019-01-29 08:27:00-05,
2024-08-07 04:45:00-04,ND0228,N,17,77.73,0.59%,2,ND0228 - US 301 NB AT HYETTS CORNER,12585.1,2019-01-29 08:27:00-05,
2024-08-07 04:50:00-04,ND0228,N,15,72.38,0.94%,2,ND0228 - US 301 NB AT HYETTS CORNER,12585.1,2019-01-29 08:27:00-05,
2024-08-07 04:55:00-04,ND0228,N,18,74.16,1.16%,2,ND0228 - US 301 NB AT HYETTS CORNER,12585.1,2019-01-29 08:27:00-05,
2024-08-07 05:00:00-04,ND0228,N,12,73.41,0.65%,2,ND0228 - US 301 NB AT HYETTS CORNER,12585.1,2019-01-29 08:27:00-05,
2024-08-07 05:05:00-04,ND0228,N,15,71.83,1.04%,2,ND0228 - US 301 NB AT HYETTS CORNER,12585.1,2019-01-29 08:27:00-05,
2024-08-07 05:10:00-04,ND0228,N,13,76.48,0.63%,2,ND0228 - US 301 NB AT HYETTS CORNER,12585.1,2019-01-29 08:27:00-05,
2024-08-07 05:15:00-04,ND0228,N,28,77.24,1.26%,2,ND0228 - US 301 NB AT HYETTS CORNER,12585.1,2019-01-29 08:27:00-05,
2024-08-07 05:20:00-04,ND0228,N,29,74.90,1.20%,2,ND0228 - US 301 NB AT HYETTS CORNER,12585.1,2019-01-29 08:27:00-05,
2024-08-07 05:25:00-04,ND0228,N,25,74.66,1.31%,2,ND0228 - US 301 NB AT HYETTS CORNER,12585.1,2019-01-29 08:27:00-05,
2024-08-07 05:30:00-04,ND0228,N,30,72.88,1.54%,2,ND0228 - US 301 NB AT HYETTS CORNER,12585.1,2019-01-29 08:27:00-05,
2024-08-07 05:35:00-04,ND0228,N,30,73.56,1.65%,2,ND0228 - US 301 NB AT HYETTS CORNER,12585.1,2019-01-29 08:27:00-05,
2024-08-07 05:40:00-04,ND0228,N,32,75.17,1.52%,2,ND0228 - US 301 NB AT HYETTS CORNER,12585.1,2019-01-29 08:27:00-05,
2024-08-07 05:45:00-04,ND0228,N,34,72.06,1.64%,2,ND0228 - US 301 NB AT HYETTS CORNER,12585.1,2019-01-29 08:27:00-05,
2024-08-07 05:50:00-04,ND0228,N,38,75.94,1.98%,2,ND0228 - US 301 NB AT HYETTS CORNER,12585.1,2019-01-29 08:27:00-05,
2024-08-07 05:55:00-04,ND0228,N,46,77.47,1.87%,2,ND0228 - US 301 NB AT HYETTS CORNER,12585.1,2019-01-29 08:27:00-05,
2024-08-07 06:00:00-04,ND0228,N,50,76.46,2.51%,2,ND0228 - US 301 NB AT HYETTS CORNER,12585.1,2019-01-29 08:27:00-05,
2024-08-07 06:05:00-04,ND0228,N,46,77.53,2.08%,2,ND0228 - US 301 NB AT HYETTS CORNER,12585.1,2019-01-29 08:27:00-05,
2024-08-07 06:10:00-04,ND0228,N,48,78.18,2.00%,2,ND0228 - US 301 NB AT HYETTS CORNER,12585.1,2019-01-29 08:27:00-05,
2024-08-07 06:15:00-04,ND0228,N,46,77.80,2.13%,2,ND0228 - US 301 NB AT HYETTS CORNER,12585.1,2019-01-29 08:27:00-05,
2024-08-07 06:20:00-04,ND0228,N,56,76.07,2.63%,2,ND0228 - US 301 NB AT HYETTS CORNER,12585.1,2019-01-29 08:27:00-05,
2024-08-07 06:25:00-04,ND0228,N,65,79.20,2.38%,2,ND0228 - US 301 NB AT HYETTS CORNER,12585.1,2019-01-29 08:27:00-05,
2024-08-07 06:30:00-04,ND0228,N,73,79.01,2.80%,2,ND0228 - US 301 NB AT HYETTS CORNER,12585.1,2019-01-29 08:27:00-05,
2024-08-07 06:35:00-04,ND0228,N,68,78.98,2.88%,2,ND0228 - US 301 NB AT HYETTS CORNER,12585.1,2019-01-29 08:27:00-05,
2024-08-07 06:40:00-04,ND0228,N,72,79.77,2.80%,2,ND0228 - US 301 NB AT HYETTS CORNER,12585.1,2019-01-29 08:27:00-05,
2024-08-07 06:45:00-04,ND0228,N,77,76.13,3.18%,2,ND0228 - US 301 NB AT HYETTS CORNER,12585.1,2019-01-29 08:27:00-05,
2024-08-07 06:50:00-04,ND0228,N,90,77.23,3.56%,2,ND0228 - US 301 NB AT HYETTS CORNER,12585.1,2019-01-29 08:27:00-05,
2024-08-07 06:55:00-04,ND0228,N,61,77.48,2.25%,2,ND0228 - US 301 NB AT HYETTS CORNER,12585.1,2019-01-29 08:27:00-05,
2024-08-07 07:00:00-04,ND0228,N,71,78.12,2.64%,2,ND0228 - US 301 NB AT HYETTS CORNER,12585.1,2019-01-29 08:27:00-05,
2024-08-07 07:05:00-04,ND0228,N,51,76.80,1.88%,2,ND0228 - US 301 NB AT HYETTS CORNER,12585.1,2019-01-29 08:27:00-05,
2024-08-07 07:10:00-04,ND0228,N,70,78.65,2.60%,2,ND0228 - US 301 NB AT HYETTS CORNER,12585.1,2019-01-29 08:27:00-05,
2024-08-07 07:15:00-04,ND0228,N,77,77.68,3.11%,2,ND0228 - US 301 NB AT HYETTS CORNER,12585.1,2019-01-29 08:27:00-05,
2024-08-07 07:20:00-04,ND0228,N,88,77.44,3.71%,2,ND0228 - US 301 NB AT HYETTS CORNER,12585.1,2019-01-29 08:27:00-05,
2024-08-07 07:25:00-04,ND0228,N,71,75.87,2.63%,2,ND0228 - US 301 NB AT HYETTS CORNER,12585.1,2019-01-29 08:27:00-05,
2024-08-07 07:30:00-04,ND0228,N,84,78.63,3.45%,2,ND0228 - US 301 NB AT HYETTS CORNER,12585.1,2019-01-29 08:27:00-05,
2024-08-07 07:35:00-04,ND0228,N,74,77.55,2.75%,2,ND0228 - US 301 NB AT HYETTS CORNER,12585.1,2019-01-29 08:27:00-05,
2024-08-07 07:40:00-04,ND0228,N,105,75.98,4.15%,2,ND0228 - US 301 NB AT HYETTS CORNER,12585.1,2019-01-29 08:27:00-05,
2024-08-07 07:45:00-04,ND0228,N,58,75.35,2.59%,2,ND0228 - US 301 NB AT HYETTS CORNER,12585.1,2019-01-29 08:27:00-05,
2024-08-07 07:50:00-04,ND0228,N,94,74.91,4.10%,2,ND0228 - US 301 NB AT HYETTS CORNER,12585.1,2019-01-29 08:27:00-05,
2024-08-07 07:55:00-04,ND0228,N,65,75.93,2.42%,2,ND0228 - US 301 NB AT HYETTS CORNER,12585.1,2019-01-29 08:27:00-05,
2024-08-07 08:00:00-04,ND0228,N,90,76.75,3.65%,2,ND0228 - US 301 NB AT HYETTS CORNER,12585.1,2019-01-29 08:27:00-05,
2024-08-07 08:05:00-04,ND0228,N,65,75.42,3.15%,2,ND0228 - US 301 NB AT HYETTS CORNER,12585.1,2019-01-29 08:27:00-05,
2024-08-07 08:10:00-04,ND0228,N,66,78.41,2.30%,2,ND0228 - US 301 NB AT HYETTS CORNER,12585.1,2019-01-29 08:27:00-05,
2024-08-07 08:15:00-04,ND0228,N,70,77.37,3.15%,2,ND0228 - US 301 NB AT HYETTS CORNER,12585.1,2019-01-29 08:27:00-05,
2024-08-07 08:20:00-04,ND0228,N,80,77.04,3.17%,2,ND0228 - US 301 NB AT HYETTS CORNER,12585.1,2019-01-29 08:27:00-05,
2024-08-07 08:25:00-04,ND0228,N,65,76.69,3.02%,2,ND0228 - US 301 NB AT HYETTS CORNER,12585.1,2019-01-29 08:27:00-05,
2024-08-07 08:30:00-04,ND0228,N,88,77.52,3.54%,2,ND0228 - US 301 NB AT HYETTS CORNER,12585.1,2019-01-29 08:27:00-05,
2024-08-07 08:35:00-04,ND0228,N,66,74.63,2.51%,2,ND0228 - US 301 NB AT HYETTS CORNER,12585.1,2019-01-29 08:27:00-05,
2024-08-07 08:40:00-04,ND0228,N,67,75.89,2.70%,2,ND0228 - US 301 NB AT HYETTS CORNER,12585.1,2019-01-29 08:27:00-05,
2024-08-07 08:45:00-04,ND0228,N,78,72.40,3.56%,2,ND0228 - US 301 NB AT HYETTS CORNER,12585.1,2019-01-29 08:27:00-05,
2024-08-07 08:50:00-04,ND0228,N,62,74.26,2.35%,2,ND0228 - US 301 NB AT HYETTS CORNER,12585.1,2019-01-29 08:27:00-05,
2024-08-07 08:55:00-04,ND0228,N,41,74.15,2.02%,2,ND0228 - US 301 NB AT HYETTS CORNER,12585.1,2019-01-29 08:27:00-05,
2024-08-07 09:00:00-04,ND0228,N,73,74.58,3.23%,2,ND0228 - US 301 NB AT HYETTS CORNER,12585.1,2019-01-29 08:27:00-05,
2024-08-07 09:05:00-04,ND0228,N,45,73.53,2.06%,2,ND0228 - US 301 NB AT HYETTS CORNER,12585.1,2019-01-29 08:27:00-05,
2024-08-07 09:10:00-04,ND0228,N,64,74.92,2.96%,2,ND0228 - US 301 NB AT HYETTS CORNER,12585.1,2019-01-29 08:27:00-05,
2024-08-07 09:15:00-04,ND0228,N,61,74.63,2.85%,2,ND0228 - US 301 NB AT HYETTS CORNER,12585.1,2019-01-29 08:27:00-05,
2024-08-07 09:20:00-04,ND0228,N,63,72.46,3.14%,2,ND0228 - US 301 NB AT HYETTS CORNER,12585.1,2019-01-29 08:27:00-05,
2024-08-07 09:25:00-04,ND0228,N,52,73.86,3.08%,2,ND0228 - US 301 NB AT HYETTS CORNER,12585.1,2019-01-29 08:27:00-05,
2024-08-07 09:30:00-04,ND0228,N,57,76.27,2.67%,2,ND0228 - US 301 NB AT HYETTS CORNER,12585.1,2019-01-29 08:27:00-05,
2024-08-07 09:35:00-04,ND0228,N,58,75.69,2.33%,2,ND0228 - US 301 NB AT HYETTS CORNER,12585.1,2019-01-29 08:27:00-05,
2024-08-07 09:40:00-04,ND0228,N,52,76.65,2.22%,2,ND0228 - US 301 NB AT HYETTS CORNER,12585.1,2019-01-29 08:27:00-05,
2024-08-07 09:45:00-04,ND0228,N,54,73.95,2.41%,2,ND0228 - US 301 NB AT HYETTS CORNER,12585.1,2019-01-29 08:27:00-05,
2024-08-07 09:50:00-04,ND0228,N,79,72.97,4.19%,2,ND0228 - US 301 NB AT HYETTS CORNER,12585.1,2019-01-29 08:27:00-05,
2024-08-07 09:55:00-04,ND0228,N,41,74.51,2.27%,2,ND0228 - US 301 NB AT HYETTS CORNER,12585.1,2019-01-29 08:27:00-05,
2024-08-07 10:00:00-04,ND0228,N,59,75.32,2.79%,2,ND0228 - US 301 NB AT HYETTS CORNER,12585.1,2019-01-29 08:27:00-05,
2024-08-07 10:05:00-04,ND0228,N,51,74.71,2.13%,2,ND0228 - US 301 NB AT HYETTS CORNER,12585.1,2019-01-29 08:27:00-05,
2024-08-07 10:10:00-04,ND0228,N,49,73.53,2.08%,2,ND0228 - US 301 NB AT HYETTS CORNER,12585.1,2019-01-29 08:27:00-05,
2024-08-07 10:15:00-04,ND0228,N,49,75.71,2.31%,2,ND0228 - US 301 NB AT HYETTS CORNER,12585.1,2019-01-29 08:27:00-05,
2024-08-07 10:20:00-04,ND0228,N,58,75.52,3.14%,2,ND0228 - US 301 NB AT HYETTS CORNER,12585.1,2019-01-29 08:27:00-05,
2024-08-07 10:25:00-04,ND0228,N,72,75.35,3.29%,2,ND0228 - US 301 NB AT HYETTS CORNER,12585.1,2019-01-29 08:27:00-05,
2024-08-07 10:30:00-04,ND0228,N,63,77.28,2.65%,2,ND0228 - US 301 NB AT HYETTS CORNER,12585.1,2019-01-29 08:27:00-05,
2024-08-07 10:35:00-04,ND0228,N,46,74.83,1.86%,2,ND0228 - US 301 NB AT HYETTS CORNER,12585.1,2019-01-29 08:27:00-05,
2024-08-07 10:40:00-04,ND0228,N,49,74.49,2.29%,2,ND0228 - US 301 NB AT HYETTS CORNER,12585.1,2019-01-29 08:27:00-05,
2024-08-07 10:45:00-04,ND0228,N,53,71.74,2.47%,2,ND0228 - US 301 NB AT HYETTS CORNER,12585.1,2019-01-29 08:27:00-05,
2024-08-07 10:50:00-04,ND0228,N,53,76.28,2.45%,2,ND0228 - US 301 NB AT HYETTS CORNER,12585.1,2019-01-29 08:27:00-05,
2024-08-07 10:55:00-04,ND0228,N,46,75.53,2.21%,2,ND0228 - US 301 NB AT HYETTS CORNER,12585.1,2019-01-29 08:27:00-05,
2024-08-07 11:00:00-04,ND0228,N,43,75.54,2.20%,2,ND0228 - US 301 NB AT HYETTS CORNER,12585.1,2019-01-29 08:27:00-05,
2024-08-07 11:05:00-04,ND0228,N,48,73.84,2.63%,2,ND0228 - US 301 NB AT HYETTS CORNER,12585.1,2019-01-29 08:27:00-05,
2024-08-07 11:10:00-04,ND0228,N,43,74.48,2.11%,2,ND0228 - US 301 NB AT HYETTS CORNER,12585.1,2019-01-29 08:27:00-05,
2024-08-07 11:15:00-04,ND0228,N,60,73.71,2.91%,2,ND0228 - US 301 NB AT HYETTS CORNER,12585.1,2019-01-29 08:27:00-05,
2024-08-07 11:20:00-04,ND0228,N,52,72.86,2.79%,2,ND0228 - US 301 NB AT HYETTS CORNER,12585.1,2019-01-29 08:27:00-05,
2024-08-07 11:25:00-04,ND0228,N,41,76.29,1.83%,2,ND0228 - US 301 NB AT HYETTS CORNER,12585.1,2019-01-29 08:27:00-05,
2024-08-07 11:30:00-04,ND0228,N,50,75.25,2.01%,2,ND0228 - US 301 NB AT HYETTS CORNER,12585.1,2019-01-29 08:27:00-05,
2024-08-07 11:35:00-04,ND0228,N,45,75.12,2.09%,2,ND0228 - US 301 NB AT HYETTS CORNER,12585.1,2019-01-29 08:27:00-05,
2024-08-07 11:40:00-04,ND0228,N,55,75.43,2.56%,2,ND0228 - US 301 NB AT HYETTS CORNER,12585.1,2019-01-29 08:27:00-05,
2024-08-07 11:45:00-04,ND0228,N,58,73.28,2.96%,2,ND0228 - US 301 NB AT HYETTS CORNER,12585.1,2019-01-29 08:27:00-05,
2024-08-07 11:50:00-04,ND0228,N,44,75.84,2.10%,2,ND0228 - US 301 NB AT HYETTS CORNER,12585.1,2019-01-29 08:27:00-05,
2024-08-07 11:55:00-04,ND0228,N,38,73.93,2.04%,2,ND0228 - US 301 NB AT HYETTS CORNER,12585.1,2019-01-29 08:27:00-05,
2024-08-07 12:00:00-04,ND0228,N,60,74.17,2.78%,2,ND0228 - US 301 NB AT HYETTS CORNER,12585.1,2019-01-29 08:27:00-05,
2024-08-07 12:05:00-04,ND0228,N,53,75.18,2.67%,2,ND0228 - US 301 NB AT HYETTS CORNER,12585.1,2019-01-29 08:27:00-05,
2024-08-07 12:10:00-04,ND0228,N,49,73.71,2.75%,2,ND0228 - US 301 NB AT HYETTS CORNER,12585.1,2019-01-29 08:27:00-05,
2024-08-07 12:15:00-04,ND0228,N,47,75.61,2.09%,2,ND0228 - US 301 NB AT HYETTS CORNER,12585.1,2019-01-29 08:27:00-05,
2024-08-07 12:20:00-04,ND0228,N,59,74.42,2.61%,2,ND0228 - US 301 NB AT HYETTS CORNER,12585.1,2019-01-29 08:27:00-05,
2024-08-07 12:25:00-04,ND0228,N,44,74.24,1.89%,2,ND0228 - US 301 NB AT HYETTS CORNER,12585.1,2019-01-29 08:27:00-05,
2024-08-07 12:30:00-04,ND0228,N,58,74.40,2.62%,2,ND0228 - US 301 NB AT HYETTS CORNER,12585.1,2019-01-29 08:27:00-05,
2024-08-07 12:35:00-04,ND0228,N,62,74.38,2.97%,2,ND0228 - US 301 NB AT HYETTS CORNER,12585.1,2019-01-29 08:27:00-05,
2024-08-07 12:40:00-04,ND0228,N,57,74.11,2.53%,2,ND0228 - US 301 NB AT HYETTS CORNER,12585.1,2019-01-29 08:27:00-05,
2024-08-07 12:45:00-04,ND0228,N,46,72.94,2.28%,2,ND0228 - US 301 NB AT HYETTS CORNER,12585.1,2019-01-29 08:27:00-05,
2024-08-07 12:50:00-04,ND0228,N,54,74.43,2.50%,2,ND0228 - US 301 NB AT HYETTS CORNER,12585.1,2019-01-29 08:27:00-05,
2024-08-07 12:55:00-04,ND0228,N,77,73.39,3.49%,2,ND0228 - US 301 NB AT HYETTS CORNER,12585.1,2019-01-29 08:27:00-05,
2024-08-07 13:00:00-04,ND0228,N,43,72.19,2.63%,2,ND0228 - US 301 NB AT HYETTS CORNER,12585.1,2019-01-29 08:27:00-05,
2024-08-07 13:05:00-04,ND0228,N,59,74.81,2.59%,2,ND0228 - US 301 NB AT HYETTS CORNER,12585.1,2019-01-29 08:27:00-05,
2024-08-07 13:10:00-04,ND0228,N,43,73.79,2.35%,2,ND0228 - US 301 NB AT HYETTS CORNER,12585.1,2019-01-29 08:27:00-05,
2024-08-07 13:15:00-04,ND0228,N,46,70.59,2.15%,2,ND0228 - US 301 NB AT HYETTS CORNER,12585.1,2019-01-29 08:27:00-05,
2024-08-07 13:20:00-04,ND0228,N,66,73.50,2.80%,2,ND0228 - US 301 NB AT HYETTS CORNER,12585.1,2019-01-29 08:27:00-05,
2024-08-07 13:25:00-04,ND0228,N,50,70.19,2.09%,2,ND0228 - US 301 NB AT HYETTS CORNER,12585.1,2019-01-29 08:27:00-05,
2024-08-07 13:30:00-04,ND0228,N,58,71.57,2.69%,2,ND0228 - US 301 NB AT HYETTS CORNER,12585.1,2019-01-29 08:27:00-05,
2024-08-07 13:35:00-04,ND0228,N,52,73.88,2.24%,2,ND0228 - US 301 NB AT HYETTS CORNER,12585.1,2019-01-29 08:27:00-05,
2024-08-07 13:40:00-04,ND0228,N,46,74.97,2.05%,2,ND0228 - US 301 NB AT HYETTS CORNER,12585.1,2019-01-29 08:27:00-05,
2024-08-07 13:45:00-04,ND0228,N,54,75.29,2.46%,2,ND0228 - US 301 NB AT HYETTS CORNER,12585.1,2019-01-29 08:27:00-05,
2024-08-07 13:50:00-04,ND0228,N,53,74.22,2.18%,2,ND0228 - US 301 NB AT HYETTS CORNER,12585.1,2019-01-29 08:27:00-05,
2024-08-07 13:55:00-04,ND0228,N,56,72.63,2.44%,2,ND0228 - US 301 NB AT HYETTS CORNER,12585.1,2019-01-29 08:27:00-05,
2024-08-07 14:00:00-04,ND0228,N,48,71.92,2.13%,2,ND0228 - US 301 NB AT HYETTS CORNER,12585.1,2019-01-29 08:27:00-05,
2024-08-07 14:05:00-04,ND0228,N,50,73.59,2.28%,2,ND0228 - US 301 NB AT HYETTS CORNER,12585.1,2019-01-29 08:27:00-05,
2024-08-07 14:10:00-04,ND0228,N,56,69.54,2.36%,2,ND0228 - US 301 NB AT HYETTS CORNER,12585.1,2019-01-29 08:27:00-05,
2024-08-07 14:15:00-04,ND0228,N,59,69.33,3.00%,2,ND0228 - US 301 NB AT HYETTS CORNER,12585.1,2019-01-29 08:27:00-05,
2024-08-07 14:20:00-04,ND0228,N,54,71.29,2.29%,2,ND0228 - US 301 NB AT HYETTS CORNER,12585.1,2019-01-29 08:27:00-05,
2024-08-07 14:25:00-04,ND0228,N,41,70.69,1.95%,2,ND0228 - US 301 NB AT HYETTS CORNER,12585.1,2019-01-29 08:27:00-05,
2024-08-07 14:30:00-04,ND0228,N,46,72.57,1.95%,2,ND0228 - US 301 NB AT HYETTS CORNER,12585.1,2019-01-29 08:27:00-05,
2024-08-07 14:35:00-04,ND0228,N,49,71.08,2.58%,2,ND0228 - US 301 NB AT HYETTS CORNER,12585.1,2019-01-29 08:27:00-05,
2024-08-07 14:40:00-04,ND0228,N,68,72.36,3.11%,2,ND0228 - US 301 NB AT HYETTS CORNER,12585.1,2019-01-29 08:27:00-05,
2024-08-07 14:45:00-04,ND0228,N,44,71.68,1.74%,2,ND0228 - US 301 NB AT HYETTS CORNER,12585.1,2019-01-29 08:27:00-05,
2024-08-07 14:50:00-04,ND0228,N,62,73.91,2.70%,2,ND0228 - US 301 NB AT HYETTS CORNER,12585.1,2019-01-29 08:27:00-05,
2024-08-07 14:55:00-04,ND0228,N,48,73.90,2.33%,2,ND0228 - US 301 NB AT HYETTS CORNER,12585.1,2019-01-29 08:27:00-05,
2024-08-07 15:00:00-04,ND0228,N,59,74.12,2.42%,2,ND0228 - US 301 NB AT HYETTS CORNER,12585.1,2019-01-29 08:27:00-05,
2024-08-07 15:05:00-04,ND0228,N,56,73.91,3.08%,2,ND0228 - US 301 NB AT HYETTS CORNER,12585.1,2019-01-29 08:27:00-05,
2024-08-07 15:10:00-04,ND0228,N,40,75.22,1.64%,2,ND0228 - US 301 NB AT HYETTS CORNER,12585.1,2019-01-29 08:27:00-05,
2024-08-07 15:15:00-04,ND0228,N,69,73.81,2.97%,2,ND0228 - US 301 NB AT HYETTS CORNER,12585.1,2019-01-29 08:27:00-05,
2024-08-07 15:20:00-04,ND0228,N,47,73.47,2.20%,2,ND0228 - US 301 NB AT HYETTS CORNER,12585.1,2019-01-29 08:27:00-05,
2024-08-07 15:25:00-04,ND0228,N,50,74.88,1.94%,2,ND0228 - US 301 NB AT HYETTS CORNER,12585.1,2019-01-29 08:27:00-05,
2024-08-07 15:30:00-04,ND0228,N,69,73.05,3.20%,2,ND0228 - US 301 NB AT HYETTS CORNER,12585.1,2019-01-29 08:27:00-05,
2024-08-07 15:35:00-04,ND0228,N,57,74.25,2.68%,2,ND0228 - US 301 NB AT HYETTS CORNER,12585.1,2019-01-29 08:27:00-05,
2024-08-07 15:40:00-04,ND0228,N,79,75.55,3.54%,2,ND0228 - US 301 NB AT HYETTS CORNER,12585.1,2019-01-29 08:27:00-05,
2024-08-07 15:45:00-04,ND0228,N,61,74.52,2.60%,2,ND0228 - US 301 NB AT HYETTS CORNER,12585.1,2019-01-29 08:27:00-05,
2024-08-07 15:50:00-04,ND0228,N,71,74.41,2.86%,2,ND0228 - US 301 NB AT HYETTS CORNER,12585.1,2019-01-29 08:27:00-05,
2024-08-07 15:55:00-04,ND0228,N,62,73.83,2.57%,2,ND0228 - US 301 NB AT HYETTS CORNER,12585.1,2019-01-29 08:27:00-05,
2024-08-07 16:00:00-04,ND0228,N,76,71.19,3.56%,2,ND0228 - US 301 NB AT HYETTS CORNER,12585.1,2019-01-29 08:27:00-05,
2024-08-07 16:05:00-04,ND0228,N,88,69.91,3.89%,2,ND0228 - US 301 NB AT HYETTS CORNER,12585.1,2019-01-29 08:27:00-05,
2024-08-07 16:10:00-04,ND0228,N,78,72.32,3.54%,2,ND0228 - US 301 NB AT HYETTS CORNER,12585.1,2019-01-29 08:27:00-05,
2024-08-07 16:15:00-04,ND0228,N,73,74.33,3.11%,2,ND0228 - US 301 NB AT HYETTS CORNER,12585.1,2019-01-29 08:27:00-05,
2024-08-07 16:20:00-04,ND0228,N,69,73.51,2.67%,2,ND0228 - US 301 NB AT HYETTS CORNER,12585.1,2019-01-29 08:27:00-05,
2024-08-07 16:25:00-04,ND0228,N,84,72.95,3.54%,2,ND0228 - US 301 NB AT HYETTS CORNER,12585.1,2019-01-29 08:27:00-05,
2024-08-07 16:30:00-04,ND0228,N,87,73.63,3.44%,2,ND0228 - US 301 NB AT HYETTS CORNER,12585.1,2019-01-29 08:27:00-05,
2024-08-07 16:35:00-04,ND0228,N,66,74.06,3.01%,2,ND0228 - US 301 NB AT HYETTS CORNER,12585.1,2019-01-29 08:27:00-05,
2024-08-07 16:40:00-04,ND0228,N,81,74.38,4.01%,2,ND0228 - US 301 NB AT HYETTS CORNER,12585.1,2019-01-29 08:27:00-05,
2024-08-07 16:45:00-04,ND0228,N,61,76.17,2.42%,2,ND0228 - US 301 NB AT HYETTS CORNER,12585.1,2019-01-29 08:27:00-05,
2024-08-07 16:50:00-04,ND0228,N,56,77.00,2.22%,2,ND0228 - US 301 NB AT HYETTS CORNER,12585.1,2019-01-29 08:27:00-05,
2024-08-07 16:55:00-04,ND0228,N,71,75.47,2.94%,2,ND0228 - US 301 NB AT HYETTS CORNER,12585.1,2019-01-29 08:27:00-05,
2024-08-07 17:00:00-04,ND0228,N,62,76.61,2.73%,2,ND0228 - US 301 NB AT HYETTS CORNER,12585.1,2019-01-29 08:27:00-05,
2024-08-07 17:05:00-04,ND0228,N,59,73.27,2.43%,2,ND0228 - US 301 NB AT HYETTS CORNER,12585.1,2019-01-29 08:27:00-05,
2024-08-07 17:10:00-04,ND0228,N,56,76.68,2.13%,2,ND0228 - US 301 NB AT HYETTS CORNER,12585.1,2019-01-29 08:27:00-05,
2024-08-07 17:15:00-04,ND0228,N,61,76.90,2.29%,2,ND0228 - US 301 NB AT HYETTS CORNER,12585.1,2019-01-29 08:27:00-05,
2024-08-07 17:20:00-04,ND0228,N,70,74.95,2.72%,2,ND0228 - US 301 NB AT HYETTS CORNER,12585.1,2019-01-29 08:27:00-05,
2024-08-07 17:25:00-04,ND0228,N,59,75.76,2.67%,2,ND0228 - US 301 NB AT HYETTS CORNER,12585.1,2019-01-29 08:27:00-05,
2024-08-07 17:30:00-04,ND0228,N,62,75.63,2.36%,2,ND0228 - US 301 NB AT HYETTS CORNER,12585.1,2019-01-29 08:27:00-05,
2024-08-07 17:35:00-04,ND0228,N,52,75.40,2.04%,2,ND0228 - US 301 NB AT HYETTS CORNER,12585.1,2019-01-29 08:27:00-05,
2024-08-07 17:40:00-04,ND0228,N,58,73.37,2.30%,2,ND0228 - US 301 NB AT HYETTS CORNER,12585.1,2019-01-29 08:27:00-05,
2024-08-07 17:45:00-04,ND0228,N,53,72.61,2.06%,2,ND0228 - US 301 NB AT HYETTS CORNER,12585.1,2019-01-29 08:27:00-05,
2024-08-07 17:50:00-04,ND0228,N,51,75.42,1.94%,2,ND0228 - US 301 NB AT HYETTS CORNER,12585.1,2019-01-29 08:27:00-05,
2024-08-07 17:55:00-04,ND0228,N,45,72.99,1.86%,2,ND0228 - US 301 NB AT HYETTS CORNER,12585.1,2019-01-29 08:27:00-05,
2024-08-07 18:00:00-04,ND0228,N,38,76.35,1.53%,2,ND0228 - US 301 NB AT HYETTS CORNER,12585.1,2019-01-29 08:27:00-05,
2024-08-07 18:05:00-04,ND0228,N,32,73.91,1.43%,2,ND0228 - US 301 NB AT HYETTS CORNER,12585.1,2019-01-29 08:27:00-05,
2024-08-07 18:10:00-04,ND0228,N,32,76.89,1.08%,2,ND0228 - US 301 NB AT HYETTS CORNER,12585.1,2019-01-29 08:27:00-05,
2024-08-07 18:15:00-04,ND0228,N,37,71.69,1.57%,2,ND0228 - US 301 NB AT HYETTS CORNER,12585.1,2019-01-29 08:27:00-05,
2024-08-07 18:20:00-04,ND0228,N,47,70.12,2.27%,2,ND0228 - US 301 NB AT HYETTS CORNER,12585.1,2019-01-29 08:27:00-05,
2024-08-07 18:25:00-04,ND0228,N,36,74.28,1.65%,2,ND0228 - US 301 NB AT HYETTS CORNER,12585.1,2019-01-29 08:27:00-05,
2024-08-07 18:30:00-04,ND0228,N,44,73.74,1.62%,2,ND0228 - US 301 NB AT HYETTS CORNER,12585.1,2019-01-29 08:27:00-05,
2024-08-07 18:35:00-04,ND0228,N,39,76.09,1.61%,2,ND0228 - US 301 NB AT HYETTS CORNER,12585.1,2019-01-29 08:27:00-05,
2024-08-07 18:40:00-04,ND0228,N,40,73.79,1.80%,2,ND0228 - US 301 NB AT HYETTS CORNER,12585.1,2019-01-29 08:27:00-05,
2024-08-07 18:45:00-04,ND0228,N,38,72.29,1.77%,2,ND0228 - US 301 NB AT HYETTS CORNER,12585.1,2019-01-29 08:27:00-05,
2024-08-07 18:50:00-04,ND0228,N,44,72.65,1.85%,2,ND0228 - US 301 NB AT HYETTS CORNER,12585.1,2019-01-29 08:27:00-05,
2024-08-07 18:55:00-04,ND0228,N,24,72.17,1.12%,2,ND0228 - US 301 NB AT HYETTS CORNER,12585.1,2019-01-29 08:27:00-05,
2024-08-07 19:00:00-04,ND0228,N,35,69.31,1.88%,2,ND0228 - US 301 NB AT HYETTS CORNER,12585.1,2019-01-29 08:27:00-05,
2024-08-07 19:05:00-04,ND0228,N,24,70.04,0.90%,2,ND0228 - US 301 NB AT HYETTS CORNER,12585.1,2019-01-29 08:27:00-05,
2024-08-07 19:10:00-04,ND0228,N,34,68.52,1.68%,2,ND0228 - US 301 NB AT HYETTS CORNER,12585.1,2019-01-29 08:27:00-05,
2024-08-07 19:15:00-04,ND0228,N,28,69.69,1.28%,2,ND0228 - US 301 NB AT HYETTS CORNER,12585.1,2019-01-29 08:27:00-05,
2024-08-07 19:20:00-04,ND0228,N,22,72.72,1.04%,2,ND0228 - US 301 NB AT HYETTS CORNER,12585.1,2019-01-29 08:27:00-05,
2024-08-07 19:25:00-04,ND0228,N,28,66.30,1.39%,2,ND0228 - US 301 NB AT HYETTS CORNER,12585.1,2019-01-29 08:27:00-05,
2024-08-07 19:30:00-04,ND0228,N,33,72.91,1.38%,2,ND0228 - US 301 NB AT HYETTS CORNER,12585.1,2019-01-29 08:27:00-05,
2024-08-07 19:35:00-04,ND0228,N,23,73.90,1.10%,2,ND0228 - US 301 NB AT HYETTS CORNER,12585.1,2019-01-29 08:27:00-05,
2024-08-07 19:40:00-04,ND0228,N,24,69.45,1.03%,2,ND0228 - US 301 NB AT HYETTS CORNER,12585.1,2019-01-29 08:27:00-05,
2024-08-07 19:45:00-04,ND0228,N,27,70.69,1.24%,2,ND0228 - US 301 NB AT HYETTS CORNER,12585.1,2019-01-29 08:27:00-05,
2024-08-07 19:50:00-04,ND0228,N,28,71.10,1.33%,2,ND0228 - US 301 NB AT HYETTS CORNER,12585.1,2019-01-29 08:27:00-05,
2024-08-07 19:55:00-04,ND0228,N,29,68.90,1.60%,2,ND0228 - US 301 NB AT HYETTS CORNER,12585.1,2019-01-29 08:27:00-05,
2024-08-07 20:00:00-04,ND0228,N,32,72.22,1.67%,2,ND0228 - US 301 NB AT HYETTS CORNER,12585.1,2019-01-29 08:27:00-05,
2024-08-07 20:05:00-04,ND0228,N,27,71.14,1.24%,2,ND0228 - US 301 NB AT HYETTS CORNER,12585.1,2019-01-29 08:27:00-05,
2024-08-07 20:10:00-04,ND0228,N,18,70.41,0.98%,2,ND0228 - US 301 NB AT HYETTS CORNER,12585.1,2019-01-29 08:27:00-05,
2024-08-07 20:15:00-04,ND0228,N,21,70.29,1.25%,2,ND0228 - US 301 NB AT HYETTS CORNER,12585.1,2019-01-29 08:27:00-05,
2024-08-07 20:20:00-04,ND0228,N,17,71.55,1.04%,2,ND0228 - US 301 NB AT HYETTS CORNER,12585.1,2019-01-29 08:27:00-05,
2024-08-07 20:25:00-04,ND0228,N,22,69.38,1.37%,2,ND0228 - US 301 NB AT HYETTS CORNER,12585.1,2019-01-29 08:27:00-05,
2024-08-07 20:30:00-04,ND0228,N,27,69.02,1.47%,2,ND0228 - US 301 NB AT HYETTS CORNER,12585.1,2019-01-29 08:27:00-05,
2024-08-07 20:35:00-04,ND0228,N,36,69.83,2.61%,2,ND0228 - US 301 NB AT HYETTS CORNER,12585.1,2019-01-29 08:27:00-05,
2024-08-07 20:40:00-04,ND0228,N,16,68.80,1.12%,2,ND0228 - US 301 NB AT HYETTS CORNER,12585.1,2019-01-29 08:27:00-05,
2024-08-07 20:45:00-04,ND0228,N,22,67.70,1.03%,2,ND0228 - US 301 NB AT HYETTS CORNER,12585.1,2019-01-29 08:27:00-05,
2024-08-07 20:50:00-04,ND0228,N,14,65.88,1.03%,2,ND0228 - US 301 NB AT HYETTS CORNER,12585.1,2019-01-29 08:27:00-05,
2024-08-07 20:55:00-04,ND0228,N,25,69.86,1.35%,2,ND0228 - US 301 NB AT HYETTS CORNER,12585.1,2019-01-29 08:27:00-05,
2024-08-07 21:00:00-04,ND0228,N,27,68.20,1.98%,2,ND0228 - US 301 NB AT HYETTS CORNER,12585.1,2019-01-29 08:27:00-05,
2024-08-07 21:05:00-04,ND0228,N,21,68.62,1.15%,2,ND0228 - US 301 NB AT HYETTS CORNER,12585.1,2019-01-29 08:27:00-05,
2024-08-07 21:10:00-04,ND0228,N,18,68.13,1.37%,2,ND0228 - US 301 NB AT HYETTS CORNER,12585.1,2019-01-29 08:27:00-05,
2024-08-07 21:15:00-04,ND0228,N,20,70.84,1.19%,2,ND0228 - US 301 NB AT HYETTS CORNER,12585.1,2019-01-29 08:27:00-05,
2024-08-07 21:20:00-04,ND0228,N,20,68.15,1.49%,2,ND0228 - US 301 NB AT HYETTS CORNER,12585.1,2019-01-29 08:27:00-05,
2024-08-07 21:25:00-04,ND0228,N,24,66.66,2.05%,2,ND0228 - US 301 NB AT HYETTS CORNER,12585.1,2019-01-29 08:27:00-05,
2024-08-07 21:30:00-04,ND0228,N,12,65.01,0.96%,2,ND0228 - US 301 NB AT HYETTS CORNER,12585.1,2019-01-29 08:27:00-05,
2024-08-07 21:35:00-04,ND0228,N,13,68.23,0.65%,2,ND0228 - US 301 NB AT HYETTS CORNER,12585.1,2019-01-29 08:27:00-05,
2024-08-07 21:40:00-04,ND0228,N,16,63.65,1.17%,2,ND0228 - US 301 NB AT HYETTS CORNER,12585.1,2019-01-29 08:27:00-05,
2024-08-07 21:45:00-04,ND0228,N,12,63.81,1.15%,2,ND0228 - US 301 NB AT HYETTS CORNER,12585.1,2019-01-29 08:27:00-05,
2024-08-07 21:50:00-04,ND0228,N,15,70.15,0.85%,2,ND0228 - US 301 NB AT HYETTS CORNER,12585.1,2019-01-29 08:27:00-05,
2024-08-07 21:55:00-04,ND0228,N,16,70.59,0.71%,2,ND0228 - US 301 NB AT HYETTS CORNER,12585.1,2019-01-29 08:27:00-05,
2024-08-07 22:00:00-04,ND0228,N,22,68.44,1.34%,2,ND0228 - US 301 NB AT HYETTS CORNER,12585.1,2019-01-29 08:27:00-05,
2024-08-07 22:05:00-04,ND0228,N,12,67.21,0.91%,2,ND0228 - US 301 NB AT HYETTS CORNER,12585.1,2019-01-29 08:27:00-05,
2024-08-07 22:10:00-04,ND0228,N,10,66.69,0.67%,2,ND0228 - US 301 NB AT HYETTS CORNER,12585.1,2019-01-29 08:27:00-05,
2024-08-07 22:15:00-04,ND0228,N,14,66.86,0.77%,2,ND0228 - US 301 NB AT HYETTS CORNER,12585.1,2019-01-29 08:27:00-05,
2024-08-07 22:20:00-04,ND0228,N,11,67.37,1.03%,2,ND0228 - US 301 NB AT HYETTS CORNER,12585.1,2019-01-29 08:27:00-05,
2024-08-07 22:25:00-04,ND0228,N,10,66.30,0.49%,2,ND0228 - US 301 NB AT HYETTS CORNER,12585.1,2019-01-29 08:27:00-05,
2024-08-07 22:30:00-04,ND0228,N,16,70.73,0.91%,2,ND0228 - US 301 NB AT HYETTS CORNER,12585.1,2019-01-29 08:27:00-05,
2024-08-07 22:35:00-04,ND0228,N,12,66.97,1.02%,2,ND0228 - US 301 NB AT HYETTS CORNER,12585.1,2019-01-29 08:27:00-05,
2024-08-07 22:40:00-04,ND0228,N,7,61.94,0.73%,2,ND0228 - US 301 NB AT HYETTS CORNER,12585.1,2019-01-29 08:27:00-05,
2024-08-07 22:45:00-04,ND0228,N,14,70.86,1.17%,2,ND0228 - US 301 NB AT HYETTS CORNER,12585.1,2019-01-29 08:27:00-05,
2024-08-07 22:50:00-04,ND0228,N,12,71.43,0.99%,2,ND0228 - US 301 NB AT HYETTS CORNER,12585.1,2019-01-29 08:27:00-05,
2024-08-07 22:55:00-04,ND0228,N,8,73.00,0.90%,2,ND0228 - US 301 NB AT HYETTS CORNER,12585.1,2019-01-29 08:27:00-05,
2024-08-07 23:00:00-04,ND0228,N,13,69.10,1.24%,2,ND0228 - US 301 NB AT HYETTS CORNER,12585.1,2019-01-29 08:27:00-05,
2024-08-07 23:05:00-04,ND0228,N,11,69.96,0.75%,2,ND0228 - US 301 NB AT HYETTS CORNER,12585.1,2019-01-29 08:27:00-05,
2024-08-07 23:10:00-04,ND0228,N,11,70.35,0.57%,2,ND0228 - US 301 NB AT HYETTS CORNER,12585.1,2019-01-29 08:27:00-05,
2024-08-07 23:15:00-04,ND0228,N,10,68.33,0.63%,2,ND0228 - US 301 NB AT HYETTS CORNER,12585.1,2019-01-29 08:27:00-05,
2024-08-07 23:20:00-04,ND0228,N,9,71.71,0.88%,2,ND0228 - US 301 NB AT HYETTS CORNER,12585.1,2019-01-29 08:27:00-05,
2024-08-07 23:25:00-04,ND0228,N,7,68.42,0.60%,2,ND0228 - US 301 NB AT HYETTS CORNER,12585.1,2019-01-29 08:27:00-05,
2024-08-07 23:30:00-04,ND0228,N,9,69.70,0.80%,2,ND0228 - US 301 NB AT HYETTS CORNER,12585.1,2019-01-29 08:27:00-05,
2024-08-07 23:35:00-04,ND0228,N,5,67.26,0.44%,2,ND0228 - US 301 NB AT HYETTS CORNER,12585.1,2019-01-29 08:27:00-05,
2024-08-07 23:40:00-04,ND0228,N,6,66.06,0.42%,2,ND0228 - US 301 NB AT HYETTS CORNER,12585.1,2019-01-29 08:27:00-05,
2024-08-07 23:45:00-04,ND0228,N,7,71.37,0.57%,2,ND0228 - US 301 NB AT HYETTS CORNER,12585.1,2019-01-29 08:27:00-05,
2024-08-07 23:50:00-04,ND0228,N,12,68.36,1.17%,2,ND0228 - US 301 NB AT HYETTS CORNER,12585.1,2019-01-29 08:27:00-05,
2024-08-07 23:55:00-04,ND0228,N,8,72.69,0.67%,2,ND0228 - US 301 NB AT HYETTS CORNER,12585.1,2019-01-29 08:27:00-05,
2024-08-08 00:00:00-04,ND0228,N,3,65.45,0.32%,2,ND0228 - US 301 NB AT HYETTS CORNER,12585.1,2019-01-29 08:27:00-05,
2024-08-08 00:05:00-04,ND0228,N,6,67.80,0.34%,2,ND0228 - US 301 NB AT HYETTS CORNER,12585.1,2019-01-29 08:27:00-05,
2024-08-08 00:10:00-04,ND0228,N,2,66.35,0.18%,2,ND0228 - US 301 NB AT HYETTS CORNER,12585.1,2019-01-29 08:27:00-05,
2024-08-08 00:15:00-04,ND0228,N,10,65.92,1.22%,2,ND0228 - US 301 NB AT HYETTS CORNER,12585.1,2019-01-29 08:27:00-05,
2024-08-08 00:20:00-04,ND0228,N,2,66.72,0.36%,1,ND0228 - US 301 NB AT HYETTS CORNER,12585.1,2019-01-29 08:27:00-05,
2024-08-08 00:25:00-04,ND0228,N,5,71.64,0.17%,2,ND0228 - US 301 NB AT HYETTS CORNER,12585.1,2019-01-29 08:27:00-05,
2024-08-08 00:30:00-04,ND0228,N,7,64.09,0.58%,2,ND0228 - US 301 NB AT HYETTS CORNER,12585.1,2019-01-29 08:27:00-05,
2024-08-08 00:35:00-04,ND0228,N,11,70.00,1.14%,2,ND0228 - US 301 NB AT HYETTS CORNER,12585.1,2019-01-29 08:27:00-05,
2024-08-08 00:40:00-04,ND0228,N,9,66.79,1.81%,1,ND0228 - US 301 NB AT HYETTS CORNER,12585.1,2019-01-29 08:27:00-05,
2024-08-08 00:45:00-04,ND0228,N,3,68.09,0.24%,2,ND0228 - US 301 NB AT HYETTS CORNER,12585.1,2019-01-29 08:27:00-05,
2024-08-08 00:50:00-04,ND0228,N,5,65.23,0.49%,2,ND0228 - US 301 NB AT HYETTS CORNER,12585.1,2019-01-29 08:27:00-05,
2024-08-08 00:55:00-04,ND0228,N,2,69.74,0.07%,2,ND0228 - US 301 NB AT HYETTS CORNER,12585.1,2019-01-29 08:27:00-05,
2024-08-08 01:00:00-04,ND0228,N,3,65.20,0.34%,2,ND0228 - US 301 NB AT HYETTS CORNER,12585.1,2019-01-29 08:27:00-05,
2024-08-08 01:05:00-04,ND0228,N,3,65.64,0.56%,1,ND0228 - US 301 NB AT HYETTS CORNER,12585.1,2019-01-29 08:27:00-05,
2024-08-08 01:10:00-04,ND0228,N,3,61.86,0.43%,2,ND0228 - US 301 NB AT HYETTS CORNER,12585.1,2019-01-29 08:27:00-05,
2024-08-08 01:15:00-04,ND0228,N,4,70.12,0.29%,2,ND0228 - US 301 NB AT HYETTS CORNER,12585.1,2019-01-29 08:27:00-05,
2024-08-08 01:20:00-04,ND0228,N,7,65.75,1.64%,1,ND0228 - US 301 NB AT HYETTS CORNER,12585.1,2019-01-29 08:27:00-05,
2024-08-08 01:25:00-04,ND0228,N,4,67.69,0.53%,2,ND0228 - US 301 NB AT HYETTS CORNER,12585.1,2019-01-29 08:27:00-05,
2024-08-08 01:30:00-04,ND0228,N,1,73.41,0.25%,1,ND0228 - US 301 NB AT HYETTS CORNER,12585.1,2019-01-29 08:27:00-05,
2024-08-08 01:35:00-04,ND0228,N,3,63.31,0.70%,1,ND0228 - US 301 NB AT HYETTS CORNER,12585.1,2019-01-29 08:27:00-05,
2024-08-08 01:40:00-04,ND0228,N,4,63.42,0.93%,1,ND0228 - US 301 NB AT HYETTS CORNER,12585.1,2019-01-29 08:27:00-05,
2024-08-08 01:45:00-04,ND0228,N,5,68.92,0.31%,2,ND0228 - US 301 NB AT HYETTS CORNER,12585.1,2019-01-29 08:27:00-05,
2024-08-08 01:50:00-04,ND0228,N,3,70.04,0.41%,2,ND0228 - US 301 NB AT HYETTS CORNER,12585.1,2019-01-29 08:27:00-05,
2024-08-08 01:55:00-04,ND0228,N,6,67.28,0.52%,2,ND0228 - US 301 NB AT HYETTS CORNER,12585.1,2019-01-29 08:27:00-05,
2024-08-08 02:00:00-04,ND0228,N,2,68.18,0.56%,1,ND0228 - US 301 NB AT HYETTS CORNER,12585.1,2019-01-29 08:27:00-05,
2024-08-08 02:05:00-04,ND0228,N,1,68.87,0.07%,1,ND0228 - US 301 NB AT HYETTS CORNER,12585.1,2019-01-29 08:27:00-05,
2024-08-08 02:10:00-04,ND0228,N,6,70.95,0.51%,2,ND0228 - US 301 NB AT HYETTS CORNER,12585.1,2019-01-29 08:27:00-05,
2024-08-08 02:15:00-04,ND0228,N,7,64.31,0.78%,2,ND0228 - US 301 NB AT HYETTS CORNER,12585.1,2019-01-29 08:27:00-05,
2024-08-08 02:20:00-04,ND0228,N,3,68.56,0.21%,2,ND0228 - US 301 NB AT HYETTS CORNER,12585.1,2019-01-29 08:27:00-05,
2024-08-08 02:25:00-04,ND0228,N,6,69.33,0.63%,2,ND0228 - US 301 NB AT HYETTS CORNER,12585.1,2019-01-29 08:27:00-05,
2024-08-08 02:30:00-04,ND0228,N,3,64.40,0.89%,1,ND0228 - US 301 NB AT HYETTS CORNER,12585.1,2019-01-29 08:27:00-05,
2024-08-08 02:35:00-04,ND0228,N,3,64.40,0.72%,1,ND0228 - US 301 NB AT HYETTS CORNER,12585.1,2019-01-29 08:27:00-05,
2024-08-08 02:40:00-04,ND0228,N,3,58.21,0.29%,2,ND0228 - US 301 NB AT HYETTS CORNER,12585.1,2019-01-29 08:27:00-05,
2024-08-08 02:45:00-04,ND0228,N,9,67.94,0.58%,2,ND0228 - US 301 NB AT HYETTS CORNER,12585.1,2019-01-29 08:27:00-05,
2024-08-08 02:50:00-04,ND0228,N,4,70.23,0.25%,2,ND0228 - US 301 NB AT HYETTS CORNER,12585.1,2019-01-29 08:27:00-05,
2024-08-08 02:55:00-04,ND0228,N,2,59.26,0.44%,1,ND0228 - US 301 NB AT HYETTS CORNER,12585.1,2019-01-29 08:27:00-05,
2024-08-08 03:00:00-04,ND0228,N,7,67.77,0.54%,2,ND0228 - US 301 NB AT HYETTS CORNER,12585.1,2019-01-29 08:27:00-05,
2024-08-08 03:05:00-04,ND0228,N,1,63.98,0.07%,1,ND0228 - US 301 NB AT HYETTS CORNER,12585.1,2019-01-29 08:27:00-05,
2024-08-08 03:10:00-04,ND0228,N,2,64.65,0.18%,2,ND0228 - US 301 NB AT HYETTS CORNER,12585.1,2019-01-29 08:27:00-05,
2024-08-08 03:15:00-04,ND0228,N,7,71.26,0.58%,2,ND0228 - US 301 NB AT HYETTS CORNER,12585.1,2019-01-29 08:27:00-05,
2024-08-08 03:20:00-04,ND0228,N,8,69.13,0.77%,2,ND0228 - US 301 NB AT HYETTS CORNER,12585.1,2019-01-29 08:27:00-05,
2024-08-08 03:25:00-04,ND0228,N,7,65.88,0.62%,2,ND0228 - US 301 NB AT HYETTS CORNER,12585.1,2019-01-29 08:27:00-05,
2024-08-08 03:30:00-04,ND0228,N,5,70.66,0.42%,2,ND0228 - US 301 NB AT HYETTS CORNER,12585.1,2019-01-29 08:27:00-05,
2024-08-08 03:35:00-04,ND0228,N,6,66.63,0.43%,2,ND0228 - US 301 NB AT HYETTS CORNER,12585.1,2019-01-29 08:27:00-05,
2024-08-08 03:40:00-04,ND0228,N,8,69.82,0.48%,2,ND0228 - US 301 NB AT HYETTS CORNER,12585.1,2019-01-29 08:27:00-05,
2024-08-08 03:45:00-04,ND0228,N,10,73.62,0.73%,2,ND0228 - US 301 NB AT HYETTS CORNER,12585.1,2019-01-29 08:27:00-05,
2024-08-08 03:50:00-04,ND0228,N,8,75.25,0.57%,2,ND0228 - US 301 NB AT HYETTS CORNER,12585.1,2019-01-29 08:27:00-05,
2024-08-08 03:55:00-04,ND0228,N,9,64.10,0.50%,2,ND0228 - US 301 NB AT HYETTS CORNER,12585.1,2019-01-29 08:27:00-05,
2024-08-08 04:00:00-04,ND0228,N,9,73.09,0.44%,2,ND0228 - US 301 NB AT HYETTS CORNER,12585.1,2019-01-29 08:27:00-05,
2024-08-08 04:05:00-04,ND0228,N,11,65.60,0.94%,2,ND0228 - US 301 NB AT HYETTS CORNER,12585.1,2019-01-29 08:27:00-05,
2024-08-08 04:10:00-04,ND0228,N,9,67.74,0.83%,2,ND0228 - US 301 NB AT HYETTS CORNER,12585.1,2019-01-29 08:27:00-05,
2024-08-08 04:15:00-04,ND0228,N,13,69.82,0.62%,2,ND0228 - US 301 NB AT HYETTS CORNER,12585.1,2019-01-29 08:27:00-05,
2024-08-08 04:20:00-04,ND0228,N,7,72.92,0.38%,2,ND0228 - US 301 NB AT HYETTS CORNER,12585.1,2019-01-29 08:27:00-05,
2024-08-08 04:25:00-04,ND0228,N,10,73.08,0.58%,2,ND0228 - US 301 NB AT HYETTS CORNER,12585.1,2019-01-29 08:27:00-05,
2024-08-08 04:30:00-04,ND0228,N,10,69.53,0.77%,2,ND0228 - US 301 NB AT HYETTS CORNER,12585.1,2019-01-29 08:27:00-05,
2024-08-08 04:35:00-04,ND0228,N,11,71.25,0.79%,2,ND0228 - US 301 NB AT HYETTS CORNER,12585.1,2019-01-29 08:27:00-05,
2024-08-08 04:40:00-04,ND0228,N,12,70.04,0.84%,2,ND0228 - US 301 NB AT HYETTS CORNER,12585.1,2019-01-29 08:27:00-05,
2024-08-08 04:45:00-04,ND0228,N,18,72.28,0.91%,2,ND0228 - US 301 NB AT HYETTS CORNER,12585.1,2019-01-29 08:27:00-05,
2024-08-08 04:50:00-04,ND0228,N,20,67.71,1.28%,2,ND0228 - US 301 NB AT HYETTS CORNER,12585.1,2019-01-29 08:27:00-05,
2024-08-08 04:55:00-04,ND0228,N,17,70.56,0.92%,2,ND0228 - US 301 NB AT HYETTS CORNER,12585.1,2019-01-29 08:27:00-05,
2024-08-08 05:00:00-04,ND0228,N,13,68.50,1.05%,2,ND0228 - US 301 NB AT HYETTS CORNER,12585.1,2019-01-29 08:27:00-05,
2024-08-08 05:05:00-04,ND0228,N,17,70.98,1.14%,2,ND0228 - US 301 NB AT HYETTS CORNER,12585.1,2019-01-29 08:27:00-05,
2024-08-08 05:10:00-04,ND0228,N,16,73.50,0.80%,2,ND0228 - US 301 NB AT HYETTS CORNER,12585.1,2019-01-29 08:27:00-05,
2024-08-08 05:15:00-04,ND0228,N,21,71.11,1.48%,2,ND0228 - US 301 NB AT HYETTS CORNER,12585.1,2019-01-29 08:27:00-05,
2024-08-08 05:20:00-04,ND0228,N,37,74.25,1.71%,2,ND0228 - US 301 NB AT HYETTS CORNER,12585.1,2019-01-29 08:27:00-05,
2024-08-08 05:25:00-04,ND0228,N,25,73.03,1.06%,2,ND0228 - US 301 NB AT HYETTS CORNER,12585.1,2019-01-29 08:27:00-05,
2024-08-08 05:30:00-04,ND0228,N,25,72.16,1.10%,2,ND0228 - US 301 NB AT HYETTS CORNER,12585.1,2019-01-29 08:27:00-05,
2024-08-08 05:35:00-04,ND0228,N,27,72.18,1.67%,2,ND0228 - US 301 NB AT HYETTS CORNER,12585.1,2019-01-29 08:27:00-05,
2024-08-08 05:40:00-04,ND0228,N,23,72.70,1.26%,2,ND0228 - US 301 NB AT HYETTS CORNER,12585.1,2019-01-29 08:27:00-05,
2024-08-08 05:45:00-04,ND0228,N,28,68.89,1.29%,2,ND0228 - US 301 NB AT HYETTS CORNER,12585.1,2019-01-29 08:27:00-05,
2024-08-08 05:50:00-04,ND0228,N,28,69.86,1.40%,2,ND0228 - US 301 NB AT HYETTS CORNER,12585.1,2019-01-29 08:27:00-05,
2024-08-08 05:55:00-04,ND0228,N,46,71.29,2.37%,2,ND0228 - US 301 NB AT HYETTS CORNER,12585.1,2019-01-29 08:27:00-05,
2024-08-08 06:00:00-04,ND0228,N,28,72.48,1.27%,2,ND0228 - US 301 NB AT HYETTS CORNER,12585.1,2019-01-29 08:27:00-05,
2024-08-08 06:05:00-04,ND0228,N,34,73.76,1.77%,2,ND0228 - US 301 NB AT HYETTS CORNER,12585.1,2019-01-29 08:27:00-05,
2024-08-08 06:10:00-04,ND0228,N,42,74.84,2.16%,2,ND0228 - US 301 NB AT HYETTS CORNER,12585.1,2019-01-29 08:27:00-05,
2024-08-08 06:15:00-04,ND0228,N,60,75.05,2.29%,2,ND0228 - US 301 NB AT HYETTS CORNER,12585.1,2019-01-29 08:27:00-05,
2024-08-08 06:20:00-04,ND0228,N,59,74.29,2.67%,2,ND0228 - US 301 NB AT HYETTS CORNER,12585.1,2019-01-29 08:27:00-05,
2024-08-08 06:25:00-04,ND0228,N,67,74.62,3.05%,2,ND0228 - US 301 NB AT HYETTS CORNER,12585.1,2019-01-29 08:27:00-05,
2024-08-08 06:30:00-04,ND0228,N,61,76.69,2.19%,2,ND0228 - US 301 NB AT HYETTS CORNER,12585.1,2019-01-29 08:27:00-05,
2024-08-08 06:35:00-04,ND0228,N,63,75.89,2.56%,2,ND0228 - US 301 NB AT HYETTS CORNER,12585.1,2019-01-29 08:27:00-05,
2024-08-08 06:40:00-04,ND0228,N,83,76.81,3.18%,2,ND0228 - US 301 NB AT HYETTS CORNER,12585.1,2019-01-29 08:27:00-05,
2024-08-08 06:45:00-04,ND0228,N,68,76.12,2.99%,2,ND0228 - US 301 NB AT HYETTS CORNER,12585.1,2019-01-29 08:27:00-05,
2024-08-08 06:50:00-04,ND0228,N,67,76.18,3.25%,2,ND0228 - US 301 NB AT HYETTS CORNER,12585.1,2019-01-29 08:27:00-05,
2024-08-08 06:55:00-04,ND0228,N,54,76.86,2.10%,2,ND0228 - US 301 NB AT HYETTS CORNER,12585.1,2019-01-29 08:27:00-05,
2024-08-08 07:00:00-04,ND0228,N,75,77.20,3.49%,2,ND0228 - US 301 NB AT HYETTS CORNER,12585.1,2019-01-29 08:27:00-05,
2024-08-08 07:05:00-04,ND0228,N,48,76.69,1.82%,2,ND0228 - US 301 NB AT HYETTS CORNER,12585.1,2019-01-29 08:27:00-05,
2024-08-08 07:10:00-04,ND0228,N,75,77.60,3.27%,2,ND0228 - US 301 NB AT HYETTS CORNER,12585.1,2019-01-29 08:27:00-05,
2024-08-08 07:15:00-04,ND0228,N,66,77.48,2.53%,2,ND0228 - US 301 NB AT HYETTS CORNER,12585.1,2019-01-29 08:27:00-05,
2024-08-08 07:20:00-04,ND0228,N,84,76.81,3.21%,2,ND0228 - US 301 NB AT HYETTS CORNER,12585.1,2019-01-29 08:27:00-05,
2024-08-08 07:25:00-04,ND0228,N,78,76.46,3.12%,2,ND0228 - US 301 NB AT HYETTS CORNER,12585.1,2019-01-29 08:27:00-05,
2024-08-08 07:30:00-04,ND0228,N,78,77.24,3.14%,2,ND0228 - US 301 NB AT HYETTS CORNER,12585.1,2019-01-29 08:27:00-05,
2024-08-08 07:35:00-04,ND0228,N,83,76.62,3.40%,2,ND0228 - US 301 NB AT HYETTS CORNER,12585.1,2019-01-29 08:27:00-05,
2024-08-08 07:40:00-04,ND0228,N,84,78.48,3.44%,2,ND0228 - US 301 NB AT HYETTS CORNER,12585.1,2019-01-29 08:27:00-05,
2024-08-08 07:45:00-04,ND0228,N,72,76.35,2.86%,2,ND0228 - US 301 NB AT HYETTS CORNER,12585.1,2019-01-29 08:27:00-05,
2024-08-08 07:50:00-04,ND0228,N,78,76.90,3.56%,2,ND0228 - US 301 NB AT HYETTS CORNER,12585.1,2019-01-29 08:27:00-05,
2024-08-08 07:55:00-04,ND0228,N,79,76.20,3.34%,2,ND0228 - US 301 NB AT HYETTS CORNER,12585.1,2019-01-29 08:27:00-05,
2024-08-08 08:00:00-04,ND0228,N,86,75.56,3.57%,2,ND0228 - US 301 NB AT HYETTS CORNER,12585.1,2019-01-29 08:27:00-05,
2024-08-08 08:05:00-04,ND0228,N,63,75.11,2.85%,2,ND0228 - US 301 NB AT HYETTS CORNER,12585.1,2019-01-29 08:27:00-05,
2024-08-08 08:10:00-04,ND0228,N,60,77.45,2.35%,2,ND0228 - US 301 NB AT HYETTS CORNER,12585.1,2019-01-29 08:27:00-05,
2024-08-08 08:15:00-04,ND0228,N,85,76.87,3.76%,2,ND0228 - US 301 NB AT HYETTS CORNER,12585.1,2019-01-29 08:27:00-05,
2024-08-08 08:20:00-04,ND0228,N,64,76.39,2.92%,2,ND0228 - US 301 NB AT HYETTS CORNER,12585.1,2019-01-29 08:27:00-05,
2024-08-08 08:25:00-04,ND0228,N,75,75.40,3.20%,2,ND0228 - US 301 NB AT HYETTS CORNER,12585.1,2019-01-29 08:27:00-05,
2024-08-08 08:30:00-04,ND0228,N,68,76.55,2.67%,2,ND0228 - US 301 NB AT HYETTS CORNER,12585.1,2019-01-29 08:27:00-05,
2024-08-08 08:35:00-04,ND0228,N,73,75.15,3.34%,2,ND0228 - US 301 NB AT HYETTS CORNER,12585.1,2019-01-29 08:27:00-05,
2024-08-08 08:40:00-04,ND0228,N,64,75.75,2.75%,2,ND0228 - US 301 NB AT HYETTS CORNER,12585.1,2019-01-29 08:27:00-05,
2024-08-08 08:45:00-04,ND0228,N,60,75.22,2.97%,2,ND0228 - US 301 NB AT HYETTS CORNER,12585.1,2019-01-29 08:27:00-05,
2024-08-08 08:50:00-04,ND0228,N,75,75.05,3.04%,2,ND0228 - US 301 NB AT HYETTS CORNER,12585.1,2019-01-29 08:27:00-05,
2024-08-08 08:55:00-04,ND0228,N,61,74.24,2.35%,2,ND0228 - US 301 NB AT HYETTS CORNER,12585.1,2019-01-29 08:27:00-05,
2024-08-08 09:00:00-04,ND0228,N,60,73.97,3.06%,2,ND0228 - US 301 NB AT HYETTS CORNER,12585.1,2019-01-29 08:27:00-05,
2024-08-08 09:05:00-04,ND0228,N,55,74.05,2.59%,2,ND0228 - US 301 NB AT HYETTS CORNER,12585.1,2019-01-29 08:27:00-05,
2024-08-08 09:10:00-04,ND0228,N,73,74.86,2.93%,2,ND0228 - US 301 NB AT HYETTS CORNER,12585.1,2019-01-29 08:27:00-05,
2024-08-08 09:15:00-04,ND0228,N,55,76.46,2.26%,2,ND0228 - US 301 NB AT HYETTS CORNER,12585.1,2019-01-29 08:27:00-05,
2024-08-08 09:20:00-04,ND0228,N,61,75.16,2.53%,2,ND0228 - US 301 NB AT HYETTS CORNER,12585.1,2019-01-29 08:27:00-05,
2024-08-08 09:25:00-04,ND0228,N,65,75.53,3.13%,2,ND0228 - US 301 NB AT HYETTS CORNER,12585.1,2019-01-29 08:27:00-05,
2024-08-08 09:30:00-04,ND0228,N,47,76.10,2.41%,2,ND0228 - US 301 NB AT HYETTS CORNER,12585.1,2019-01-29 08:27:00-05,
2024-08-08 09:35:00-04,ND0228,N,72,74.65,2.92%,2,ND0228 - US 301 NB AT HYETTS CORNER,12585.1,2019-01-29 08:27:00-05,
2024-08-08 09:40:00-04,ND0228,N,48,73.36,2.42%,2,ND0228 - US 301 NB AT HYETTS CORNER,12585.1,2019-01-29 08:27:00-05,
2024-08-08 09:45:00-04,ND0228,N,59,75.09,2.54%,2,ND0228 - US 301 NB AT HYETTS CORNER,12585.1,2019-01-29 08:27:00-05,
2024-08-08 09:50:00-04,ND0228,N,66,75.25,3.11%,2,ND0228 - US 301 NB AT HYETTS CORNER,12585.1,2019-01-29 08:27:00-05,
2024-08-08 09:55:00-04,ND0228,N,45,75.01,2.09%,2,ND0228 - US 301 NB AT HYETTS CORNER,12585.1,2019-01-29 08:27:00-05,
2024-08-08 10:00:00-04,ND0228,N,56,75.55,2.56%,2,ND0228 - US 301 NB AT HYETTS CORNER,12585.1,2019-01-29 08:27:00-05,
2024-08-08 10:05:00-04,ND0228,N,47,75.18,1.97%,2,ND0228 - US 301 NB AT HYETTS CORNER,12585.1,2019-01-29 08:27:00-05,
2024-08-08 10:10:00-04,ND0228,N,57,73.97,2.63%,2,ND0228 - US 301 NB AT HYETTS CORNER,12585.1,2019-01-29 08:27:00-05,
2024-08-08 10:15:00-04,ND0228,N,51,73.03,2.64%,2,ND0228 - US 301 NB AT HYETTS CORNER,12585.1,2019-01-29 08:27:00-05,
2024-08-08 10:20:00-04,ND0228,N,53,74.14,2.32%,2,ND0228 - US 301 NB AT HYETTS CORNER,12585.1,2019-01-29 08:27:00-05,
2024-08-08 10:25:00-04,ND0228,N,56,74.39,2.70%,2,ND0228 - US 301 NB AT HYETTS CORNER,12585.1,2019-01-29 08:27:00-05,
2024-08-08 10:30:00-04,ND0228,N,51,73.16,2.11%,2,ND0228 - US 301 NB AT HYETTS CORNER,12585.1,2019-01-29 08:27:00-05,
2024-08-08 10:35:00-04,ND0228,N,61,70.96,2.81%,2,ND0228 - US 301 NB AT HYETTS CORNER,12585.1,2019-01-29 08:27:00-05,
2024-08-08 10:40:00-04,ND0228,N,55,74.21,2.56%,2,ND0228 - US 301 NB AT HYETTS CORNER,12585.1,2019-01-29 08:27:00-05,
2024-08-08 10:45:00-04,ND0228,N,47,70.77,2.58%,2,ND0228 - US 301 NB AT HYETTS CORNER,12585.1,2019-01-29 08:27:00-05,
2024-08-08 10:50:00-04,ND0228,N,56,73.25,2.64%,2,ND0228 - US 301 NB AT HYETTS CORNER,12585.1,2019-01-29 08:27:00-05,
2024-08-08 10:55:00-04,ND0228,N,69,72.88,3.35%,2,ND0228 - US 301 NB AT HYETTS CORNER,12585.1,2019-01-29 08:27:00-05,
2024-08-08 11:00:00-04,ND0228,N,47,73.35,2.11%,2,ND0228 - US 301 NB AT HYETTS CORNER,12585.1,2019-01-29 08:27:00-05,
2024-08-08 11:05:00-04,ND0228,N,51,75.10,2.34%,2,ND0228 - US 301 NB AT HYETTS CORNER,12585.1,2019-01-29 08:27:00-05,
2024-08-08 11:10:00-04,ND0228,N,45,73.53,1.88%,2,ND0228 - US 301 NB AT HYETTS CORNER,12585.1,2019-01-29 08:27:00-05,
2024-08-08 11:15:00-04,ND0228,N,71,72.41,3.31%,2,ND0228 - US 301 NB AT HYETTS CORNER,12585.1,2019-01-29 08:27:00-05,
2024-08-08 11:20:00-04,ND0228,N,47,73.38,2.23%,2,ND0228 - US 301 NB AT HYETTS CORNER,12585.1,2019-01-29 08:27:00-05,
2024-08-08 11:25:00-04,ND0228,N,51,74.17,2.27%,2,ND0228 - US 301 NB AT HYETTS CORNER,12585.1,2019-01-29 08:27:00-05,
2024-08-08 11:30:00-04,ND0228,N,43,73.67,2.06%,2,ND0228 - US 301 NB AT HYETTS CORNER,12585.1,2019-01-29 08:27:00-05,
2024-08-08 11:35:00-04,ND0228,N,47,74.25,1.94%,2,ND0228 - US 301 NB AT HYETTS CORNER,12585.1,2019-01-29 08:27:00-05,
2024-08-08 11:40:00-04,ND0228,N,54,73.99,2.61%,2,ND0228 - US 301 NB AT HYETTS CORNER,12585.1,2019-01-29 08:27:00-05,
2024-08-08 11:45:00-04,ND0228,N,64,75.02,2.99%,2,ND0228 - US 301 NB AT HYETTS CORNER,12585.1,2019-01-29 08:27:00-05,
2024-08-08 11:50:00-04,ND0228,N,45,74.35,2.33%,2,ND0228 - US 301 NB AT HYETTS CORNER,12585.1,2019-01-29 08:27:00-05,
2024-08-08 11:55:00-04,ND0228,N,59,73.04,3.06%,2,ND0228 - US 301 NB AT HYETTS CORNER,12585.1,2019-01-29 08:27:00-05,
2024-08-08 12:00:00-04,ND0228,N,51,72.21,2.69%,2,ND0228 - US 301 NB AT HYETTS CORNER,12585.1,2019-01-29 08:27:00-05,
2024-08-08 12:05:00-04,ND0228,N,49,72.28,2.31%,2,ND0228 - US 301 NB AT HYETTS CORNER,12585.1,2019-01-29 08:27:00-05,
2024-08-08 12:10:00-04,ND0228,N,62,73.77,3.15%,2,ND0228 - US 301 NB AT HYETTS CORNER,12585.1,2019-01-29 08:27:00-05,
2024-08-08 12:15:00-04,ND0228,N,52,73.39,2.69%,2,ND0228 - US 301 NB AT HYETTS CORNER,12585.1,2019-01-29 08:27:00-05,
2024-08-08 12:20:00-04,ND0228,N,58,72.96,2.88%,2,ND0228 - US 301 NB AT HYETTS CORNER,12585.1,2019-01-29 08:27:00-05,
2024-08-08 12:25:00-04,ND0228,N,61,73.62,2.67%,2,ND0228 - US 301 NB AT HYETTS CORNER,12585.1,2019-01-29 08:27:00-05,
2024-08-08 12:30:00-04,ND0228,N,55,74.33,2.55%,2,ND0228 - US 301 NB AT HYETTS CORNER,12585.1,2019-01-29 08:27:00-05,
2024-08-08 12:35:00-04,ND0228,N,38,73.56,1.68%,2,ND0228 - US 301 NB AT HYETTS CORNER,12585.1,2019-01-29 08:27:00-05,
2024-08-08 12:40:00-04,ND0228,N,50,76.67,2.09%,2,ND0228 - US 301 NB AT HYETTS CORNER,12585.1,2019-01-29 08:27:00-05,
2024-08-08 12:45:00-04,ND0228,N,59,73.26,2.68%,2,ND0228 - US 301 NB AT HYETTS CORNER,12585.1,2019-01-29 08:27:00-05,
2024-08-08 12:50:00-04,ND0228,N,54,74.12,2.58%,2,ND0228 - US 301 NB AT HYETTS CORNER,12585.1,2019-01-29 08:27:00-05,
2024-08-08 12:55:00-04,ND0228,N,57,75.28,2.88%,2,ND0228 - US 301 NB AT HYETTS CORNER,12585.1,2019-01-29 08:27:00-05,
2024-08-08 13:00:00-04,ND0228,N,49,77.21,2.13%,2,ND0228 - US 301 NB AT HYETTS CORNER,12585.1,2019-01-29 08:27:00-05,
2024-08-08 13:05:00-04,ND0228,N,39,73.72,2.03%,2,ND0228 - US 301 NB AT HYETTS CORNER,12585.1,2019-01-29 08:27:00-05,
2024-08-08 13:10:00-04,ND0228,N,52,74.09,2.21%,2,ND0228 - US 301 NB AT HYETTS CORNER,12585.1,2019-01-29 08:27:00-05,
2024-08-08 13:15:00-04,ND0228,N,61,76.18,2.63%,2,ND0228 - US 301 NB AT HYETTS CORNER,12585.1,2019-01-29 08:27:00-05,
2024-08-08 13:20:00-04,ND0228,N,70,74.56,3.35%,2,ND0228 - US 301 NB AT HYETTS CORNER,12585.1,2019-01-29 08:27:00-05,
2024-08-08 13:25:00-04,ND0228,N,46,75.11,2.10%,2,ND0228 - US 301 NB AT HYETTS CORNER,12585.1,2019-01-29 08:27:00-05,
2024-08-08 13:30:00-04,ND0228,N,42,72.95,1.93%,2,ND0228 - US 301 NB AT HYETTS CORNER,12585.1,2019-01-29 08:27:00-05,
2024-08-08 13:35:00-04,ND0228,N,55,74.24,2.49%,2,ND0228 - US 301 NB AT HYETTS CORNER,12585.1,2019-01-29 08:27:00-05,
2024-08-08 13:40:00-04,ND0228,N,51,72.30,2.22%,2,ND0228 - US 301 NB AT HYETTS CORNER,12585.1,2019-01-29 08:27:00-05,
2024-08-08 13:45:00-04,ND0228,N,39,74.78,1.77%,2,ND0228 - US 301 NB AT HYETTS CORNER,12585.1,2019-01-29 08:27:00-05,
2024-08-08 13:50:00-04,ND0228,N,48,72.47,2.09%,2,ND0228 - US 301 NB AT HYETTS CORNER,12585.1,2019-01-29 08:27:00-05,
2024-08-08 13:55:00-04,ND0228,N,30,70.51,1.43%,2,ND0228 - US 301 NB AT HYETTS CORNER,12585.1,2019-01-29 08:27:00-05,
2024-08-08 14:00:00-04,ND0228,N,52,69.49,2.55%,2,ND0228 - US 301 NB AT HYETTS CORNER,12585.1,2019-01-29 08:27:00-05,
2024-08-08 14:05:00-04,ND0228,N,60,72.85,2.46%,2,ND0228 - US 301 NB AT HYETTS CORNER,12585.1,2019-01-29 08:27:00-05,
2024-08-08 14:10:00-04,ND0228,N,48,67.91,2.42%,2,ND0228 - US 301 NB AT HYETTS CORNER,12585.1,2019-01-29 08:27:00-05,
2024-08-08 14:15:00-04,ND0228,N,41,71.36,1.71%,2,ND0228 - US 301 NB AT HYETTS CORNER,12585.1,2019-01-29 08:27:00-05,
2024-08-08 14:20:00-04,ND0228,N,50,65.70,4.48%,2,ND0228 - US 301 NB AT HYETTS CORNER,12585.1,2019-01-29 08:27:00-05,
2024-08-08 14:25:00-04,ND0228,N,45,63.18,2.53%,2,ND0228 - US 301 NB AT HYETTS CORNER,12585.1,2019-01-29 08:27:00-05,
2024-08-08 14:30:00-04,ND0228,N,39,64.49,2.88%,2,ND0228 - US 301 NB AT HYETTS CORNER,12585.1,2019-01-29 08:27:00-05,
2024-08-08 14:35:00-04,ND0228,N,60,67.02,3.03%,2,ND0228 - US 301 NB AT HYETTS CORNER,12585.1,2019-01-29 08:27:00-05,
2024-08-08 14:40:00-04,ND0228,N,48,70.41,2.14%,2,ND0228 - US 301 NB AT HYETTS CORNER,12585.1,2019-01-29 08:27:00-05,
2024-08-08 14:45:00-04,ND0228,N,51,63.67,3.11%,2,ND0228 - US 301 NB AT HYETTS CORNER,12585.1,2019-01-29 08:27:00-05,
2024-08-08 14:50:00-04,ND0228,N,42,71.64,2.32%,2,ND0228 - US 301 NB AT HYETTS CORNER,12585.1,2019-01-29 08:27:00-05,
2024-08-08 14:55:00-04,ND0228,N,58,71.51,2.82%,2,ND0228 - US 301 NB AT HYETTS CORNER,12585.1,2019-01-29 08:27:00-05,
2024-08-08 15:00:00-04,ND0228,N,50,63.88,2.77%,2,ND0228 - US 301 NB AT HYETTS CORNER,12585.1,2019-01-29 08:27:00-05,
2024-08-08 15:05:00-04,ND0228,N,42,62.71,3.27%,2,ND0228 - US 301 NB AT HYETTS CORNER,12585.1,2019-01-29 08:27:00-05,
2024-08-08 15:10:00-04,ND0228,N,42,57.27,2.60%,2,ND0228 - US 301 NB AT HYETTS CORNER,12585.1,2019-01-29 08:27:00-05,
2024-08-08 15:15:00-04,ND0228,N,55,54.98,4.41%,2,ND0228 - US 301 NB AT HYETTS CORNER,12585.1,2019-01-29 08:27:00-05,
2024-08-08 15:20:00-04,ND0228,N,59,66.24,3.55%,2,ND0228 - US 301 NB AT HYETTS CORNER,12585.1,2019-01-29 08:27:00-05,
2024-08-08 15:25:00-04,ND0228,N,59,68.60,2.82%,2,ND0228 - US 301 NB AT HYETTS CORNER,12585.1,2019-01-29 08:27:00-05,
2024-08-08 15:30:00-04,ND0228,N,56,70.28,2.41%,2,ND0228 - US 301 NB AT HYETTS CORNER,12585.1,2019-01-29 08:27:00-05,
2024-08-08 15:35:00-04,ND0228,N,61,69.20,2.87%,2,ND0228 - US 301 NB AT HYETTS CORNER,12585.1,2019-01-29 08:27:00-05,
2024-08-08 15:40:00-04,ND0228,N,65,70.38,2.74%,2,ND0228 - US 301 NB AT HYETTS CORNER,12585.1,2019-01-29 08:27:00-05,
2024-08-08 15:45:00-04,ND0228,N,66,72.57,3.75%,2,ND0228 - US 301 NB AT HYETTS CORNER,12585.1,2019-01-29 08:27:00-05,
2024-08-08 15:50:00-04,ND0228,N,79,57.72,7.70%,2,ND0228 - US 301 NB AT HYETTS CORNER,12585.1,2019-01-29 08:27:00-05,
2024-08-08 15:55:00-04,ND0228,N,63,59.49,5.13%,2,ND0228 - US 301 NB AT HYETTS CORNER,12585.1,2019-01-29 08:27:00-05,
2024-08-08 16:00:00-04,ND0228,N,61,65.83,3.62%,2,ND0228 - US 301 NB AT HYETTS CORNER,12585.1,2019-01-29 08:27:00-05,
2024-08-08 16:05:00-04,ND0228,N,68,61.00,5.75%,2,ND0228 - US 301 NB AT HYETTS CORNER,12585.1,2019-01-29 08:27:00-05,
2024-08-08 16:10:00-04,ND0228,N,75,63.53,4.19%,2,ND0228 - US 301 NB AT HYETTS CORNER,12585.1,2019-01-29 08:27:00-05,
2024-08-08 16:15:00-04,ND0228,N,56,56.75,5.64%,2,ND0228 - US 301 NB AT HYETTS CORNER,12585.1,2019-01-29 08:27:00-05,
2024-08-08 16:20:00-04,ND0228,N,56,49.80,4.46%,2,ND0228 - US 301 NB AT HYETTS CORNER,12585.1,2019-01-29 08:27:00-05,
2024-08-08 16:25:00-04,ND0228,N,62,47.17,5.14%,2,ND0228 - US 301 NB AT HYETTS CORNER,12585.1,2019-01-29 08:27:00-05,
2024-08-08 16:30:00-04,ND0228,N,100,54.87,8.14%,2,ND0228 - US 301 NB AT HYETTS CORNER,12585.1,2019-01-29 08:27:00-05,
2024-08-08 16:35:00-04,ND0228,N,77,61.16,4.64%,2,ND0228 - US 301 NB AT HYETTS CORNER,12585.1,2019-01-29 08:27:00-05,
2024-08-08 16:40:00-04,ND0228,N,75,69.62,3.65%,2,ND0228 - US 301 NB AT HYETTS CORNER,12585.1,2019-01-29 08:27:00-05,
2024-08-08 16:45:00-04,ND0228,N,77,67.36,3.28%,2,ND0228 - US 301 NB AT HYETTS CORNER,12585.1,2019-01-29 08:27:00-05,
2024-08-08 16:50:00-04,ND0228,N,92,68.12,4.45%,2,ND0228 - US 301 NB AT HYETTS CORNER,12585.1,2019-01-29 08:27:00-05,
2024-08-08 16:55:00-04,ND0228,N,73,66.04,3.40%,2,ND0228 - US 301 NB AT HYETTS CORNER,12585.1,2019-01-29 08:27:00-05,
2024-08-08 17:00:00-04,ND0228,N,69,73.04,2.97%,2,ND0228 - US 301 NB AT HYETTS CORNER,12585.1,2019-01-29 08:27:00-05,
2024-08-08 17:05:00-04,ND0228,N,57,70.94,3.28%,2,ND0228 - US 301 NB AT HYETTS CORNER,12585.1,2019-01-29 08:27:00-05,
2024-08-08 17:10:00-04,ND0228,N,54,70.10,2.47%,2,ND0228 - US 301 NB AT HYETTS CORNER,12585.1,2019-01-29 08:27:00-05,
2024-08-08 17:15:00-04,ND0228,N,59,73.31,2.85%,2,ND0228 - US 301 NB AT HYETTS CORNER,12585.1,2019-01-29 08:27:00-05,
2024-08-08 17:20:00-04,ND0228,N,63,70.86,2.91%,2,ND0228 - US 301 NB AT HYETTS CORNER,12585.1,2019-01-29 08:27:00-05,
2024-08-08 17:25:00-04,ND0228,N,72,73.25,3.07%,2,ND0228 - US 301 NB AT HYETTS CORNER,12585.1,2019-01-29 08:27:00-05,
2024-08-08 17:30:00-04,ND0228,N,74,68.97,3.11%,2,ND0228 - US 301 NB AT HYETTS CORNER,12585.1,2019-01-29 08:27:00-05,
2024-08-08 17:35:00-04,ND0228,N,67,73.82,2.79%,2,ND0228 - US 301 NB AT HYETTS CORNER,12585.1,2019-01-29 08:27:00-05,
2024-08-08 17:40:00-04,ND0228,N,94,73.99,3.77%,2,ND0228 - US 301 NB AT HYETTS CORNER,12585.1,2019-01-29 08:27:00-05,
2024-08-08 17:45:00-04,ND0228,N,82,72.89,3.50%,2,ND0228 - US 301 NB AT HYETTS CORNER,12585.1,2019-01-29 08:27:00-05,
2024-08-08 17:50:00-04,ND0228,N,63,71.74,3.57%,2,ND0228 - US 301 NB AT HYETTS CORNER,12585.1,2019-01-29 08:27:00-05,
2024-08-08 17:55:00-04,ND0228,N,63,62.10,4.57%,2,ND0228 - US 301 NB AT HYETTS CORNER,12585.1,2019-01-29 08:27:00-05,
2024-08-08 18:00:00-04,ND0228,N,60,63.39,4.07%,2,ND0228 - US 301 NB AT HYETTS CORNER,12585.1,2019-01-29 08:27:00-05,
2024-08-08 18:05:00-04,ND0228,N,65,69.44,3.37%,2,ND0228 - US 301 NB AT HYETTS CORNER,12585.1,2019-01-29 08:27:00-05,
2024-08-08 18:10:00-04,ND0228,N,56,70.46,2.89%,2,ND0228 - US 301 NB AT HYETTS CORNER,12585.1,2019-01-29 08:27:00-05,
2024-08-08 18:15:00-04,ND0228,N,61,72.35,2.63%,2,ND0228 - US 301 NB AT HYETTS CORNER,12585.1,2019-01-29 08:27:00-05,
2024-08-08 18:20:00-04,ND0228,N,59,69.72,3.81%,2,ND0228 - US 301 NB AT HYETTS CORNER,12585.1,2019-01-29 08:27:00-05,
2024-08-08 18:25:00-04,ND0228,N,91,72.17,3.63%,2,ND0228 - US 301 NB AT HYETTS CORNER,12585.1,2019-01-29 08:27:00-05,
2024-08-08 18:30:00-04,ND0228,N,70,73.23,3.16%,2,ND0228 - US 301 NB AT HYETTS CORNER,12585.1,2019-01-29 08:27:00-05,
2024-08-08 18:35:00-04,ND0228,N,58,73.04,2.52%,2,ND0228 - US 301 NB AT HYETTS CORNER,12585.1,2019-01-29 08:27:00-05,
2024-08-08 18:40:00-04,ND0228,N,65,73.24,2.78%,2,ND0228 - US 301 NB AT HYETTS CORNER,12585.1,2019-01-29 08:27:00-05,
2024-08-08 18:45:00-04,ND0228,N,68,73.95,2.90%,2,ND0228 - US 301 NB AT HYETTS CORNER,12585.1,2019-01-29 08:27:00-05,
2024-08-08 18:50:00-04,ND0228,N,74,74.04,2.98%,2,ND0228 - US 301 NB AT HYETTS CORNER,12585.1,2019-01-29 08:27:00-05,
2024-08-08 18:55:00-04,ND0228,N,51,73.42,2.52%,2,ND0228 - US 301 NB AT HYETTS CORNER,12585.1,2019-01-29 08:27:00-05,
2024-08-08 19:00:00-04,ND0228,N,44,71.55,2.47%,2,ND0228 - US 301 NB AT HYETTS CORNER,12585.1,2019-01-29 08:27:00-05,
2024-08-08 19:05:00-04,ND0228,N,54,73.08,2.70%,2,ND0228 - US 301 NB AT HYETTS CORNER,12585.1,2019-01-29 08:27:00-05,
2024-08-08 19:10:00-04,ND0228,N,53,73.30,2.67%,2,ND0228 - US 301 NB AT HYETTS CORNER,12585.1,2019-01-29 08:27:00-05,
2024-08-08 19:15:00-04,ND0228,N,57,74.71,2.14%,2,ND0228 - US 301 NB AT HYETTS CORNER,12585.1,2019-01-29 08:27:00-05,
2024-08-08 19:20:00-04,ND0228,N,50,72.27,2.16%,2,ND0228 - US 301 NB AT HYETTS CORNER,12585.1,2019-01-29 08:27:00-05,
2024-08-08 19:25:00-04,ND0228,N,74,72.46,3.17%,2,ND0228 - US 301 NB AT HYETTS CORNER,12585.1,2019-01-29 08:27:00-05,
2024-08-08 19:30:00-04,ND0228,N,40,71.54,1.96%,2,ND0228 - US 301 NB AT HYETTS CORNER,12585.1,2019-01-29 08:27:00-05,
2024-08-08 19:35:00-04,ND0228,N,50,74.95,2.18%,2,ND0228 - US 301 NB AT HYETTS CORNER,12585.1,2019-01-29 08:27:00-05,
2024-08-08 19:40:00-04,ND0228,N,57,72.89,2.59%,2,ND0228 - US 301 NB AT HYETTS CORNER,12585.1,2019-01-29 08:27:00-05,
2024-08-08 19:45:00-04,ND0228,N,46,73.84,1.96%,2,ND0228 - US 301 NB AT HYETTS CORNER,12585.1,2019-01-29 08:27:00-05,
2024-08-08 19:50:00-04,ND0228,N,36,74.10,1.46%,2,ND0228 - US 301 NB AT HYETTS CORNER,12585.1,2019-01-29 08:27:00-05,
2024-08-08 19:55:00-04,ND0228,N,39,73.53,1.90%,2,ND0228 - US 301 NB AT HYETTS CORNER,12585.1,2019-01-29 08:27:00-05,
2024-08-08 20:00:00-04,ND0228,N,48,73.92,2.80%,2,ND0228 - US 301 NB AT HYETTS CORNER,12585.1,2019-01-29 08:27:00-05,
2024-08-08 20:05:00-04,ND0228,N,36,72.64,1.72%,2,ND0228 - US 301 NB AT HYETTS CORNER,12585.1,2019-01-29 08:27:00-05,
2024-08-08 20:10:00-04,ND0228,N,42,71.91,2.35%,2,ND0228 - US 301 NB AT HYETTS CORNER,12585.1,2019-01-29 08:27:00-05,
2024-08-08 20:15:00-04,ND0228,N,37,73.04,2.12%,2,ND0228 - US 301 NB AT HYETTS CORNER,12585.1,2019-01-29 08:27:00-05,
2024-08-08 20:20:00-04,ND0228,N,33,71.61,1.85%,2,ND0228 - US 301 NB AT HYETTS CORNER,12585.1,2019-01-29 08:27:00-05,
2024-08-08 20:25:00-04,ND0228,N,29,73.10,1.46%,2,ND0228 - US 301 NB AT HYETTS CORNER,12585.1,2019-01-29 08:27:00-05,
2024-08-08 20:30:00-04,ND0228,N,31,70.53,1.85%,2,ND0228 - US 301 NB AT HYETTS CORNER,12585.1,2019-01-29 08:27:00-05,
2024-08-08 20:35:00-04,ND0228,N,31,71.40,1.54%,2,ND0228 - US 301 NB AT HYETTS CORNER,12585.1,2019-01-29 08:27:00-05,
2024-08-08 20:40:00-04,ND0228,N,29,70.73,1.52%,2,ND0228 - US 301 NB AT HYETTS CORNER,12585.1,2019-01-29 08:27:00-05,
2024-08-08 20:45:00-04,ND0228,N,33,69.68,1.79%,2,ND0228 - US 301 NB AT HYETTS CORNER,12585.1,2019-01-29 08:27:00-05,
2024-08-08 20:50:00-04,ND0228,N,34,73.44,1.58%,2,ND0228 - US 301 NB AT HYETTS CORNER,12585.1,2019-01-29 08:27:00-05,
2024-08-08 20:55:00-04,ND0228,N,17,70.61,1.26%,2,ND0228 - US 301 NB AT HYETTS CORNER,12585.1,2019-01-29 08:27:00-05,
2024-08-08 21:00:00-04,ND0228,N,19,73.11,0.99%,2,ND0228 - US 301 NB AT HYETTS CORNER,12585.1,2019-01-29 08:27:00-05,
2024-08-08 21:05:00-04,ND0228,N,25,68.54,1.87%,2,ND0228 - US 301 NB AT HYETTS CORNER,12585.1,2019-01-29 08:27:00-05,
2024-08-08 21:10:00-04,ND0228,N,22,72.20,1.25%,2,ND0228 - US 301 NB AT HYETTS CORNER,12585.1,2019-01-29 08:27:00-05,
2024-08-08 21:15:00-04,ND0228,N,18,70.23,1.19%,2,ND0228 - US 301 NB AT HYETTS CORNER,12585.1,2019-01-29 08:27:00-05,
2024-08-08 21:20:00-04,ND0228,N,20,71.74,1.36%,2,ND0228 - US 301 NB AT HYETTS CORNER,12585.1,2019-01-29 08:27:00-05,
2024-08-08 21:25:00-04,ND0228,N,22,73.39,1.04%,2,ND0228 - US 301 NB AT HYETTS CORNER,12585.1,2019-01-29 08:27:00-05,
2024-08-08 21:30:00-04,ND0228,N,25,69.95,1.22%,2,ND0228 - US 301 NB AT HYETTS CORNER,12585.1,2019-01-29 08:27:00-05,
2024-08-08 21:35:00-04,ND0228,N,20,72.60,1.46%,2,ND0228 - US 301 NB AT HYETTS CORNER,12585.1,2019-01-29 08:27:00-05,
2024-08-08 21:40:00-04,ND0228,N,13,68.85,0.72%,2,ND0228 - US 301 NB AT HYETTS CORNER,12585.1,2019-01-29 08:27:00-05,
2024-08-08 21:45:00-04,ND0228,N,10,70.42,0.74%,2,ND0228 - US 301 NB AT HYETTS CORNER,12585.1,2019-01-29 08:27:00-05,
2024-08-08 21:50:00-04,ND0228,N,12,73.29,0.56%,2,ND0228 - US 301 NB AT HYETTS CORNER,12585.1,2019-01-29 08:27:00-05,
2024-08-08 21:55:00-04,ND0228,N,19,69.61,1.14%,2,ND0228 - US 301 NB AT HYETTS CORNER,12585.1,2019-01-29 08:27:00-05,
2024-08-08 22:00:00-04,ND0228,N,11,69.68,0.49%,2,ND0228 - US 301 NB AT HYETTS CORNER,12585.1,2019-01-29 08:27:00-05,
2024-08-08 22:05:00-04,ND0228,N,17,72.00,1.18%,2,ND0228 - US 301 NB AT HYETTS CORNER,12585.1,2019-01-29 08:27:00-05,
2024-08-08 22:10:00-04,ND0228,N,11,66.61,0.86%,2,ND0228 - US 301 NB AT HYETTS CORNER,12585.1,2019-01-29 08:27:00-05,
2024-08-08 22:15:00-04,ND0228,N,13,72.20,0.51%,2,ND0228 - US 301 NB AT HYETTS CORNER,12585.1,2019-01-29 08:27:00-05,
2024-08-08 22:20:00-04,ND0228,N,12,70.99,0.64%,2,ND0228 - US 301 NB AT HYETTS CORNER,12585.1,2019-01-29 08:27:00-05,
2024-08-08 22:25:00-04,ND0228,N,17,69.94,0.91%,2,ND0228 - US 301 NB AT HYETTS CORNER,12585.1,2019-01-29 08:27:00-05,
2024-08-08 22:30:00-04,ND0228,N,14,69.15,0.99%,2,ND0228 - US 301 NB AT HYETTS CORNER,12585.1,2019-01-29 08:27:00-05,
2024-08-08 22:35:00-04,ND0228,N,12,69.40,0.67%,2,ND0228 - US 301 NB AT HYETTS CORNER,12585.1,2019-01-29 08:27:00-05,
2024-08-08 22:40:00-04,ND0228,N,19,71.03,1.08%,2,ND0228 - US 301 NB AT HYETTS CORNER,12585.1,2019-01-29 08:27:00-05,
2024-08-08 22:45:00-04,ND0228,N,16,69.41,1.21%,2,ND0228 - US 301 NB AT HYETTS CORNER,12585.1,2019-01-29 08:27:00-05,
2024-08-08 22:50:00-04,ND0228,N,14,72.28,0.93%,2,ND0228 - US 301 NB AT HYETTS CORNER,12585.1,2019-01-29 08:27:00-05,
2024-08-08 22:55:00-04,ND0228,N,7,73.29,0.34%,2,ND0228 - US 301 NB AT HYETTS CORNER,12585.1,2019-01-29 08:27:00-05,
2024-08-08 23:00:00-04,ND0228,N,13,72.41,1.08%,2,ND0228 - US 301 NB AT HYETTS CORNER,12585.1,2019-01-29 08:27:00-05,
2024-08-08 23:05:00-04,ND0228,N,11,72.39,0.67%,2,ND0228 - US 301 NB AT HYETTS CORNER,12585.1,2019-01-29 08:27:00-05,
2024-08-08 23:10:00-04,ND0228,N,10,66.00,1.01%,2,ND0228 - US 301 NB AT HYETTS CORNER,12585.1,2019-01-29 08:27:00-05,
2024-08-08 23:15:00-04,ND0228,N,9,67.26,0.79%,2,ND0228 - US 301 NB AT HYETTS CORNER,12585.1,2019-01-29 08:27:00-05,
2024-08-08 23:20:00-04,ND0228,N,10,70.65,0.67%,2,ND0228 - US 301 NB AT HYETTS CORNER,12585.1,2019-01-29 08:27:00-05,
2024-08-08 23:25:00-04,ND0228,N,7,76.28,0.47%,2,ND0228 - US 301 NB AT HYETTS CORNER,12585.1,2019-01-29 08:27:00-05,
2024-08-08 23:30:00-04,ND0228,N,13,70.49,1.03%,2,ND0228 - US 301 NB AT HYETTS CORNER,12585.1,2019-01-29 08:27:00-05,
2024-08-08 23:35:00-04,ND0228,N,12,69.14,0.96%,2,ND0228 - US 301 NB AT HYETTS CORNER,12585.1,2019-01-29 08:27:00-05,
2024-08-08 23:40:00-04,ND0228,N,4,72.94,0.34%,2,ND0228 - US 301 NB AT HYETTS CORNER,12585.1,2019-01-29 08:27:00-05,
2024-08-08 23:45:00-04,ND0228,N,4,68.70,0.38%,2,ND0228 - US 301 NB AT HYETTS CORNER,12585.1,2019-01-29 08:27:00-05,
2024-08-08 23:50:00-04,ND0228,N,6,71.55,0.46%,2,ND0228 - US 301 NB AT HYETTS CORNER,12585.1,2019-01-29 08:27:00-05,
2024-08-08 23:55:00-04,ND0228,N,5,73.75,0.35%,1,ND0228 - US 301 NB AT HYETTS CORNER,12585.1,2019-01-29 08:27:00-05,
2024-08-09 00:00:00-04,ND0228,N,8,72.71,0.64%,2,ND0228 - US 301 NB AT HYETTS CORNER,12585.1,2019-01-29 08:27:00-05,
2024-08-09 00:05:00-04,ND0228,N,8,74.36,0.54%,2,ND0228 - US 301 NB AT HYETTS CORNER,12585.1,2019-01-29 08:27:00-05,
2024-08-09 00:10:00-04,ND0228,N,2,67.50,0.56%,1,ND0228 - US 301 NB AT HYETTS CORNER,12585.1,2019-01-29 08:27:00-05,
2024-08-09 00:15:00-04,ND0228,N,6,69.23,0.46%,2,ND0228 - US 301 NB AT HYETTS CORNER,12585.1,2019-01-29 08:27:00-05,
2024-08-09 00:20:00-04,ND0228,N,3,70.34,0.43%,1,ND0228 - US 301 NB AT HYETTS CORNER,12585.1,2019-01-29 08:27:00-05,
2024-08-09 00:25:00-04,ND0228,N,4,71.04,0.32%,2,ND0228 - US 301 NB AT HYETTS CORNER,12585.1,2019-01-29 08:27:00-05,
2024-08-09 00:30:00-04,ND0228,N,3,72.98,0.43%,1,ND0228 - US 301 NB AT HYETTS CORNER,12585.1,2019-01-29 08:27:00-05,
2024-08-09 00:35:00-04,ND0228,N,7,68.10,0.60%,2,ND0228 - US 301 NB AT HYETTS CORNER,12585.1,2019-01-29 08:27:00-05,
2024-08-09 00:45:00-04,ND0228,N,2,73.91,0.19%,2,ND0228 - US 301 NB AT HYETTS CORNER,12585.1,2019-01-29 08:27:00-05,
2024-08-09 00:50:00-04,ND0228,N,5,71.82,0.36%,2,ND0228 - US 301 NB AT HYETTS CORNER,12585.1,2019-01-29 08:27:00-05,
2024-08-09 00:55:00-04,ND0228,N,6,66.86,0.74%,2,ND0228 - US 301 NB AT HYETTS CORNER,12585.1,2019-01-29 08:27:00-05,
2024-08-09 01:00:00-04,ND0228,N,1,72.44,0.06%,1,ND0228 - US 301 NB AT HYETTS CORNER,12585.1,2019-01-29 08:27:00-05,
2024-08-09 01:05:00-04,ND0228,N,3,63.95,0.73%,1,ND0228 - US 301 NB AT HYETTS CORNER,12585.1,2019-01-29 08:27:00-05,
2024-08-09 01:10:00-04,ND0228,N,5,69.14,0.48%,2,ND0228 - US 301 NB AT HYETTS CORNER,12585.1,2019-01-29 08:27:00-05,
2024-08-09 01:15:00-04,ND0228,N,5,63.04,0.31%,2,ND0228 - US 301 NB AT HYETTS CORNER,12585.1,2019-01-29 08:27:00-05,
2024-08-09 01:20:00-04,ND0228,N,5,67.59,0.93%,1,ND0228 - US 301 NB AT HYETTS CORNER,12585.1,2019-01-29 08:27:00-05,
2024-08-09 01:25:00-04,ND0228,N,1,62.70,0.13%,1,ND0228 - US 301 NB AT HYETTS CORNER,12585.1,2019-01-29 08:27:00-05,
2024-08-09 01:30:00-04,ND0228,N,5,63.31,0.54%,2,ND0228 - US 301 NB AT HYETTS CORNER,12585.1,2019-01-29 08:27:00-05,
2024-08-09 01:40:00-04,ND0228,N,2,71.66,0.47%,1,ND0228 - US 301 NB AT HYETTS CORNER,12585.1,2019-01-29 08:27:00-05,
2024-08-09 01:45:00-04,ND0228,N,4,63.14,0.47%,2,ND0228 - US 301 NB AT HYETTS CORNER,12585.1,2019-01-29 08:27:00-05,
2024-08-09 01:50:00-04,ND0228,N,3,66.16,0.65%,1,ND0228 - US 301 NB AT HYETTS CORNER,12585.1,2019-01-29 08:27:00-05,
2024-08-09 01:55:00-04,ND0228,N,2,65.57,0.46%,1,ND0228 - US 301 NB AT HYETTS CORNER,12585.1,2019-01-29 08:27:00-05,
2024-08-09 02:00:00-04,ND0228,N,8,68.81,0.88%,2,ND0228 - US 301 NB AT HYETTS CORNER,12585.1,2019-01-29 08:27:00-05,
2024-08-09 02:05:00-04,ND0228,N,3,69.66,0.32%,2,ND0228 - US 301 NB AT HYETTS CORNER,12585.1,2019-01-29 08:27:00-05,
2024-08-09 02:10:00-04,ND0228,N,1,70.72,0.09%,1,ND0228 - US 301 NB AT HYETTS CORNER,12585.1,2019-01-29 08:27:00-05,
2024-08-09 02:15:00-04,ND0228,N,2,73.12,0.17%,2,ND0228 - US 301 NB AT HYETTS CORNER,12585.1,2019-01-29 08:27:00-05,
2024-08-09 02:20:00-04,ND0228,N,1,77.21,0.07%,1,ND0228 - US 301 NB AT HYETTS CORNER,12585.1,2019-01-29 08:27:00-05,
2024-08-09 02:25:00-04,ND0228,N,2,67.27,0.18%,2,ND0228 - US 301 NB AT HYETTS CORNER,12585.1,2019-01-29 08:27:00-05,
2024-08-09 02:30:00-04,ND0228,N,7,64.59,0.99%,2,ND0228 - US 301 NB AT HYETTS CORNER,12585.1,2019-01-29 08:27:00-05,
2024-08-09 02:35:00-04,ND0228,N,1,73.55,0.06%,1,ND0228 - US 301 NB AT HYETTS CORNER,12585.1,2019-01-29 08:27:00-05,
2024-08-09 02:40:00-04,ND0228,N,3,74.12,0.23%,2,ND0228 - US 301 NB AT HYETTS CORNER,12585.1,2019-01-29 08:27:00-05,
2024-08-09 02:45:00-04,ND0228,N,8,67.79,0.68%,2,ND0228 - US 301 NB AT HYETTS CORNER,12585.1,2019-01-29 08:27:00-05,
2024-08-09 02:50:00-04,ND0228,N,3,72.90,0.19%,2,ND0228 - US 301 NB AT HYETTS CORNER,12585.1,2019-01-29 08:27:00-05,
2024-08-09 02:55:00-04,ND0228,N,4,67.89,0.47%,2,ND0228 - US 301 NB AT HYETTS CORNER,12585.1,2019-01-29 08:27:00-05,
2024-08-09 03:00:00-04,ND0228,N,4,69.95,0.44%,2,ND0228 - US 301 NB AT HYETTS CORNER,12585.1,2019-01-29 08:27:00-05,
2024-08-09 03:05:00-04,ND0228,N,4,72.90,0.48%,2,ND0228 - US 301 NB AT HYETTS CORNER,12585.1,2019-01-29 08:27:00-05,
2024-08-09 03:10:00-04,ND0228,N,6,71.55,0.33%,2,ND0228 - US 301 NB AT HYETTS CORNER,12585.1,2019-01-29 08:27:00-05,
2024-08-09 03:15:00-04,ND0228,N,7,69.89,1.22%,1,ND0228 - US 301 NB AT HYETTS CORNER,12585.1,2019-01-29 08:27:00-05,
2024-08-09 03:20:00-04,ND0228,N,9,74.16,0.56%,2,ND0228 - US 301 NB AT HYETTS CORNER,12585.1,2019-01-29 08:27:00-05,
2024-08-09 03:25:00-04,ND0228,N,5,73.50,0.22%,2,ND0228 - US 301 NB AT HYETTS CORNER,12585.1,2019-01-29 08:27:00-05,
2024-08-09 03:30:00-04,ND0228,N,8,70.29,0.86%,2,ND0228 - US 301 NB AT HYETTS CORNER,12585.1,2019-01-29 08:27:00-05,
2024-08-09 03:35:00-04,ND0228,N,3,64.09,0.29%,2,ND0228 - US 301 NB AT HYETTS CORNER,12585.1,2019-01-29 08:27:00-05,
2024-08-09 03:40:00-04,ND0228,N,6,66.19,0.50%,2,ND0228 - US 301 NB AT HYETTS CORNER,12585.1,2019-01-29 08:27:00-05,
2024-08-09 03:45:00-04,ND0228,N,8,75.04,0.51%,2,ND0228 - US 301 NB AT HYETTS CORNER,12585.1,2019-01-29 08:27:00-05,
2024-08-09 03:50:00-04,ND0228,N,4,66.73,0.47%,2,ND0228 - US 301 NB AT HYETTS CORNER,12585.1,2019-01-29 08:27:00-05,
2024-08-09 03:55:00-04,ND0228,N,10,71.55,0.69%,2,ND0228 - US 301 NB AT HYETTS CORNER,12585.1,2019-01-29 08:27:00-05,
2024-08-09 04:00:00-04,ND0228,N,8,70.14,0.65%,2,ND0228 - US 301 NB AT HYETTS CORNER,12585.1,2019-01-29 08:27:00-05,
2024-08-09 04:05:00-04,ND0228,N,3,64.08,0.20%,2,ND0228 - US 301 NB AT HYETTS CORNER,12585.1,2019-01-29 08:27:00-05,
2024-08-09 04:10:00-04,ND0228,N,5,61.92,0.39%,2,ND0228 - US 301 NB AT HYETTS CORNER,12585.1,2019-01-29 08:27:00-05,
2024-08-09 04:15:00-04,ND0228,N,6,69.37,0.47%,2,ND0228 - US 301 NB AT HYETTS CORNER,12585.1,2019-01-29 08:27:00-05,
2024-08-09 04:20:00-04,ND0228,N,12,74.72,0.62%,2,ND0228 - US 301 NB AT HYETTS CORNER,12585.1,2019-01-29 08:27:00-05,
2024-08-09 04:25:00-04,ND0228,N,7,76.67,0.64%,2,ND0228 - US 301 NB AT HYETTS CORNER,12585.1,2019-01-29 08:27:00-05,
2024-08-09 04:30:00-04,ND0228,N,6,72.01,0.41%,2,ND0228 - US 301 NB AT HYETTS CORNER,12585.1,2019-01-29 08:27:00-05,
2024-08-09 04:35:00-04,ND0228,N,7,71.38,0.36%,2,ND0228 - US 301 NB AT HYETTS CORNER,12585.1,2019-01-29 08:27:00-05,
2024-08-09 04:40:00-04,ND0228,N,15,72.36,0.77%,2,ND0228 - US 301 NB AT HYETTS CORNER,12585.1,2019-01-29 08:27:00-05,
2024-08-09 04:45:00-04,ND0228,N,7,74.25,0.52%,2,ND0228 - US 301 NB AT HYETTS CORNER,12585.1,2019-01-29 08:27:00-05,
2024-08-09 04:50:00-04,ND0228,N,8,75.24,0.38%,2,ND0228 - US 301 NB AT HYETTS CORNER,12585.1,2019-01-29 08:27:00-05,
2024-08-09 04:55:00-04,ND0228,N,5,69.81,0.29%,2,ND0228 - US 301 NB AT HYETTS CORNER,12585.1,2019-01-29 08:27:00-05,
2024-08-09 05:00:00-04,ND0228,N,11,72.61,0.56%,2,ND0228 - US 301 NB AT HYETTS CORNER,12585.1,2019-01-29 08:27:00-05,
2024-08-09 05:05:00-04,ND0228,N,15,71.93,0.88%,2,ND0228 - US 301 NB AT HYETTS CORNER,12585.1,2019-01-29 08:27:00-05,
2024-08-09 05:10:00-04,ND0228,N,17,70.01,1.12%,2,ND0228 - US 301 NB AT HYETTS CORNER,12585.1,2019-01-29 08:27:00-05,
2024-08-09 05:15:00-04,ND0228,N,28,73.23,1.71%,2,ND0228 - US 301 NB AT HYETTS CORNER,12585.1,2019-01-29 08:27:00-05,
2024-08-09 05:20:00-04,ND0228,N,17,70.55,0.76%,2,ND0228 - US 301 NB AT HYETTS CORNER,12585.1,2019-01-29 08:27:00-05,
2024-08-09 05:25:00-04,ND0228,N,29,73.81,1.38%,2,ND0228 - US 301 NB AT HYETTS CORNER,12585.1,2019-01-29 08:27:00-05,
2024-08-09 05:30:00-04,ND0228,N,18,70.38,1.05%,2,ND0228 - US 301 NB AT HYETTS CORNER,12585.1,2019-01-29 08:27:00-05,
2024-08-09 05:35:00-04,ND0228,N,14,69.52,0.91%,2,ND0228 - US 301 NB AT HYETTS CORNER,12585.1,2019-01-29 08:27:00-05,
2024-08-09 05:40:00-04,ND0228,N,30,73.31,1.38%,2,ND0228 - US 301 NB AT HYETTS CORNER,12585.1,2019-01-29 08:27:00-05,
2024-08-09 05:45:00-04,ND0228,N,33,74.61,1.54%,2,ND0228 - US 301 NB AT HYETTS CORNER,12585.1,2019-01-29 08:27:00-05,
2024-08-09 05:50:00-04,ND0228,N,27,74.92,1.13%,2,ND0228 - US 301 NB AT HYETTS CORNER,12585.1,2019-01-29 08:27:00-05,
2024-08-09 05:55:00-04,ND0228,N,28,74.43,1.40%,2,ND0228 - US 301 NB AT HYETTS CORNER,12585.1,2019-01-29 08:27:00-05,
2024-08-09 06:00:00-04,ND0228,N,20,77.01,0.73%,2,ND0228 - US 301 NB AT HYETTS CORNER,12585.1,2019-01-29 08:27:00-05,
2024-08-09 06:05:00-04,ND0228,N,39,75.45,1.93%,2,ND0228 - US 301 NB AT HYETTS CORNER,12585.1,2019-01-29 08:27:00-05,
2024-08-09 06:10:00-04,ND0228,N,42,75.63,2.01%,2,ND0228 - US 301 NB AT HYETTS CORNER,12585.1,2019-01-29 08:27:00-05,
2024-08-09 06:15:00-04,ND0228,N,50,76.54,2.31%,2,ND0228 - US 301 NB AT HYETTS CORNER,12585.1,2019-01-29 08:27:00-05,
2024-08-09 06:20:00-04,ND0228,N,45,74.91,2.28%,2,ND0228 - US 301 NB AT HYETTS CORNER,12585.1,2019-01-29 08:27:00-05,
2024-08-09 06:25:00-04,ND0228,N,36,77.02,1.27%,2,ND0228 - US 301 NB AT HYETTS CORNER,12585.1,2019-01-29 08:27:00-05,
2024-08-09 06:30:00-04,ND0228,N,78,76.79,3.68%,2,ND0228 - US 301 NB AT HYETTS CORNER,12585.1,2019-01-29 08:27:00-05,
2024-08-09 06:35:00-04,ND0228,N,61,77.49,2.28%,2,ND0228 - US 301 NB AT HYETTS CORNER,12585.1,2019-01-29 08:27:00-05,
2024-08-09 06:40:00-04,ND0228,N,61,77.00,2.51%,2,ND0228 - US 301 NB AT HYETTS CORNER,12585.1,2019-01-29 08:27:00-05,
2024-08-09 06:45:00-04,ND0228,N,57,75.64,2.56%,2,ND0228 - US 301 NB AT HYETTS CORNER,12585.1,2019-01-29 08:27:00-05,
2024-08-09 06:50:00-04,ND0228,N,43,75.54,1.71%,2,ND0228 - US 301 NB AT HYETTS CORNER,12585.1,2019-01-29 08:27:00-05,
2024-08-09 06:55:00-04,ND0228,N,42,76.17,1.83%,2,ND0228 - US 301 NB AT HYETTS CORNER,12585.1,2019-01-29 08:27:00-05,
2024-08-09 07:00:00-04,ND0228,N,46,75.55,2.11%,2,ND0228 - US 301 NB AT HYETTS CORNER,12585.1,2019-01-29 08:27:00-05,
2024-08-09 07:05:00-04,ND0228,N,45,76.06,2.02%,2,ND0228 - US 301 NB AT HYETTS CORNER,12585.1,2019-01-29 08:27:00-05,
2024-08-09 07:10:00-04,ND0228,N,44,76.40,1.78%,2,ND0228 - US 301 NB AT HYETTS CORNER,12585.1,2019-01-29 08:27:00-05,
2024-08-09 07:15:00-04,ND0228,N,59,74.40,2.47%,2,ND0228 - US 301 NB AT HYETTS CORNER,12585.1,2019-01-29 08:27:00-05,
2024-08-09 07:20:00-04,ND0228,N,74,73.43,3.03%,2,ND0228 - US 301 NB AT HYETTS CORNER,12585.1,2019-01-29 08:27:00-05,
2024-08-09 07:25:00-04,ND0228,N,52,70.08,2.69%,2,ND0228 - US 301 NB AT HYETTS CORNER,12585.1,2019-01-29 08:27:00-05,
2024-08-09 07:30:00-04,ND0228,N,57,69.11,3.75%,2,ND0228 - US 301 NB AT HYETTS CORNER,12585.1,2019-01-29 08:27:00-05,
2024-08-09 07:35:00-04,ND0228,N,66,66.50,3.60%,2,ND0228 - US 301 NB AT HYETTS CORNER,12585.1,2019-01-29 08:27:00-05,
2024-08-09 07:40:00-04,ND0228,N,72,70.53,3.29%,2,ND0228 - US 301 NB AT HYETTS CORNER,12585.1,2019-01-29 08:27:00-05,
2024-08-09 07:45:00-04,ND0228,N,70,73.57,3.20%,2,ND0228 - US 301 NB AT HYETTS CORNER,12585.1,2019-01-29 08:27:00-05,
2024-08-09 07:50:00-04,ND0228,N,62,72.17,2.70%,2,ND0228 - US 301 NB AT HYETTS CORNER,12585.1,2019-01-29 08:27:00-05,
2024-08-09 07:55:00-04,ND0228,N,53,70.52,2.41%,2,ND0228 - US 301 NB AT HYETTS CORNER,12585.1,2019-01-29 08:27:00-05,
2024-08-09 08:00:00-04,ND0228,N,62,75.14,2.57%,2,ND0228 - US 301 NB AT HYETTS CORNER,12585.1,2019-01-29 08:27:00-05,
2024-08-09 08:05:00-04,ND0228,N,53,73.58,2.72%,2,ND0228 - US 301 NB AT HYETTS CORNER,12585.1,2019-01-29 08:27:00-05,
2024-08-09 08:10:00-04,ND0228,N,63,77.18,2.55%,2,ND0228 - US 301 NB AT HYETTS CORNER,12585.1,2019-01-29 08:27:00-05,
2024-08-09 08:15:00-04,ND0228,N,48,75.85,1.81%,2,ND0228 - US 301 NB AT HYETTS CORNER,12585.1,2019-01-29 08:27:00-05,
2024-08-09 08:20:00-04,ND0228,N,72,72.48,2.92%,2,ND0228 - US 301 NB AT HYETTS CORNER,12585.1,2019-01-29 08:27:00-05,
2024-08-09 08:25:00-04,ND0228,N,71,72.64,3.03%,2,ND0228 - US 301 NB AT HYETTS CORNER,12585.1,2019-01-29 08:27:00-05,
2024-08-09 08:30:00-04,ND0228,N,76,74.47,3.13%,2,ND0228 - US 301 NB AT HYETTS CORNER,12585.1,2019-01-29 08:27:00-05,
2024-08-09 08:35:00-04,ND0228,N,32,75.48,1.12%,2,ND0228 - US 301 NB AT HYETTS CORNER,12585.1,2019-01-29 08:27:00-05,
2024-08-09 08:40:00-04,ND0228,N,33,76.20,1.15%,2,ND0228 - US 301 NB AT HYETTS CORNER,12585.1,2019-01-29 08:27:00-05,
2024-08-09 08:45:00-04,ND0228,N,64,75.45,2.46%,2,ND0228 - US 301 NB AT HYETTS CORNER,12585.1,2019-01-29 08:27:00-05,
2024-08-09 08:50:00-04,ND0228,N,52,74.60,2.38%,2,ND0228 - US 301 NB AT HYETTS CORNER,12585.1,2019-01-29 08:27:00-05,
2024-08-09 08:55:00-04,ND0228,N,50,73.14,2.27%,2,ND0228 - US 301 NB AT HYETTS CORNER,12585.1,2019-01-29 08:27:00-05,
2024-08-09 09:00:00-04,ND0228,N,49,74.61,2.08%,2,ND0228 - US 301 NB AT HYETTS CORNER,12585.1,2019-01-29 08:27:00-05,
2024-08-09 09:05:00-04,ND0228,N,39,73.49,1.94%,2,ND0228 - US 301 NB AT HYETTS CORNER,12585.1,2019-01-29 08:27:00-05,
2024-08-09 09:10:00-04,ND0228,N,54,74.31,2.38%,2,ND0228 - US 301 NB AT HYETTS CORNER,12585.1,2019-01-29 08:27:00-05,
2024-08-09 09:15:00-04,ND0228,N,49,75.94,2.19%,2,ND0228 - US 301 NB AT HYETTS CORNER,12585.1,2019-01-29 08:27:00-05,
2024-08-09 09:20:00-04,ND0228,N,48,72.27,1.94%,2,ND0228 - US 301 NB AT HYETTS CORNER,12585.1,2019-01-29 08:27:00-05,
2024-08-09 09:25:00-04,ND0228,N,45,73.92,1.64%,2,ND0228 - US 301 NB AT HYETTS CORNER,12585.1,2019-01-29 08:27:00-05,
2024-08-09 09:30:00-04,ND0228,N,50,74.54,1.96%,2,ND0228 - US 301 NB AT HYETTS CORNER,12585.1,2019-01-29 08:27:00-05,
2024-08-09 09:35:00-04,ND0228,N,42,75.89,1.90%,2,ND0228 - US 301 NB AT HYETTS CORNER,12585.1,2019-01-29 08:27:00-05,
2024-08-09 09:40:00-04,ND0228,N,52,75.91,2.24%,2,ND0228 - US 301 NB AT HYETTS CORNER,12585.1,2019-01-29 08:27:00-05,
2024-08-09 09:45:00-04,ND0228,N,43,77.25,1.67%,2,ND0228 - US 301 NB AT HYETTS CORNER,12585.1,2019-01-29 08:27:00-05,
2024-08-09 09:50:00-04,ND0228,N,51,74.27,2.23%,2,ND0228 - US 301 NB AT HYETTS CORNER,12585.1,2019-01-29 08:27:00-05,
2024-08-09 09:55:00-04,ND0228,N,44,74.48,2.13%,2,ND0228 - US 301 NB AT HYETTS CORNER,12585.1,2019-01-29 08:27:00-05,
2024-08-09 10:00:00-04,ND0228,N,38,74.41,1.56%,2,ND0228 - US 301 NB AT HYETTS CORNER,12585.1,2019-01-29 08:27:00-05,
2024-08-09 10:05:00-04,ND0228,N,48,73.09,2.39%,2,ND0228 - US 301 NB AT HYETTS CORNER,12585.1,2019-01-29 08:27:00-05,
2024-08-09 10:10:00-04,ND0228,N,42,73.38,2.04%,2,ND0228 - US 301 NB AT HYETTS CORNER,12585.1,2019-01-29 08:27:00-05,
2024-08-09 10:15:00-04,ND0228,N,54,73.30,2.51%,2,ND0228 - US 301 NB AT HYETTS CORNER,12585.1,2019-01-29 08:27:00-05,
2024-08-09 10:20:00-04,ND0228,N,39,73.71,1.97%,2,ND0228 - US 301 NB AT HYETTS CORNER,12585.1,2019-01-29 08:27:00-05,
2024-08-09 10:25:00-04,ND0228,N,43,77.07,1.73%,2,ND0228 - US 301 NB AT HYETTS CORNER,12585.1,2019-01-29 08:27:00-05,
2024-08-09 10:30:00-04,ND0228,N,45,75.16,1.77%,2,ND0228 - US 301 NB AT HYETTS CORNER,12585.1,2019-01-29 08:27:00-05,
2024-08-09 10:35:00-04,ND0228,N,53,73.76,2.30%,2,ND0228 - US 301 NB AT HYETTS CORNER,12585.1,2019-01-29 08:27:00-05,
2024-08-09 10:40:00-04,ND0228,N,45,74.66,2.00%,2,ND0228 - US 301 NB AT HYETTS CORNER,12585.1,2019-01-29 08:27:00-05,
2024-08-09 10:45:00-04,ND0228,N,58,72.61,2.95%,2,ND0228 - US 301 NB AT HYETTS CORNER,12585.1,2019-01-29 08:27:00-05,
2024-08-09 10:50:00-04,ND0228,N,25,72.63,0.95%,2,ND0228 - US 301 NB AT HYETTS CORNER,12585.1,2019-01-29 08:27:00-05,
2024-08-09 10:55:00-04,ND0228,N,48,70.72,2.66%,2,ND0228 - US 301 NB AT HYETTS CORNER,12585.1,2019-01-29 08:27:00-05,
2024-08-09 11:00:00-04,ND0228,N,32,73.99,1.34%,2,ND0228 - US 301 NB AT HYETTS CORNER,12585.1,2019-01-29 08:27:00-05,
2024-08-09 11:05:00-04,ND0228,N,39,74.36,1.70%,2,ND0228 - US 301 NB AT HYETTS CORNER,12585.1,2019-01-29 08:27:00-05,
2024-08-09 11:10:00-04,ND0228,N,35,75.95,1.76%,2,ND0228 - US 301 NB AT HYETTS CORNER,12585.1,2019-01-29 08:27:00-05,
2024-08-09 11:15:00-04,ND0228,N,48,74.24,1.88%,2,ND0228 - US 301 NB AT HYETTS CORNER,12585.1,2019-01-29 08:27:00-05,
2024-08-09 11:20:00-04,ND0228,N,43,76.99,1.64%,2,ND0228 - US 301 NB AT HYETTS CORNER,12585.1,2019-01-29 08:27:00-05,
2024-08-09 11:25:00-04,ND0228,N,57,76.55,2.57%,2,ND0228 - US 301 NB AT HYETTS CORNER,12585.1,2019-01-29 08:27:00-05,
2024-08-09 11:30:00-04,ND0228,N,46,75.11,2.20%,2,ND0228 - US 301 NB AT HYETTS CORNER,12585.1,2019-01-29 08:27:00-05,
2024-08-09 11:35:00-04,ND0228,N,39,73.66,1.73%,2,ND0228 - US 301 NB AT HYETTS CORNER,12585.1,2019-01-29 08:27:00-05,
2024-08-09 11:40:00-04,ND0228,N,37,74.41,1.90%,2,ND0228 - US 301 NB AT HYETTS CORNER,12585.1,2019-01-29 08:27:00-05,
2024-08-09 11:45:00-04,ND0228,N,36,73.13,1.95%,2,ND0228 - US 301 NB AT HYETTS CORNER,12585.1,2019-01-29 08:27:00-05,
2024-08-09 11:50:00-04,ND0228,N,43,74.38,2.08%,2,ND0228 - US 301 NB AT HYETTS CORNER,12585.1,2019-01-29 08:27:00-05,
2024-08-09 11:55:00-04,ND0228,N,44,75.13,2.04%,2,ND0228 - US 301 NB AT HYETTS CORNER,12585.1,2019-01-29 08:27:00-05,
2024-08-09 12:00:00-04,ND0228,N,39,74.08,1.73%,2,ND0228 - US 301 NB AT HYETTS CORNER,12585.1,2019-01-29 08:27:00-05,
2024-08-09 12:05:00-04,ND0228,N,40,73.46,1.53%,2,ND0228 - US 301 NB AT HYETTS CORNER,12585.1,2019-01-29 08:27:00-05,
2024-08-09 12:10:00-04,ND0228,N,28,74.26,1.25%,2,ND0228 - US 301 NB AT HYETTS CORNER,12585.1,2019-01-29 08:27:00-05,
2024-08-09 12:15:00-04,ND0228,N,46,71.21,2.27%,2,ND0228 - US 301 NB AT HYETTS CORNER,12585.1,2019-01-29 08:27:00-05,
2024-08-09 12:20:00-04,ND0228,N,39,70.43,1.84%,2,ND0228 - US 301 NB AT HYETTS CORNER,12585.1,2019-01-29 08:27:00-05,
2024-08-09 12:25:00-04,ND0228,N,45,73.18,2.08%,2,ND0228 - US 301 NB AT HYETTS CORNER,12585.1,2019-01-29 08:27:00-05,
2024-08-09 12:30:00-04,ND0228,N,40,75.56,1.67%,2,ND0228 - US 301 NB AT HYETTS CORNER,12585.1,2019-01-29 08:27:00-05,
2024-08-09 12:35:00-04,ND0228,N,34,73.16,1.46%,2,ND0228 - US 301 NB AT HYETTS CORNER,12585.1,2019-01-29 08:27:00-05,
2024-08-09 12:40:00-04,ND0228,N,38,73.87,1.89%,2,ND0228 - US 301 NB AT HYETTS CORNER,12585.1,2019-01-29 08:27:00-05,
2024-08-09 12:45:00-04,ND0228,N,44,71.31,2.07%,2,ND0228 - US 301 NB AT HYETTS CORNER,12585.1,2019-01-29 08:27:00-05,
2024-08-09 12:50:00-04,ND0228,N,49,73.69,2.44%,2,ND0228 - US 301 NB AT HYETTS CORNER,12585.1,2019-01-29 08:27:00-05,
2024-08-09 12:55:00-04,ND0228,N,39,73.31,1.68%,2,ND0228 - US 301 NB AT HYETTS CORNER,12585.1,2019-01-29 08:27:00-05,
2024-08-09 13:00:00-04,ND0228,N,46,75.97,1.76%,2,ND0228 - US 301 NB AT HYETTS CORNER,12585.1,2019-01-29 08:27:00-05,
2024-08-09 13:05:00-04,ND0228,N,30,76.70,1.09%,2,ND0228 - US 301 NB AT HYETTS CORNER,12585.1,2019-01-29 08:27:00-05,
2024-08-09 13:10:00-04,ND0228,N,53,75.86,2.22%,2,ND0228 - US 301 NB AT HYETTS CORNER,12585.1,2019-01-29 08:27:00-05,
2024-08-09 13:15:00-04,ND0228,N,45,72.88,1.82%,2,ND0228 - US 301 NB AT HYETTS CORNER,12585.1,2019-01-29 08:27:00-05,
2024-08-09 13:20:00-04,ND0228,N,27,77.24,1.17%,2,ND0228 - US 301 NB AT HYETTS CORNER,12585.1,2019-01-29 08:27:00-05,
2024-08-09 13:25:00-04,ND0228,N,50,73.35,2.32%,2,ND0228 - US 301 NB AT HYETTS CORNER,12585.1,2019-01-29 08:27:00-05,
2024-08-09 13:30:00-04,ND0228,N,33,73.58,1.44%,2,ND0228 - US 301 NB AT HYETTS CORNER,12585.1,2019-01-29 08:27:00-05,
2024-08-09 13:35:00-04,ND0228,N,41,74.23,2.03%,2,ND0228 - US 301 NB AT HYETTS CORNER,12585.1,2019-01-29 08:27:00-05,
2024-08-09 13:40:00-04,ND0228,N,37,74.32,1.74%,2,ND0228 - US 301 NB AT HYETTS CORNER,12585.1,2019-01-29 08:27:00-05,
2024-08-09 13:45:00-04,ND0228,N,31,73.89,1.35%,2,ND0228 - US 301 NB AT HYETTS CORNER,12585.1,2019-01-29 08:27:00-05,
2024-08-09 13:50:00-04,ND0228,N,45,74.94,2.44%,2,ND0228 - US 301 NB AT HYETTS CORNER,12585.1,2019-01-29 08:27:00-05,
2024-08-09 13:55:00-04,ND0228,N,45,76.79,1.79%,2,ND0228 - US 301 NB AT HYETTS CORNER,12585.1,2019-01-29 08:27:00-05,
2024-08-09 14:00:00-04,ND0228,N,43,75.71,2.22%,2,ND0228 - US 301 NB AT HYETTS CORNER,12585.1,2019-01-29 08:27:00-05,
2024-08-09 14:05:00-04,ND0228,N,53,73.64,2.46%,2,ND0228 - US 301 NB AT HYETTS CORNER,12585.1,2019-01-29 08:27:00-05,
2024-08-09 14:10:00-04,ND0228,N,34,75.28,1.55%,2,ND0228 - US 301 NB AT HYETTS CORNER,12585.1,2019-01-29 08:27:00-05,
2024-08-09 14:15:00-04,ND0228,N,33,76.99,1.45%,2,ND0228 - US 301 NB AT HYETTS CORNER,12585.1,2019-01-29 08:27:00-05,
2024-08-09 14:20:00-04,ND0228,N,35,75.33,1.42%,2,ND0228 - US 301 NB AT HYETTS CORNER,12585.1,2019-01-29 08:27:00-05,
2024-08-09 14:25:00-04,ND0228,N,54,72.70,2.63%,2,ND0228 - US 301 NB AT HYETTS CORNER,12585.1,2019-01-29 08:27:00-05,
2024-08-09 14:30:00-04,ND0228,N,30,74.97,1.16%,2,ND0228 - US 301 NB AT HYETTS CORNER,12585.1,2019-01-29 08:27:00-05,
2024-08-09 14:35:00-04,ND0228,N,48,72.45,2.10%,2,ND0228 - US 301 NB AT HYETTS CORNER,12585.1,2019-01-29 08:27:00-05,
2024-08-09 14:40:00-04,ND0228,N,46,76.40,1.76%,2,ND0228 - US 301 NB AT HYETTS CORNER,12585.1,2019-01-29 08:27:00-05,
2024-08-09 14:45:00-04,ND0228,N,36,76.50,1.65%,2,ND0228 - US 301 NB AT HYETTS CORNER,12585.1,2019-01-29 08:27:00-05,
2024-08-09 14:50:00-04,ND0228,N,49,74.26,2.17%,2,ND0228 - US 301 NB AT HYETTS CORNER,12585.1,2019-01-29 08:27:00-05,
2024-08-09 14:55:00-04,ND0228,N,34,76.74,1.78%,2,ND0228 - US 301 NB AT HYETTS CORNER,12585.1,2019-01-29 08:27:00-05,
2024-08-09 15:00:00-04,ND0228,N,40,76.71,1.80%,2,ND0228 - US 301 NB AT HYETTS CORNER,12585.1,2019-01-29 08:27:00-05,
2024-08-09 15:05:00-04,ND0228,N,54,76.65,2.21%,2,ND0228 - US 301 NB AT HYETTS CORNER,12585.1,2019-01-29 08:27:00-05,
2024-08-09 15:10:00-04,ND0228,N,36,74.91,1.78%,2,ND0228 - US 301 NB AT HYETTS CORNER,12585.1,2019-01-29 08:27:00-05,
2024-08-09 15:15:00-04,ND0228,N,41,76.91,1.66%,2,ND0228 - US 301 NB AT HYETTS CORNER,12585.1,2019-01-29 08:27:00-05,
2024-08-09 15:20:00-04,ND0228,N,52,75.48,1.90%,2,ND0228 - US 301 NB AT HYETTS CORNER,12585.1,2019-01-29 08:27:00-05,
2024-08-09 15:25:00-04,ND0228,N,39,73.31,1.60%,2,ND0228 - US 301 NB AT HYETTS CORNER,12585.1,2019-01-29 08:27:00-05,
2024-08-09 15:30:00-04,ND0228,N,52,72.55,2.30%,2,ND0228 - US 301 NB AT HYETTS CORNER,12585.1,2019-01-29 08:27:00-05,
2024-08-09 15:35:00-04,ND0228,N,47,71.81,2.20%,2,ND0228 - US 301 NB AT HYETTS CORNER,12585.1,2019-01-29 08:27:00-05,
2024-08-09 15:40:00-04,ND0228,N,39,71.80,1.59%,2,ND0228 - US 301 NB AT HYETTS CORNER,12585.1,2019-01-29 08:27:00-05,
2024-08-09 15:45:00-04,ND0228,N,32,73.35,1.21%,2,ND0228 - US 301 NB AT HYETTS CORNER,12585.1,2019-01-29 08:27:00-05,
2024-08-09 15:50:00-04,ND0228,N,48,70.80,2.19%,2,ND0228 - US 301 NB AT HYETTS CORNER,12585.1,2019-01-29 08:27:00-05,
2024-08-09 15:55:00-04,ND0228,N,38,72.17,1.45%,2,ND0228 - US 301 NB AT HYETTS CORNER,12585.1,2019-01-29 08:27:00-05,
2024-08-09 16:00:00-04,ND0228,N,48,70.39,2.17%,2,ND0228 - US 301 NB AT HYETTS CORNER,12585.1,2019-01-29 08:27:00-05,
2024-08-09 16:05:00-04,ND0228,N,39,69.82,1.82%,2,ND0228 - US 301 NB AT HYETTS CORNER,12585.1,2019-01-29 08:27:00-05,
2024-08-09 16:10:00-04,ND0228,N,47,72.61,2.20%,2,ND0228 - US 301 NB AT HYETTS CORNER,12585.1,2019-01-29 08:27:00-05,
2024-08-09 16:15:00-04,ND0228,N,41,77.00,1.57%,2,ND0228 - US 301 NB AT HYETTS CORNER,12585.1,2019-01-29 08:27:00-05,
2024-08-09 16:20:00-04,ND0228,N,42,74.78,1.69%,2,ND0228 - US 301 NB AT HYETTS CORNER,12585.1,2019-01-29 08:27:00-05,
2024-08-09 16:25:00-04,ND0228,N,35,72.70,1.34%,2,ND0228 - US 301 NB AT HYETTS CORNER,12585.1,2019-01-29 08:27:00-05,
2024-08-09 16:30:00-04,ND0228,N,49,75.88,2.01%,2,ND0228 - US 301 NB AT HYETTS CORNER,12585.1,2019-01-29 08:27:00-05,
2024-08-09 16:35:00-04,ND0228,N,44,72.72,2.04%,2,ND0228 - US 301 NB AT HYETTS CORNER,12585.1,2019-01-29 08:27:00-05,
2024-08-09 16:40:00-04,ND0228,N,49,77.69,1.73%,2,ND0228 - US 301 NB AT HYETTS CORNER,12585.1,2019-01-29 08:27:00-05,
2024-08-09 16:45:00-04,ND0228,N,42,77.60,1.54%,2,ND0228 - US 301 NB AT HYETTS CORNER,12585.1,2019-01-29 08:27:00-05,
2024-08-09 16:50:00-04,ND0228,N,31,75.58,1.21%,2,ND0228 - US 301 NB AT HYETTS CORNER,12585.1,2019-01-29 08:27:00-05,
2024-08-09 16:55:00-04,ND0228,N,34,75.85,1.42%,2,ND0228 - US 301 NB AT HYETTS CORNER,12585.1,2019-01-29 08:27:00-05,
2024-08-09 17:00:00-04,ND0228,N,40,76.20,1.61%,2,ND0228 - US 301 NB AT HYETTS CORNER,12585.1,2019-01-29 08:27:00-05,
2024-08-09 17:05:00-04,ND0228,N,50,77.34,1.72%,2,ND0228 - US 301 NB AT HYETTS CORNER,12585.1,2019-01-29 08:27:00-05,
2024-08-09 17:10:00-04,ND0228,N,41,77.27,1.42%,2,ND0228 - US 301 NB AT HYETTS CORNER,12585.1,2019-01-29 08:27:00-05,
2024-08-09 17:15:00-04,ND0228,N,49,75.18,2.15%,2,ND0228 - US 301 NB AT HYETTS CORNER,12585.1,2019-01-29 08:27:00-05,
2024-08-09 17:20:00-04,ND0228,N,51,76.98,2.09%,2,ND0228 - US 301 NB AT HYETTS CORNER,12585.1,2019-01-29 08:27:00-05,
2024-08-09 17:25:00-04,ND0228,N,42,77.18,1.58%,2,ND0228 - US 301 NB AT HYETTS CORNER,12585.1,2019-01-29 08:27:00-05,
2024-08-09 17:30:00-04,ND0228,N,43,76.85,1.72%,2,ND0228 - US 301 NB AT HYETTS CORNER,12585.1,2019-01-29 08:27:00-05,
2024-08-09 17:35:00-04,ND0228,N,45,77.30,1.84%,2,ND0228 - US 301 NB AT HYETTS CORNER,12585.1,2019-01-29 08:27:00-05,
2024-08-09 17:40:00-04,ND0228,N,51,76.62,1.87%,2,ND0228 - US 301 NB AT HYETTS CORNER,12585.1,2019-01-29 08:27:00-05,
2024-08-09 17:45:00-04,ND0228,N,47,75.54,1.91%,2,ND0228 - US 301 NB AT HYETTS CORNER,12585.1,2019-01-29 08:27:00-05,
2024-08-09 17:50:00-04,ND0228,N,45,75.04,1.79%,2,ND0228 - US 301 NB AT HYETTS CORNER,12585.1,2019-01-29 08:27:00-05,
2024-08-09 17:55:00-04,ND0228,N,49,74.88,2.14%,2,ND0228 - US 301 NB AT HYETTS CORNER,12585.1,2019-01-29 08:27:00-05,
2024-08-09 18:00:00-04,ND0228,N,39,77.41,1.58%,2,ND0228 - US 301 NB AT HYETTS CORNER,12585.1,2019-01-29 08:27:00-05,
2024-08-09 18:05:00-04,ND0228,N,44,75.74,1.72%,2,ND0228 - US 301 NB AT HYETTS CORNER,12585.1,2019-01-29 08:27:00-05,
2024-08-09 18:10:00-04,ND0228,N,60,75.44,2.72%,2,ND0228 - US 301 NB AT HYETTS CORNER,12585.1,2019-01-29 08:27:00-05,
2024-08-09 18:15:00-04,ND0228,N,42,76.04,2.08%,2,ND0228 - US 301 NB AT HYETTS CORNER,12585.1,2019-01-29 08:27:00-05,
2024-08-09 18:20:00-04,ND0228,N,49,77.76,1.86%,2,ND0228 - US 301 NB AT HYETTS CORNER,12585.1,2019-01-29 08:27:00-05,
2024-08-09 18:25:00-04,ND0228,N,53,75.93,2.43%,2,ND0228 - US 301 NB AT HYETTS CORNER,12585.1,2019-01-29 08:27:00-05,
2024-08-09 18:30:00-04,ND0228,N,61,77.42,2.45%,2,ND0228 - US 301 NB AT HYETTS CORNER,12585.1,2019-01-29 08:27:00-05,
2024-08-09 18:35:00-04,ND0228,N,59,76.06,2.50%,2,ND0228 - US 301 NB AT HYETTS CORNER,12585.1,2019-01-29 08:27:00-05,
2024-08-09 18:40:00-04,ND0228,N,73,76.93,2.90%,2,ND0228 - US 301 NB AT HYETTS CORNER,12585.1,2019-01-29 08:27:00-05,
2024-08-09 18:45:00-04,ND0228,N,48,78.73,1.89%,2,ND0228 - US 301 NB AT HYETTS CORNER,12585.1,2019-01-29 08:27:00-05,
2024-08-09 18:50:00-04,ND0228,N,30,76.30,1.29%,2,ND0228 - US 301 NB AT HYETTS CORNER,12585.1,2019-01-29 08:27:00-05,
2024-08-09 18:55:00-04,ND0228,N,46,74.78,1.86%,2,ND0228 - US 301 NB AT HYETTS CORNER,12585.1,2019-01-29 08:27:00-05,
2024-08-09 19:00:00-04,ND0228,N,37,77.43,1.27%,2,ND0228 - US 301 NB AT HYETTS CORNER,12585.1,2019-01-29 08:27:00-05,
2024-08-09 19:05:00-04,ND0228,N,47,75.52,2.07%,2,ND0228 - US 301 NB AT HYETTS CORNER,12585.1,2019-01-29 08:27:00-05,
2024-08-09 19:10:00-04,ND0228,N,44,78.69,1.89%,2,ND0228 - US 301 NB AT HYETTS CORNER,12585.1,2019-01-29 08:27:00-05,
2024-08-09 19:15:00-04,ND0228,N,42,77.36,1.84%,2,ND0228 - US 301 NB AT HYETTS CORNER,12585.1,2019-01-29 08:27:00-05,
2024-08-09 19:20:00-04,ND0228,N,33,77.91,1.37%,2,ND0228 - US 301 NB AT HYETTS CORNER,12585.1,2019-01-29 08:27:00-05,
2024-08-09 19:25:00-04,ND0228,N,43,75.56,1.84%,2,ND0228 - US 301 NB AT HYETTS CORNER,12585.1,2019-01-29 08:27:00-05,
2024-08-09 19:30:00-04,ND0228,N,34,77.63,1.35%,2,ND0228 - US 301 NB AT HYETTS CORNER,12585.1,2019-01-29 08:27:00-05,
2024-08-09 19:35:00-04,ND0228,N,26,76.00,1.01%,2,ND0228 - US 301 NB AT HYETTS CORNER,12585.1,2019-01-29 08:27:00-05,
2024-08-09 19:40:00-04,ND0228,N,32,78.15,1.39%,2,ND0228 - US 301 NB AT HYETTS CORNER,12585.1,2019-01-29 08:27:00-05,
2024-08-09 19:45:00-04,ND0228,N,29,75.17,1.37%,2,ND0228 - US 301 NB AT HYETTS CORNER,12585.1,2019-01-29 08:27:00-05,
2024-08-09 19:50:00-04,ND0228,N,35,79.26,1.35%,2,ND0228 - US 301 NB AT HYETTS CORNER,12585.1,2019-01-29 08:27:00-05,
2024-08-09 19:55:00-04,ND0228,N,25,76.76,0.89%,2,ND0228 - US 301 NB AT HYETTS CORNER,12585.1,2019-01-29 08:27:00-05,
2024-08-09 20:00:00-04,ND0228,N,27,77.36,1.05%,2,ND0228 - US 301 NB AT HYETTS CORNER,12585.1,2019-01-29 08:27:00-05,
2024-08-09 20:05:00-04,ND0228,N,29,75.15,1.21%,2,ND0228 - US 301 NB AT HYETTS CORNER,12585.1,2019-01-29 08:27:00-05,
2024-08-09 20:10:00-04,ND0228,N,23,72.97,1.27%,2,ND0228 - US 301 NB AT HYETTS CORNER,12585.1,2019-01-29 08:27:00-05,
2024-08-09 20:15:00-04,ND0228,N,29,75.37,1.03%,2,ND0228 - US 301 NB AT HYETTS CORNER,12585.1,2019-01-29 08:27:00-05,
2024-08-09 20:20:00-04,ND0228,N,16,74.13,0.59%,2,ND0228 - US 301 NB AT HYETTS CORNER,12585.1,2019-01-29 08:27:00-05,
2024-08-09 20:25:00-04,ND0228,N,23,73.88,1.09%,2,ND0228 - US 301 NB AT HYETTS CORNER,12585.1,2019-01-29 08:27:00-05,
2024-08-09 20:30:00-04,ND0228,N,11,72.31,0.42%,2,ND0228 - US 301 NB AT HYETTS CORNER,12585.1,2019-01-29 08:27:00-05,
2024-08-09 20:35:00-04,ND0228,N,15,76.71,0.64%,2,ND0228 - US 301 NB AT HYETTS CORNER,12585.1,2019-01-29 08:27:00-05,
2024-08-09 20:40:00-04,ND0228,N,10,68.92,0.55%,2,ND0228 - US 301 NB AT HYETTS CORNER,12585.1,2019-01-29 08:27:00-05,
2024-08-09 20:45:00-04,ND0228,N,23,70.61,1.00%,2,ND0228 - US 301 NB AT HYETTS CORNER,12585.1,2019-01-29 08:27:00-05,
2024-08-09 20:50:00-04,ND0228,N,28,74.27,1.11%,2,ND0228 - US 301 NB AT HYETTS CORNER,12585.1,2019-01-29 08:27:00-05,
2024-08-09 20:55:00-04,ND0228,N,14,74.58,0.73%,2,ND0228 - US 301 NB AT HYETTS CORNER,12585.1,2019-01-29 08:27:00-05,
2024-08-09 21:00:00-04,ND0228,N,15,71.91,0.56%,2,ND0228 - US 301 NB AT HYETTS CORNER,12585.1,2019-01-29 08:27:00-05,
2024-08-09 21:05:00-04,ND0228,N,15,73.69,0.86%,2,ND0228 - US 301 NB AT HYETTS CORNER,12585.1,2019-01-29 08:27:00-05,
2024-08-09 21:10:00-04,ND0228,N,13,78.81,0.55%,2,ND0228 - US 301 NB AT HYETTS CORNER,12585.1,2019-01-29 08:27:00-05,
2024-08-09 21:15:00-04,ND0228,N,16,69.76,0.88%,2,ND0228 - US 301 NB AT HYETTS CORNER,12585.1,2019-01-29 08:27:00-05,
2024-08-09 21:20:00-04,ND0228,N,19,73.60,1.01%,2,ND0228 - US 301 NB AT HYETTS CORNER,12585.1,2019-01-29 08:27:00-05,
2024-08-09 21:25:00-04,ND0228,N,21,73.93,1.05%,2,ND0228 - US 301 NB AT HYETTS CORNER,12585.1,2019-01-29 08:27:00-05,
2024-08-09 21:30:00-04,ND0228,N,14,75.02,0.63%,2,ND0228 - US 301 NB AT HYETTS CORNER,12585.1,2019-01-29 08:27:00-05,
2024-08-09 21:35:00-04,ND0228,N,12,71.94,0.46%,2,ND0228 - US 301 NB AT HYETTS CORNER,12585.1,2019-01-29 08:27:00-05,
2024-08-09 21:40:00-04,ND0228,N,14,71.56,0.80%,2,ND0228 - US 301 NB AT HYETTS CORNER,12585.1,2019-01-29 08:27:00-05,
2024-08-09 21:45:00-04,ND0228,N,14,71.60,0.52%,2,ND0228 - US 301 NB AT HYETTS CORNER,12585.1,2019-01-29 08:27:00-05,
2024-08-09 21:50:00-04,ND0228,N,13,71.95,0.87%,2,ND0228 - US 301 NB AT HYETTS CORNER,12585.1,2019-01-29 08:27:00-05,
2024-08-09 21:55:00-04,ND0228,N,20,77.78,0.95%,2,ND0228 - US 301 NB AT HYETTS CORNER,12585.1,2019-01-29 08:27:00-05,
2024-08-09 22:00:00-04,ND0228,N,18,72.55,1.05%,2,ND0228 - US 301 NB AT HYETTS CORNER,12585.1,2019-01-29 08:27:00-05,
2024-08-09 22:05:00-04,ND0228,N,18,73.11,0.73%,2,ND0228 - US 301 NB AT HYETTS CORNER,12585.1,2019-01-29 08:27:00-05,
2024-08-09 22:10:00-04,ND0228,N,12,71.84,0.43%,2,ND0228 - US 301 NB AT HYETTS CORNER,12585.1,2019-01-29 08:27:00-05,
2024-08-09 22:15:00-04,ND0228,N,18,74.24,0.82%,2,ND0228 - US 301 NB AT HYETTS CORNER,12585.1,2019-01-29 08:27:00-05,
2024-08-09 22:20:00-04,ND0228,N,9,75.67,0.61%,2,ND0228 - US 301 NB AT HYETTS CORNER,12585.1,2019-01-29 08:27:00-05,
2024-08-09 22:25:00-04,ND0228,N,12,69.54,0.77%,2,ND0228 - US 301 NB AT HYETTS CORNER,12585.1,2019-01-29 08:27:00-05,
2024-08-09 22:30:00-04,ND0228,N,11,71.40,0.40%,2,ND0228 - US 301 NB AT HYETTS CORNER,12585.1,2019-01-29 08:27:00-05,
2024-08-09 22:35:00-04,ND0228,N,7,68.36,0.97%,1,ND0228 - US 301 NB AT HYETTS CORNER,12585.1,2019-01-29 08:27:00-05,
2024-08-09 22:40:00-04,ND0228,N,6,71.93,0.25%,2,ND0228 - US 301 NB AT HYETTS CORNER,12585.1,2019-01-29 08:27:00-05,
2024-08-09 22:45:00-04,ND0228,N,13,72.31,0.57%,2,ND0228 - US 301 NB AT HYETTS CORNER,12585.1,2019-01-29 08:27:00-05,
2024-08-09 22:50:00-04,ND0228,N,12,73.19,0.54%,2,ND0228 - US 301 NB AT HYETTS CORNER,12585.1,2019-01-29 08:27:00-05,
2024-08-09 22:55:00-04,ND0228,N,14,72.79,0.76%,2,ND0228 - US 301 NB AT HYETTS CORNER,12585.1,2019-01-29 08:27:00-05,
2024-08-09 23:00:00-04,ND0228,N,10,69.11,0.70%,2,ND0228 - US 301 NB AT HYETTS CORNER,12585.1,2019-01-29 08:27:00-05,
2024-08-09 23:05:00-04,ND0228,N,8,72.76,0.28%,2,ND0228 - US 301 NB AT HYETTS CORNER,12585.1,2019-01-29 08:27:00-05,
2024-08-09 23:10:00-04,ND0228,N,9,74.91,0.53%,2,ND0228 - US 301 NB AT HYETTS CORNER,12585.1,2019-01-29 08:27:00-05,
2024-08-09 23:15:00-04,ND0228,N,9,70.33,0.36%,2,ND0228 - US 301 NB AT HYETTS CORNER,12585.1,2019-01-29 08:27:00-05,
2024-08-09 23:20:00-04,ND0228,N,13,70.93,1.07%,2,ND0228 - US 301 NB AT HYETTS CORNER,12585.1,2019-01-29 08:27:00-05,
2024-08-09 23:25:00-04,ND0228,N,6,68.91,0.50%,2,ND0228 - US 301 NB AT HYETTS CORNER,12585.1,2019-01-29 08:27:00-05,
2024-08-09 23:30:00-04,ND0228,N,6,70.18,0.27%,2,ND0228 - US 301 NB AT HYETTS CORNER,12585.1,2019-01-29 08:27:00-05,
2024-08-09 23:35:00-04,ND0228,N,6,71.65,0.26%,2,ND0228 - US 301 NB AT HYETTS CORNER,12585.1,2019-01-29 08:27:00-05,
2024-08-09 23:40:00-04,ND0228,N,11,72.73,0.40%,2,ND0228 - US 301 NB AT HYETTS CORNER,12585.1,2019-01-29 08:27:00-05,
2024-08-09 23:45:00-04,ND0228,N,8,72.17,0.65%,1,ND0228 - US 301 NB AT HYETTS CORNER,12585.1,2019-01-29 08:27:00-05,
2024-08-09 23:50:00-04,ND0228,N,7,71.91,0.25%,2,ND0228 - US 301 NB AT HYETTS CORNER,12585.1,2019-01-29 08:27:00-05,
2024-08-09 23:55:00-04,ND0228,N,7,71.87,0.42%,2,ND0228 - US 301 NB AT HYETTS CORNER,12585.1,2019-01-29 08:27:00-05,
2024-08-10 00:00:00-04,ND0228,N,15,69.12,0.95%,2,ND0228 - US 301 NB AT HYETTS CORNER,12585.1,2019-01-29 08:27:00-05,
2024-08-10 00:05:00-04,ND0228,N,6,69.52,0.64%,1,ND0228 - US 301 NB AT HYETTS CORNER,12585.1,2019-01-29 08:27:00-05,
2024-08-10 00:10:00-04,ND0228,N,7,63.80,0.52%,2,ND0228 - US 301 NB AT HYETTS CORNER,12585.1,2019-01-29 08:27:00-05,
2024-08-10 00:15:00-04,ND0228,N,11,68.67,0.73%,2,ND0228 - US 301 NB AT HYETTS CORNER,12585.1,2019-01-29 08:27:00-05,
2024-08-10 00:20:00-04,ND0228,N,18,74.66,0.85%,2,ND0228 - US 301 NB AT HYETTS CORNER,12585.1,2019-01-29 08:27:00-05,
2024-08-10 00:25:00-04,ND0228,N,10,68.97,0.66%,2,ND0228 - US 301 NB AT HYETTS CORNER,12585.1,2019-01-29 08:27:00-05,
2024-08-10 00:30:00-04,ND0228,N,10,73.17,0.57%,2,ND0228 - US 301 NB AT HYETTS CORNER,12585.1,2019-01-29 08:27:00-05,
2024-08-10 00:35:00-04,ND0228,N,5,67.83,0.54%,2,ND0228 - US 301 NB AT HYETTS CORNER,12585.1,2019-01-29 08:27:00-05,
2024-08-10 00:40:00-04,ND0228,N,6,73.05,0.41%,2,ND0228 - US 301 NB AT HYETTS CORNER,12585.1,2019-01-29 08:27:00-05,
2024-08-10 00:45:00-04,ND0228,N,8,70.27,0.57%,2,ND0228 - US 301 NB AT HYETTS CORNER,12585.1,2019-01-29 08:27:00-05,
2024-08-10 00:50:00-04,ND0228,N,5,70.38,0.57%,1,ND0228 - US 301 NB AT HYETTS CORNER,12585.1,2019-01-29 08:27:00-05,
2024-08-10 00:55:00-04,ND0228,N,10,71.51,0.43%,2,ND0228 - US 301 NB AT HYETTS CORNER,12585.1,2019-01-29 08:27:00-05,
2024-08-10 01:00:00-04,ND0228,N,11,70.29,0.70%,2,ND0228 - US 301 NB AT HYETTS CORNER,12585.1,2019-01-29 08:27:00-05,
2024-08-10 01:05:00-04,ND0228,N,9,73.31,0.62%,2,ND0228 - US 301 NB AT HYETTS CORNER,12585.1,2019-01-29 08:27:00-05,
2024-08-10 01:10:00-04,ND0228,N,4,66.43,0.36%,2,ND0228 - US 301 NB AT HYETTS CORNER,12585.1,2019-01-29 08:27:00-05,
2024-08-10 01:15:00-04,ND0228,N,7,66.12,0.38%,2,ND0228 - US 301 NB AT HYETTS CORNER,12585.1,2019-01-29 08:27:00-05,
2024-08-10 01:20:00-04,ND0228,N,4,69.08,0.17%,2,ND0228 - US 301 NB AT HYETTS CORNER,12585.1,2019-01-29 08:27:00-05,
2024-08-10 01:25:00-04,ND0228,N,3,75.21,0.10%,2,ND0228 - US 301 NB AT HYETTS CORNER,12585.1,2019-01-29 08:27:00-05,
2024-08-10 01:30:00-04,ND0228,N,1,69.95,0.07%,1,ND0228 - US 301 NB AT HYETTS CORNER,12585.1,2019-01-29 08:27:00-05,
2024-08-10 01:35:00-04,ND0228,N,5,72.94,0.31%,2,ND0228 - US 301 NB AT HYETTS CORNER,12585.1,2019-01-29 08:27:00-05,
2024-08-10 01:40:00-04,ND0228,N,4,68.11,1.13%,1,ND0228 - US 301 NB AT HYETTS CORNER,12585.1,2019-01-29 08:27:00-05,
2024-08-10 01:45:00-04,ND0228,N,4,70.84,0.47%,2,ND0228 - US 301 NB AT HYETTS CORNER,12585.1,2019-01-29 08:27:00-05,
2024-08-10 01:50:00-04,ND0228,N,7,68.29,0.59%,2,ND0228 - US 301 NB AT HYETTS CORNER,12585.1,2019-01-29 08:27:00-05,
2024-08-10 01:55:00-04,ND0228,N,3,62.66,0.37%,2,ND0228 - US 301 NB AT HYETTS CORNER,12585.1,2019-01-29 08:27:00-05,
2024-08-10 02:00:00-04,ND0228,N,3,71.25,0.21%,2,ND0228 - US 301 NB AT HYETTS CORNER,12585.1,2019-01-29 08:27:00-05,
2024-08-10 02:05:00-04,ND0228,N,2,66.28,0.28%,2,ND0228 - US 301 NB AT HYETTS CORNER,12585.1,2019-01-29 08:27:00-05,
2024-08-10 02:15:00-04,ND0228,N,5,71.82,0.18%,2,ND0228 - US 301 NB AT HYETTS CORNER,12585.1,2019-01-29 08:27:00-05,
2024-08-10 02:20:00-04,ND0228,N,6,70.27,0.30%,2,ND0228 - US 301 NB AT HYETTS CORNER,12585.1,2019-01-29 08:27:00-05,
2024-08-10 02:25:00-04,ND0228,N,6,70.42,0.44%,2,ND0228 - US 301 NB AT HYETTS CORNER,12585.1,2019-01-29 08:27:00-05,
2024-08-10 02:30:00-04,ND0228,N,2,74.76,0.16%,2,ND0228 - US 301 NB AT HYETTS CORNER,12585.1,2019-01-29 08:27:00-05,
2024-08-10 02:35:00-04,ND0228,N,7,77.48,0.66%,2,ND0228 - US 301 NB AT HYETTS CORNER,12585.1,2019-01-29 08:27:00-05,
2024-08-10 02:40:00-04,ND0228,N,4,72.63,0.31%,2,ND0228 - US 301 NB AT HYETTS CORNER,12585.1,2019-01-29 08:27:00-05,
2024-08-10 02:45:00-04,ND0228,N,2,63.15,0.33%,1,ND0228 - US 301 NB AT HYETTS CORNER,12585.1,2019-01-29 08:27:00-05,
2024-08-10 02:50:00-04,ND0228,N,2,73.91,0.34%,1,ND0228 - US 301 NB AT HYETTS CORNER,12585.1,2019-01-29 08:27:00-05,
2024-08-10 02:55:00-04,ND0228,N,3,66.92,0.42%,1,ND0228 - US 301 NB AT HYETTS CORNER,12585.1,2019-01-29 08:27:00-05,
2024-08-10 03:00:00-04,ND0228,N,2,72.83,0.54%,1,ND0228 - US 301 NB AT HYETTS CORNER,12585.1,2019-01-29 08:27:00-05,
2024-08-10 03:05:00-04,ND0228,N,2,68.75,0.37%,1,ND0228 - US 301 NB AT HYETTS CORNER,12585.1,2019-01-29 08:27:00-05,
2024-08-10 03:10:00-04,ND0228,N,4,66.21,0.96%,1,ND0228 - US 301 NB AT HYETTS CORNER,12585.1,2019-01-29 08:27:00-05,
2024-08-10 03:15:00-04,ND0228,N,8,79.25,0.36%,2,ND0228 - US 301 NB AT HYETTS CORNER,12585.1,2019-01-29 08:27:00-05,
2024-08-10 03:20:00-04,ND0228,N,2,74.06,0.15%,1,ND0228 - US 301 NB AT HYETTS CORNER,12585.1,2019-01-29 08:27:00-05,
2024-08-10 03:25:00-04,ND0228,N,2,61.07,0.45%,1,ND0228 - US 301 NB AT HYETTS CORNER,12585.1,2019-01-29 08:27:00-05,
2024-08-10 03:30:00-04,ND0228,N,2,74.60,0.29%,1,ND0228 - US 301 NB AT HYETTS CORNER,12585.1,2019-01-29 08:27:00-05,
2024-08-10 03:35:00-04,ND0228,N,6,70.86,0.42%,2,ND0228 - US 301 NB AT HYETTS CORNER,12585.1,2019-01-29 08:27:00-05,
2024-08-10 03:40:00-04,ND0228,N,4,73.36,0.23%,2,ND0228 - US 301 NB AT HYETTS CORNER,12585.1,2019-01-29 08:27:00-05,
2024-08-10 03:45:00-04,ND0228,N,3,68.66,0.24%,1,ND0228 - US 301 NB AT HYETTS CORNER,12585.1,2019-01-29 08:27:00-05,
2024-08-10 03:50:00-04,ND0228,N,4,70.24,1.06%,1,ND0228 - US 301 NB AT HYETTS CORNER,12585.1,2019-01-29 08:27:00-05,
2024-08-10 03:55:00-04,ND0228,N,3,74.83,0.10%,2,ND0228 - US 301 NB AT HYETTS CORNER,12585.1,2019-01-29 08:27:00-05,
2024-08-10 04:00:00-04,ND0228,N,3,67.22,0.74%,1,ND0228 - US 301 NB AT HYETTS CORNER,12585.1,2019-01-29 08:27:00-05,
2024-08-10 04:05:00-04,ND0228,N,8,74.88,0.67%,2,ND0228 - US 301 NB AT HYETTS CORNER,12585.1,2019-01-29 08:27:00-05,
2024-08-10 04:15:00-04,ND0228,N,4,69.19,0.23%,2,ND0228 - US 301 NB AT HYETTS CORNER,12585.1,2019-01-29 08:27:00-05,
2024-08-10 04:20:00-04,ND0228,N,5,75.00,0.27%,2,ND0228 - US 301 NB AT HYETTS CORNER,12585.1,2019-01-29 08:27:00-05,
2024-08-10 04:25:00-04,ND0228,N,6,72.63,0.36%,2,ND0228 - US 301 NB AT HYETTS CORNER,12585.1,2019-01-29 08:27:00-05,
2024-08-10 04:30:00-04,ND0228,N,7,72.63,0.37%,2,ND0228 - US 301 NB AT HYETTS CORNER,12585.1,2019-01-29 08:27:00-05,
2024-08-10 04:35:00-04,ND0228,N,8,75.63,0.49%,2,ND0228 - US 301 NB AT HYETTS CORNER,12585.1,2019-01-29 08:27:00-05,
2024-08-10 04:40:00-04,ND0228,N,8,73.94,0.54%,2,ND0228 - US 301 NB AT HYETTS CORNER,12585.1,2019-01-29 08:27:00-05,
2024-08-10 04:45:00-04,ND0228,N,4,71.67,0.36%,2,ND0228 - US 301 NB AT HYETTS CORNER,12585.1,2019-01-29 08:27:00-05,
2024-08-10 04:50:00-04,ND0228,N,6,76.34,0.30%,2,ND0228 - US 301 NB AT HYETTS CORNER,12585.1,2019-01-29 08:27:00-05,
2024-08-10 04:55:00-04,ND0228,N,7,72.70,0.44%,2,ND0228 - US 301 NB AT HYETTS CORNER,12585.1,2019-01-29 08:27:00-05,
2024-08-10 05:00:00-04,ND0228,N,8,72.03,0.49%,2,ND0228 - US 301 NB AT HYETTS CORNER,12585.1,2019-01-29 08:27:00-05,
2024-08-10 05:05:00-04,ND0228,N,5,76.58,0.20%,2,ND0228 - US 301 NB AT HYETTS CORNER,12585.1,2019-01-29 08:27:00-05,
2024-08-10 05:10:00-04,ND0228,N,3,67.77,0.42%,1,ND0228 - US 301 NB AT HYETTS CORNER,12585.1,2019-01-29 08:27:00-05,
2024-08-10 05:15:00-04,ND0228,N,9,76.44,0.30%,2,ND0228 - US 301 NB AT HYETTS CORNER,12585.1,2019-01-29 08:27:00-05,
2024-08-10 05:20:00-04,ND0228,N,11,75.10,0.52%,2,ND0228 - US 301 NB AT HYETTS CORNER,12585.1,2019-01-29 08:27:00-05,
2024-08-10 05:25:00-04,ND0228,N,9,76.34,0.51%,2,ND0228 - US 301 NB AT HYETTS CORNER,12585.1,2019-01-29 08:27:00-05,
2024-08-10 05:30:00-04,ND0228,N,8,76.28,0.39%,2,ND0228 - US 301 NB AT HYETTS CORNER,12585.1,2019-01-29 08:27:00-05,
2024-08-10 05:35:00-04,ND0228,N,13,75.53,0.77%,2,ND0228 - US 301 NB AT HYETTS CORNER,12585.1,2019-01-29 08:27:00-05,
2024-08-10 05:40:00-04,ND0228,N,14,73.10,0.99%,2,ND0228 - US 301 NB AT HYETTS CORNER,12585.1,2019-01-29 08:27:00-05,
2024-08-10 05:45:00-04,ND0228,N,9,77.22,0.63%,2,ND0228 - US 301 NB AT HYETTS CORNER,12585.1,2019-01-29 08:27:00-05,
2024-08-10 05:50:00-04,ND0228,N,9,77.56,0.44%,2,ND0228 - US 301 NB AT HYETTS CORNER,12585.1,2019-01-29 08:27:00-05,
2024-08-10 05:55:00-04,ND0228,N,13,73.88,0.69%,2,ND0228 - US 301 NB AT HYETTS CORNER,12585.1,2019-01-29 08:27:00-05,
2024-08-10 06:00:00-04,ND0228,N,22,81.11,0.88%,2,ND0228 - US 301 NB AT HYETTS CORNER,12585.1,2019-01-29 08:27:00-05,
2024-08-10 06:05:00-04,ND0228,N,8,79.65,0.25%,2,ND0228 - US 301 NB AT HYETTS CORNER,12585.1,2019-01-29 08:27:00-05,
2024-08-10 06:10:00-04,ND0228,N,7,72.56,0.26%,2,ND0228 - US 301 NB AT HYETTS CORNER,12585.1,2019-01-29 08:27:00-05,
2024-08-10 06:15:00-04,ND0228,N,15,77.12,0.54%,2,ND0228 - US 301 NB AT HYETTS CORNER,12585.1,2019-01-29 08:27:00-05,
2024-08-10 06:20:00-04,ND0228,N,15,74.43,1.18%,1,ND0228 - US 301 NB AT HYETTS CORNER,12585.1,2019-01-29 08:27:00-05,
2024-08-10 06:25:00-04,ND0228,N,19,75.09,0.82%,2,ND0228 - US 301 NB AT HYETTS CORNER,12585.1,2019-01-29 08:27:00-05,
2024-08-10 06:30:00-04,ND0228,N,23,74.84,0.99%,2,ND0228 - US 301 NB AT HYETTS CORNER,12585.1,2019-01-29 08:27:00-05,
2024-08-10 06:35:00-04,ND0228,N,26,78.09,1.11%,2,ND0228 - US 301 NB AT HYETTS CORNER,12585.1,2019-01-29 08:27:00-05,
2024-08-10 06:40:00-04,ND0228,N,25,77.48,1.31%,2,ND0228 - US 301 NB AT HYETTS CORNER,12585.1,2019-01-29 08:27:00-05,
2024-08-10 06:45:00-04,ND0228,N,17,74.01,0.74%,2,ND0228 - US 301 NB AT HYETTS CORNER,12585.1,2019-01-29 08:27:00-05,
2024-08-10 06:50:00-04,ND0228,N,16,73.18,0.80%,2,ND0228 - US 301 NB AT HYETTS CORNER,12585.1,2019-01-29 08:27:00-05,
2024-08-10 06:55:00-04,ND0228,N,13,74.29,1.25%,1,ND0228 - US 301 NB AT HYETTS CORNER,12585.1,2019-01-29 08:27:00-05,
2024-08-10 07:00:00-04,ND0228,N,23,74.49,1.22%,2,ND0228 - US 301 NB AT HYETTS CORNER,12585.1,2019-01-29 08:27:00-05,
2024-08-10 07:05:00-04,ND0228,N,20,78.64,0.66%,2,ND0228 - US 301 NB AT HYETTS CORNER,12585.1,2019-01-29 08:27:00-05,
2024-08-10 07:10:00-04,ND0228,N,22,76.36,0.79%,2,ND0228 - US 301 NB AT HYETTS CORNER,12585.1,2019-01-29 08:27:00-05,
2024-08-10 07:15:00-04,ND0228,N,17,77.21,0.66%,2,ND0228 - US 301 NB AT HYETTS CORNER,12585.1,2019-01-29 08:27:00-05,
2024-08-10 07:20:00-04,ND0228,N,34,76.33,1.36%,2,ND0228 - US 301 NB AT HYETTS CORNER,12585.1,2019-01-29 08:27:00-05,
2024-08-10 07:25:00-04,ND0228,N,27,73.93,1.15%,2,ND0228 - US 301 NB AT HYETTS CORNER,12585.1,2019-01-29 08:27:00-05,
2024-08-10 07:30:00-04,ND0228,N,25,76.14,1.16%,2,ND0228 - US 301 NB AT HYETTS CORNER,12585.1,2019-01-29 08:27:00-05,
2024-08-10 07:35:00-04,ND0228,N,33,76.97,1.33%,2,ND0228 - US 301 NB AT HYETTS CORNER,12585.1,2019-01-29 08:27:00-05,
2024-08-10 07:40:00-04,ND0228,N,32,76.35,1.34%,2,ND0228 - US 301 NB AT HYETTS CORNER,12585.1,2019-01-29 08:27:00-05,
2024-08-10 07:45:00-04,ND0228,N,29,76.35,1.22%,2,ND0228 - US 301 NB AT HYETTS CORNER,12585.1,2019-01-29 08:27:00-05,
2024-08-10 07:50:00-04,ND0228,N,25,74.11,1.07%,2,ND0228 - US 301 NB AT HYETTS CORNER,12585.1,2019-01-29 08:27:00-05,
2024-08-10 07:55:00-04,ND0228,N,14,77.36,0.50%,2,ND0228 - US 301 NB AT HYETTS CORNER,12585.1,2019-01-29 08:27:00-05,
2024-08-10 08:00:00-04,ND0228,N,30,78.67,1.05%,2,ND0228 - US 301 NB AT HYETTS CORNER,12585.1,2019-01-29 08:27:00-05,
2024-08-10 08:05:00-04,ND0228,N,22,81.46,0.76%,2,ND0228 - US 301 NB AT HYETTS CORNER,12585.1,2019-01-29 08:27:00-05,
2024-08-10 08:10:00-04,ND0228,N,34,76.25,1.42%,2,ND0228 - US 301 NB AT HYETTS CORNER,12585.1,2019-01-29 08:27:00-05,
2024-08-10 08:15:00-04,ND0228,N,37,79.55,1.36%,2,ND0228 - US 301 NB AT HYETTS CORNER,12585.1,2019-01-29 08:27:00-05,
2024-08-10 08:20:00-04,ND0228,N,35,75.96,1.46%,2,ND0228 - US 301 NB AT HYETTS CORNER,12585.1,2019-01-29 08:27:00-05,
2024-08-10 08:25:00-04,ND0228,N,49,77.36,2.12%,2,ND0228 - US 301 NB AT HYETTS CORNER,12585.1,2019-01-29 08:27:00-05,
2024-08-10 08:30:00-04,ND0228,N,31,78.09,1.41%,2,ND0228 - US 301 NB AT HYETTS CORNER,12585.1,2019-01-29 08:27:00-05,
2024-08-10 08:35:00-04,ND0228,N,34,75.26,1.62%,2,ND0228 - US 301 NB AT HYETTS CORNER,12585.1,2019-01-29 08:27:00-05,
2024-08-10 08:40:00-04,ND0228,N,38,75.58,1.47%,2,ND0228 - US 301 NB AT HYETTS CORNER,12585.1,2019-01-29 08:27:00-05,
2024-08-10 08:45:00-04,ND0228,N,45,74.99,1.86%,2,ND0228 - US 301 NB AT HYETTS CORNER,12585.1,2019-01-29 08:27:00-05,
2024-08-10 08:50:00-04,ND0228,N,54,76.42,1.98%,2,ND0228 - US 301 NB AT HYETTS CORNER,12585.1,2019-01-29 08:27:00-05,
2024-08-10 08:55:00-04,ND0228,N,31,72.00,1.25%,2,ND0228 - US 301 NB AT HYETTS CORNER,12585.1,2019-01-29 08:27:00-05,
2024-08-10 09:00:00-04,ND0228,N,45,76.30,1.91%,2,ND0228 - US 301 NB AT HYETTS CORNER,12585.1,2019-01-29 08:27:00-05,
2024-08-10 09:05:00-04,ND0228,N,37,75.78,1.54%,2,ND0228 - US 301 NB AT HYETTS CORNER,12585.1,2019-01-29 08:27:00-05,
2024-08-10 09:10:00-04,ND0228,N,57,74.65,2.24%,2,ND0228 - US 301 NB AT HYETTS CORNER,12585.1,2019-01-29 08:27:00-05,
2024-08-10 09:15:00-04,ND0228,N,31,72.65,1.37%,2,ND0228 - US 301 NB AT HYETTS CORNER,12585.1,2019-01-29 08:27:00-05,
2024-08-10 09:20:00-04,ND0228,N,39,78.81,1.51%,2,ND0228 - US 301 NB AT HYETTS CORNER,12585.1,2019-01-29 08:27:00-05,
2024-08-10 09:25:00-04,ND0228,N,44,77.46,1.67%,2,ND0228 - US 301 NB AT HYETTS CORNER,12585.1,2019-01-29 08:27:00-05,
2024-08-10 09:30:00-04,ND0228,N,54,74.67,2.19%,2,ND0228 - US 301 NB AT HYETTS CORNER,12585.1,2019-01-29 08:27:00-05,
2024-08-10 09:35:00-04,ND0228,N,65,74.76,2.41%,2,ND0228 - US 301 NB AT HYETTS CORNER,12585.1,2019-01-29 08:27:00-05,
2024-08-10 09:40:00-04,ND0228,N,44,79.04,1.66%,2,ND0228 - US 301 NB AT HYETTS CORNER,12585.1,2019-01-29 08:27:00-05,
2024-08-10 09:45:00-04,ND0228,N,59,76.42,2.49%,2,ND0228 - US 301 NB AT HYETTS CORNER,12585.1,2019-01-29 08:27:00-05,
2024-08-10 09:50:00-04,ND0228,N,54,78.32,2.08%,2,ND0228 - US 301 NB AT HYETTS CORNER,12585.1,2019-01-29 08:27:00-05,
2024-08-10 09:55:00-04,ND0228,N,74,76.90,2.81%,2,ND0228 - US 301 NB AT HYETTS CORNER,12585.1,2019-01-29 08:27:00-05,
2024-08-10 10:00:00-04,ND0228,N,64,77.60,2.38%,2,ND0228 - US 301 NB AT HYETTS CORNER,12585.1,2019-01-29 08:27:00-05,
2024-08-10 10:05:00-04,ND0228,N,58,75.71,2.45%,2,ND0228 - US 301 NB AT HYETTS CORNER,12585.1,2019-01-29 08:27:00-05,
2024-08-10 10:10:00-04,ND0228,N,52,76.54,1.92%,2,ND0228 - US 301 NB AT HYETTS CORNER,12585.1,2019-01-29 08:27:00-05,
2024-08-10 10:15:00-04,ND0228,N,51,76.39,2.07%,2,ND0228 - US 301 NB AT HYETTS CORNER,12585.1,2019-01-29 08:27:00-05,
2024-08-10 10:20:00-04,ND0228,N,62,77.28,2.43%,2,ND0228 - US 301 NB AT HYETTS CORNER,12585.1,2019-01-29 08:27:00-05,
2024-08-10 10:25:00-04,ND0228,N,54,76.06,2.07%,2,ND0228 - US 301 NB AT HYETTS CORNER,12585.1,2019-01-29 08:27:00-05,
2024-08-10 10:30:00-04,ND0228,N,56,76.43,2.35%,2,ND0228 - US 301 NB AT HYETTS CORNER,12585.1,2019-01-29 08:27:00-05,
2024-08-10 10:35:00-04,ND0228,N,58,78.13,2.08%,2,ND0228 - US 301 NB AT HYETTS CORNER,12585.1,2019-01-29 08:27:00-05,
2024-08-10 10:40:00-04,ND0228,N,56,73.99,2.25%,2,ND0228 - US 301 NB AT HYETTS CORNER,12585.1,2019-01-29 08:27:00-05,
2024-08-10 10:45:00-04,ND0228,N,53,79.38,1.80%,2,ND0228 - US 301 NB AT HYETTS CORNER,12585.1,2019-01-29 08:27:00-05,
2024-08-10 10:50:00-04,ND0228,N,64,76.28,2.44%,2,ND0228 - US 301 NB AT HYETTS CORNER,12585.1,2019-01-29 08:27:00-05,
2024-08-10 10:55:00-04,ND0228,N,53,77.00,2.07%,2,ND0228 - US 301 NB AT HYETTS CORNER,12585.1,2019-01-29 08:27:00-05,
2024-08-10 11:00:00-04,ND0228,N,50,76.67,1.78%,2,ND0228 - US 301 NB AT HYETTS CORNER,12585.1,2019-01-29 08:27:00-05,
2024-08-10 11:05:00-04,ND0228,N,52,75.92,2.15%,2,ND0228 - US 301 NB AT HYETTS CORNER,12585.1,2019-01-29 08:27:00-05,
2024-08-10 11:10:00-04,ND0228,N,51,75.61,1.88%,2,ND0228 - US 301 NB AT HYETTS CORNER,12585.1,2019-01-29 08:27:00-05,
2024-08-10 11:15:00-04,ND0228,N,64,77.00,2.54%,2,ND0228 - US 301 NB AT HYETTS CORNER,12585.1,2019-01-29 08:27:00-05,
2024-08-10 11:20:00-04,ND0228,N,53,73.38,2.16%,2,ND0228 - US 301 NB AT HYETTS CORNER,12585.1,2019-01-29 08:27:00-05,
2024-08-10 11:25:00-04,ND0228,N,60,77.69,2.39%,2,ND0228 - US 301 NB AT HYETTS CORNER,12585.1,2019-01-29 08:27:00-05,
2024-08-10 11:30:00-04,ND0228,N,58,76.89,2.22%,2,ND0228 - US 301 NB AT HYETTS CORNER,12585.1,2019-01-29 08:27:00-05,
2024-08-10 11:35:00-04,ND0228,N,61,76.10,2.39%,2,ND0228 - US 301 NB AT HYETTS CORNER,12585.1,2019-01-29 08:27:00-05,
2024-08-10 11:40:00-04,ND0228,N,68,79.31,2.39%,2,ND0228 - US 301 NB AT HYETTS CORNER,12585.1,2019-01-29 08:27:00-05,
2024-08-10 11:45:00-04,ND0228,N,72,76.16,2.90%,2,ND0228 - US 301 NB AT HYETTS CORNER,12585.1,2019-01-29 08:27:00-05,
2024-08-10 11:50:00-04,ND0228,N,55,77.46,2.02%,2,ND0228 - US 301 NB AT HYETTS CORNER,12585.1,2019-01-29 08:27:00-05,
2024-08-10 11:55:00-04,ND0228,N,52,76.88,2.02%,2,ND0228 - US 301 NB AT HYETTS CORNER,12585.1,2019-01-29 08:27:00-05,
2024-08-10 12:00:00-04,ND0228,N,49,77.18,1.88%,2,ND0228 - US 301 NB AT HYETTS CORNER,12585.1,2019-01-29 08:27:00-05,
2024-08-10 12:05:00-04,ND0228,N,57,76.03,2.13%,2,ND0228 - US 301 NB AT HYETTS CORNER,12585.1,2019-01-29 08:27:00-05,
2024-08-10 12:10:00-04,ND0228,N,46,75.94,1.63%,2,ND0228 - US 301 NB AT HYETTS CORNER,12585.1,2019-01-29 08:27:00-05,
2024-08-10 12:15:00-04,ND0228,N,48,74.76,2.09%,2,ND0228 - US 301 NB AT HYETTS CORNER,12585.1,2019-01-29 08:27:00-05,
2024-08-10 12:20:00-04,ND0228,N,52,75.10,2.21%,2,ND0228 - US 301 NB AT HYETTS CORNER,12585.1,2019-01-29 08:27:00-05,
2024-08-10 12:25:00-04,ND0228,N,55,75.47,2.60%,2,ND0228 - US 301 NB AT HYETTS CORNER,12585.1,2019-01-29 08:27:00-05,
2024-08-10 12:30:00-04,ND0228,N,56,76.94,2.42%,2,ND0228 - US 301 NB AT HYETTS CORNER,12585.1,2019-01-29 08:27:00-05,
2024-08-10 12:35:00-04,ND0228,N,35,77.86,1.27%,2,ND0228 - US 301 NB AT HYETTS CORNER,12585.1,2019-01-29 08:27:00-05,
2024-08-10 12:40:00-04,ND0228,N,50,76.02,2.14%,2,ND0228 - US 301 NB AT HYETTS CORNER,12585.1,2019-01-29 08:27:00-05,
2024-08-10 12:45:00-04,ND0228,N,43,76.36,1.68%,2,ND0228 - US 301 NB AT HYETTS CORNER,12585.1,2019-01-29 08:27:00-05,
2024-08-10 12:50:00-04,ND0228,N,42,79.31,1.44%,2,ND0228 - US 301 NB AT HYETTS CORNER,12585.1,2019-01-29 08:27:00-05,
2024-08-10 12:55:00-04,ND0228,N,67,77.65,2.41%,2,ND0228 - US 301 NB AT HYETTS CORNER,12585.1,2019-01-29 08:27:00-05,
2024-08-10 13:00:00-04,ND0228,N,50,79.89,1.83%,2,ND0228 - US 301 NB AT HYETTS CORNER,12585.1,2019-01-29 08:27:00-05,
2024-08-10 13:05:00-04,ND0228,N,33,75.83,1.38%,2,ND0228 - US 301 NB AT HYETTS CORNER,12585.1,2019-01-29 08:27:00-05,
2024-08-10 13:10:00-04,ND0228,N,59,75.35,2.29%,2,ND0228 - US 301 NB AT HYETTS CORNER,12585.1,2019-01-29 08:27:00-05,
2024-08-10 13:15:00-04,ND0228,N,55,77.38,2.13%,2,ND0228 - US 301 NB AT HYETTS CORNER,12585.1,2019-01-29 08:27:00-05,
2024-08-10 13:20:00-04,ND0228,N,45,77.31,1.54%,2,ND0228 - US 301 NB AT HYETTS CORNER,12585.1,2019-01-29 08:27:00-05,
2024-08-10 13:25:00-04,ND0228,N,63,76.90,2.30%,2,ND0228 - US 301 NB AT HYETTS CORNER,12585.1,2019-01-29 08:27:00-05,
2024-08-10 13:30:00-04,ND0228,N,37,77.96,1.58%,2,ND0228 - US 301 NB AT HYETTS CORNER,12585.1,2019-01-29 08:27:00-05,
2024-08-10 13:35:00-04,ND0228,N,44,76.40,1.61%,2,ND0228 - US 301 NB AT HYETTS CORNER,12585.1,2019-01-29 08:27:00-05,
2024-08-10 13:40:00-04,ND0228,N,61,77.58,2.17%,2,ND0228 - US 301 NB AT HYETTS CORNER,12585.1,2019-01-29 08:27:00-05,
2024-08-10 13:45:00-04,ND0228,N,52,75.33,2.14%,2,ND0228 - US 301 NB AT HYETTS CORNER,12585.1,2019-01-29 08:27:00-05,
2024-08-10 13:50:00-04,ND0228,N,54,78.37,1.95%,2,ND0228 - US 301 NB AT HYETTS CORNER,12585.1,2019-01-29 08:27:00-05,
2024-08-10 13:55:00-04,ND0228,N,50,76.40,1.91%,2,ND0228 - US 301 NB AT HYETTS CORNER,12585.1,2019-01-29 08:27:00-05,
2024-08-10 14:00:00-04,ND0228,N,54,77.31,2.10%,2,ND0228 - US 301 NB AT HYETTS CORNER,12585.1,2019-01-29 08:27:00-05,
2024-08-10 14:05:00-04,ND0228,N,47,77.95,1.64%,2,ND0228 - US 301 NB AT HYETTS CORNER,12585.1,2019-01-29 08:27:00-05,
2024-08-10 14:10:00-04,ND0228,N,48,77.48,1.77%,2,ND0228 - US 301 NB AT HYETTS CORNER,12585.1,2019-01-29 08:27:00-05,
2024-08-10 14:15:00-04,ND0228,N,42,77.13,1.69%,2,ND0228 - US 301 NB AT HYETTS CORNER,12585.1,2019-01-29 08:27:00-05,
2024-08-10 14:20:00-04,ND0228,N,52,78.26,1.86%,2,ND0228 - US 301 NB AT HYETTS CORNER,12585.1,2019-01-29 08:27:00-05,
2024-08-10 14:25:00-04,ND0228,N,47,76.69,2.09%,2,ND0228 - US 301 NB AT HYETTS CORNER,12585.1,2019-01-29 08:27:00-05,
2024-08-10 14:30:00-04,ND0228,N,55,77.78,1.88%,2,ND0228 - US 301 NB AT HYETTS CORNER,12585.1,2019-01-29 08:27:00-05,
2024-08-10 14:35:00-04,ND0228,N,49,76.70,1.85%,2,ND0228 - US 301 NB AT HYETTS CORNER,12585.1,2019-01-29 08:27:00-05,
2024-08-10 14:40:00-04,ND0228,N,50,77.15,1.78%,2,ND0228 - US 301 NB AT HYETTS CORNER,12585.1,2019-01-29 08:27:00-05,
2024-08-10 14:45:00-04,ND0228,N,52,79.96,2.01%,2,ND0228 - US 301 NB AT HYETTS CORNER,12585.1,2019-01-29 08:27:00-05,
2024-08-10 14:50:00-04,ND0228,N,45,77.77,1.82%,2,ND0228 - US 301 NB AT HYETTS CORNER,12585.1,2019-01-29 08:27:00-05,
2024-08-10 14:55:00-04,ND0228,N,55,76.10,2.10%,2,ND0228 - US 301 NB AT HYETTS CORNER,12585.1,2019-01-29 08:27:00-05,
2024-08-10 15:00:00-04,ND0228,N,44,79.96,1.84%,2,ND0228 - US 301 NB AT HYETTS CORNER,12585.1,2019-01-29 08:27:00-05,
2024-08-10 15:05:00-04,ND0228,N,50,76.55,2.10%,2,ND0228 - US 301 NB AT HYETTS CORNER,12585.1,2019-01-29 08:27:00-05,
2024-08-10 15:10:00-04,ND0228,N,51,77.74,2.12%,2,ND0228 - US 301 NB AT HYETTS CORNER,12585.1,2019-01-29 08:27:00-05,
2024-08-10 15:15:00-04,ND0228,N,51,78.15,1.92%,2,ND0228 - US 301 NB AT HYETTS CORNER,12585.1,2019-01-29 08:27:00-05,
2024-08-10 15:20:00-04,ND0228,N,40,74.65,1.65%,2,ND0228 - US 301 NB AT HYETTS CORNER,12585.1,2019-01-29 08:27:00-05,
2024-08-10 15:25:00-04,ND0228,N,52,78.92,2.08%,2,ND0228 - US 301 NB AT HYETTS CORNER,12585.1,2019-01-29 08:27:00-05,
2024-08-10 15:30:00-04,ND0228,N,61,78.17,2.30%,2,ND0228 - US 301 NB AT HYETTS CORNER,12585.1,2019-01-29 08:27:00-05,
2024-08-10 15:35:00-04,ND0228,N,43,78.05,1.65%,2,ND0228 - US 301 NB AT HYETTS CORNER,12585.1,2019-01-29 08:27:00-05,
2024-08-10 15:40:00-04,ND0228,N,56,77.80,2.14%,2,ND0228 - US 301 NB AT HYETTS CORNER,12585.1,2019-01-29 08:27:00-05,
2024-08-10 15:45:00-04,ND0228,N,62,76.14,2.38%,2,ND0228 - US 301 NB AT HYETTS CORNER,12585.1,2019-01-29 08:27:00-05,
2024-08-10 15:50:00-04,ND0228,N,43,76.33,1.91%,2,ND0228 - US 301 NB AT HYETTS CORNER,12585.1,2019-01-29 08:27:00-05,
2024-08-10 15:55:00-04,ND0228,N,49,78.13,1.88%,2,ND0228 - US 301 NB AT HYETTS CORNER,12585.1,2019-01-29 08:27:00-05,
2024-08-10 16:00:00-04,ND0228,N,38,77.56,1.41%,2,ND0228 - US 301 NB AT HYETTS CORNER,12585.1,2019-01-29 08:27:00-05,
2024-08-10 16:05:00-04,ND0228,N,69,77.35,2.64%,2,ND0228 - US 301 NB AT HYETTS CORNER,12585.1,2019-01-29 08:27:00-05,
2024-08-10 16:10:00-04,ND0228,N,47,77.99,1.71%,2,ND0228 - US 301 NB AT HYETTS CORNER,12585.1,2019-01-29 08:27:00-05,
2024-08-10 16:15:00-04,ND0228,N,56,77.07,2.01%,2,ND0228 - US 301 NB AT HYETTS CORNER,12585.1,2019-01-29 08:27:00-05,
2024-08-10 16:20:00-04,ND0228,N,28,75.76,1.02%,2,ND0228 - US 301 NB AT HYETTS CORNER,12585.1,2019-01-29 08:27:00-05,
2024-08-10 16:25:00-04,ND0228,N,54,76.92,2.09%,2,ND0228 - US 301 NB AT HYETTS CORNER,12585.1,2019-01-29 08:27:00-05,
2024-08-10 16:30:00-04,ND0228,N,48,76.35,1.92%,2,ND0228 - US 301 NB AT HYETTS CORNER,12585.1,2019-01-29 08:27:00-05,
2024-08-10 16:35:00-04,ND0228,N,27,73.90,2.35%,1,ND0228 - US 301 NB AT HYETTS CORNER,12585.1,2019-01-29 08:27:00-05,
2024-08-10 16:40:00-04,ND0228,N,46,77.97,1.78%,2,ND0228 - US 301 NB AT HYETTS CORNER,12585.1,2019-01-29 08:27:00-05,
2024-08-10 16:45:00-04,ND0228,N,45,77.55,1.84%,2,ND0228 - US 301 NB AT HYETTS CORNER,12585.1,2019-01-29 08:27:00-05,
2024-08-10 16:50:00-04,ND0228,N,36,78.22,1.40%,2,ND0228 - US 301 NB AT HYETTS CORNER,12585.1,2019-01-29 08:27:00-05,
2024-08-10 16:55:00-04,ND0228,N,41,77.66,1.70%,2,ND0228 - US 301 NB AT HYETTS CORNER,12585.1,2019-01-29 08:27:00-05,
2024-08-10 17:00:00-04,ND0228,N,51,78.21,2.00%,2,ND0228 - US 301 NB AT HYETTS CORNER,12585.1,2019-01-29 08:27:00-05,
2024-08-10 17:05:00-04,ND0228,N,45,76.30,1.90%,2,ND0228 - US 301 NB AT HYETTS CORNER,12585.1,2019-01-29 08:27:00-05,
2024-08-10 17:10:00-04,ND0228,N,46,75.74,1.97%,2,ND0228 - US 301 NB AT HYETTS CORNER,12585.1,2019-01-29 08:27:00-05,
2024-08-10 17:15:00-04,ND0228,N,39,78.10,1.47%,2,ND0228 - US 301 NB AT HYETTS CORNER,12585.1,2019-01-29 08:27:00-05,
2024-08-10 17:20:00-04,ND0228,N,49,76.21,1.83%,2,ND0228 - US 301 NB AT HYETTS CORNER,12585.1,2019-01-29 08:27:00-05,
2024-08-10 17:25:00-04,ND0228,N,54,77.87,2.49%,2,ND0228 - US 301 NB AT HYETTS CORNER,12585.1,2019-01-29 08:27:00-05,
2024-08-10 17:30:00-04,ND0228,N,48,77.16,2.12%,2,ND0228 - US 301 NB AT HYETTS CORNER,12585.1,2019-01-29 08:27:00-05,
2024-08-10 17:35:00-04,ND0228,N,66,77.59,2.57%,2,ND0228 - US 301 NB AT HYETTS CORNER,12585.1,2019-01-29 08:27:00-05,
2024-08-10 17:40:00-04,ND0228,N,58,76.99,2.33%,2,ND0228 - US 301 NB AT HYETTS CORNER,12585.1,2019-01-29 08:27:00-05,
2024-08-10 17:45:00-04,ND0228,N,54,78.83,2.21%,2,ND0228 - US 301 NB AT HYETTS CORNER,12585.1,2019-01-29 08:27:00-05,
2024-08-10 17:50:00-04,ND0228,N,63,78.79,2.33%,2,ND0228 - US 301 NB AT HYETTS CORNER,12585.1,2019-01-29 08:27:00-05,
2024-08-10 17:55:00-04,ND0228,N,61,77.15,2.46%,2,ND0228 - US 301 NB AT HYETTS CORNER,12585.1,2019-01-29 08:27:00-05,
2024-08-10 18:00:00-04,ND0228,N,59,77.32,2.27%,2,ND0228 - US 301 NB AT HYETTS CORNER,12585.1,2019-01-29 08:27:00-05,
2024-08-10 18:05:00-04,ND0228,N,53,77.45,1.91%,2,ND0228 - US 301 NB AT HYETTS CORNER,12585.1,2019-01-29 08:27:00-05,
2024-08-10 18:10:00-04,ND0228,N,62,78.69,2.11%,2,ND0228 - US 301 NB AT HYETTS CORNER,12585.1,2019-01-29 08:27:00-05,
2024-08-10 18:15:00-04,ND0228,N,52,75.87,2.15%,2,ND0228 - US 301 NB AT HYETTS CORNER,12585.1,2019-01-29 08:27:00-05,
2024-08-10 18:20:00-04,ND0228,N,51,77.06,1.93%,2,ND0228 - US 301 NB AT HYETTS CORNER,12585.1,2019-01-29 08:27:00-05,
2024-08-10 18:25:00-04,ND0228,N,60,78.33,2.28%,2,ND0228 - US 301 NB AT HYETTS CORNER,12585.1,2019-01-29 08:27:00-05,
2024-08-10 18:30:00-04,ND0228,N,46,77.62,2.10%,2,ND0228 - US 301 NB AT HYETTS CORNER,12585.1,2019-01-29 08:27:00-05,
2024-08-10 18:35:00-04,ND0228,N,50,78.29,1.82%,2,ND0228 - US 301 NB AT HYETTS CORNER,12585.1,2019-01-29 08:27:00-05,
2024-08-10 18:40:00-04,ND0228,N,53,78.67,1.97%,2,ND0228 - US 301 NB AT HYETTS CORNER,12585.1,2019-01-29 08:27:00-05,
2024-08-10 18:45:00-04,ND0228,N,51,78.36,1.94%,2,ND0228 - US 301 NB AT HYETTS CORNER,12585.1,2019-01-29 08:27:00-05,
2024-08-10 18:50:00-04,ND0228,N,51,78.67,1.98%,2,ND0228 - US 301 NB AT HYETTS CORNER,12585.1,2019-01-29 08:27:00-05,
2024-08-10 18:55:00-04,ND0228,N,61,77.59,2.17%,2,ND0228 - US 301 NB AT HYETTS CORNER,12585.1,2019-01-29 08:27:00-05,
2024-08-10 19:00:00-04,ND0228,N,52,76.56,2.29%,2,ND0228 - US 301 NB AT HYETTS CORNER,12585.1,2019-01-29 08:27:00-05,
2024-08-10 19:05:00-04,ND0228,N,49,75.89,1.84%,2,ND0228 - US 301 NB AT HYETTS CORNER,12585.1,2019-01-29 08:27:00-05,
2024-08-10 19:10:00-04,ND0228,N,41,76.67,1.50%,2,ND0228 - US 301 NB AT HYETTS CORNER,12585.1,2019-01-29 08:27:00-05,
2024-08-10 19:15:00-04,ND0228,N,55,77.96,2.04%,2,ND0228 - US 301 NB AT HYETTS CORNER,12585.1,2019-01-29 08:27:00-05,
2024-08-10 19:20:00-04,ND0228,N,41,75.47,1.62%,2,ND0228 - US 301 NB AT HYETTS CORNER,12585.1,2019-01-29 08:27:00-05,
2024-08-10 19:25:00-04,ND0228,N,31,76.10,1.30%,2,ND0228 - US 301 NB AT HYETTS CORNER,12585.1,2019-01-29 08:27:00-05,
2024-08-10 19:30:00-04,ND0228,N,42,77.25,1.53%,2,ND0228 - US 301 NB AT HYETTS CORNER,12585.1,2019-01-29 08:27:00-05,
2024-08-10 19:35:00-04,ND0228,N,38,76.09,1.60%,2,ND0228 - US 301 NB AT HYETTS CORNER,12585.1,2019-01-29 08:27:00-05,
2024-08-10 19:40:00-04,ND0228,N,32,75.22,1.22%,2,ND0228 - US 301 NB AT HYETTS CORNER,12585.1,2019-01-29 08:27:00-05,
2024-08-10 19:45:00-04,ND0228,N,40,74.82,1.58%,2,ND0228 - US 301 NB AT HYETTS CORNER,12585.1,2019-01-29 08:27:00-05,
2024-08-10 19:50:00-04,ND0228,N,45,76.49,1.66%,2,ND0228 - US 301 NB AT HYETTS CORNER,12585.1,2019-01-29 08:27:00-05,
2024-08-10 19:55:00-04,ND0228,N,38,75.18,1.49%,2,ND0228 - US 301 NB AT HYETTS CORNER,12585.1,2019-01-29 08:27:00-05,
2024-08-10 20:00:00-04,ND0228,N,42,76.72,1.54%,2,ND0228 - US 301 NB AT HYETTS CORNER,12585.1,2019-01-29 08:27:00-05,
2024-08-10 20:05:00-04,ND0228,N,36,76.93,1.51%,2,ND0228 - US 301 NB AT HYETTS CORNER,12585.1,2019-01-29 08:27:00-05,
2024-08-10 20:10:00-04,ND0228,N,35,76.50,1.25%,2,ND0228 - US 301 NB AT HYETTS CORNER,12585.1,2019-01-29 08:27:00-05,
2024-08-10 20:15:00-04,ND0228,N,43,77.33,1.78%,2,ND0228 - US 301 NB AT HYETTS CORNER,12585.1,2019-01-29 08:27:00-05,
2024-08-10 20:20:00-04,ND0228,N,35,76.98,1.21%,2,ND0228 - US 301 NB AT HYETTS CORNER,12585.1,2019-01-29 08:27:00-05,
2024-08-10 20:25:00-04,ND0228,N,40,76.80,1.46%,2,ND0228 - US 301 NB AT HYETTS CORNER,12585.1,2019-01-29 08:27:00-05,
2024-08-10 20:30:00-04,ND0228,N,41,76.61,1.56%,2,ND0228 - US 301 NB AT HYETTS CORNER,12585.1,2019-01-29 08:27:00-05,
2024-08-10 20:35:00-04,ND0228,N,37,73.72,1.35%,2,ND0228 - US 301 NB AT HYETTS CORNER,12585.1,2019-01-29 08:27:00-05,
2024-08-10 20:40:00-04,ND0228,N,38,71.06,1.62%,2,ND0228 - US 301 NB AT HYETTS CORNER,12585.1,2019-01-29 08:27:00-05,
2024-08-10 20:45:00-04,ND0228,N,34,73.77,1.30%,2,ND0228 - US 301 NB AT HYETTS CORNER,12585.1,2019-01-29 08:27:00-05,
2024-08-10 20:50:00-04,ND0228,N,42,73.30,1.61%,2,ND0228 - US 301 NB AT HYETTS CORNER,12585.1,2019-01-29 08:27:00-05,
2024-08-10 20:55:00-04,ND0228,N,43,71.64,1.76%,2,ND0228 - US 301 NB AT HYETTS CORNER,12585.1,2019-01-29 08:27:00-05,
2024-08-10 21:00:00-04,ND0228,N,34,72.50,1.56%,2,ND0228 - US 301 NB AT HYETTS CORNER,12585.1,2019-01-29 08:27:00-05,
2024-08-10 21:05:00-04,ND0228,N,44,70.83,1.83%,2,ND0228 - US 301 NB AT HYETTS CORNER,12585.1,2019-01-29 08:27:00-05,
2024-08-10 21:10:00-04,ND0228,N,37,73.79,1.62%,2,ND0228 - US 301 NB AT HYETTS CORNER,12585.1,2019-01-29 08:27:00-05,
2024-08-10 21:15:00-04,ND0228,N,41,71.95,2.08%,2,ND0228 - US 301 NB AT HYETTS CORNER,12585.1,2019-01-29 08:27:00-05,
2024-08-10 21:20:00-04,ND0228,N,25,69.49,1.15%,2,ND0228 - US 301 NB AT HYETTS CORNER,12585.1,2019-01-29 08:27:00-05,
2024-08-10 21:25:00-04,ND0228,N,26,73.28,1.02%,2,ND0228 - US 301 NB AT HYETTS CORNER,12585.1,2019-01-29 08:27:00-05,
2024-08-10 21:30:00-04,ND0228,N,30,71.30,1.66%,2,ND0228 - US 301 NB AT HYETTS CORNER,12585.1,2019-01-29 08:27:00-05,
2024-08-10 21:35:00-04,ND0228,N,19,75.12,0.95%,2,ND0228 - US 301 NB AT HYETTS CORNER,12585.1,2019-01-29 08:27:00-05,
2024-08-10 21:40:00-04,ND0228,N,28,74.41,0.98%,2,ND0228 - US 301 NB AT HYETTS CORNER,12585.1,2019-01-29 08:27:00-05,
2024-08-10 21:45:00-04,ND0228,N,24,73.00,1.17%,2,ND0228 - US 301 NB AT HYETTS CORNER,12585.1,2019-01-29 08:27:00-05,
2024-08-10 21:50:00-04,ND0228,N,25,74.59,1.02%,2,ND0228 - US 301 NB AT HYETTS CORNER,12585.1,2019-01-29 08:27:00-05,
2024-08-10 21:55:00-04,ND0228,N,32,73.52,1.39%,2,ND0228 - US 301 NB AT HYETTS CORNER,12585.1,2019-01-29 08:27:00-05,
2024-08-10 22:00:00-04,ND0228,N,19,70.15,0.76%,2,ND0228 - US 301 NB AT HYETTS CORNER,12585.1,2019-01-29 08:27:00-05,
2024-08-10 22:05:00-04,ND0228,N,21,73.28,0.88%,2,ND0228 - US 301 NB AT HYETTS CORNER,12585.1,2019-01-29 08:27:00-05,
2024-08-10 22:10:00-04,ND0228,N,30,73.40,1.36%,2,ND0228 - US 301 NB AT HYETTS CORNER,12585.1,2019-01-29 08:27:00-05,
2024-08-10 22:15:00-04,ND0228,N,25,73.05,0.98%,2,ND0228 - US 301 NB AT HYETTS CORNER,12585.1,2019-01-29 08:27:00-05,
2024-08-10 22:20:00-04,ND0228,N,19,73.75,0.80%,2,ND0228 - US 301 NB AT HYETTS CORNER,12585.1,2019-01-29 08:27:00-05,
2024-08-10 22:25:00-04,ND0228,N,16,71.47,0.89%,2,ND0228 - US 301 NB AT HYETTS CORNER,12585.1,2019-01-29 08:27:00-05,
2024-08-10 22:30:00-04,ND0228,N,18,73.12,0.75%,2,ND0228 - US 301 NB AT HYETTS CORNER,12585.1,2019-01-29 08:27:00-05,
2024-08-10 22:35:00-04,ND0228,N,17,74.15,0.69%,2,ND0228 - US 301 NB AT HYETTS CORNER,12585.1,2019-01-29 08:27:00-05,
2024-08-10 22:40:00-04,ND0228,N,19,69.73,0.92%,2,ND0228 - US 301 NB AT HYETTS CORNER,12585.1,2019-01-29 08:27:00-05,
2024-08-10 22:45:00-04,ND0228,N,25,72.90,1.00%,2,ND0228 - US 301 NB AT HYETTS CORNER,12585.1,2019-01-29 08:27:00-05,
2024-08-10 22:50:00-04,ND0228,N,23,70.20,1.34%,2,ND0228 - US 301 NB AT HYETTS CORNER,12585.1,2019-01-29 08:27:00-05,
2024-08-10 22:55:00-04,ND0228,N,19,73.08,0.79%,2,ND0228 - US 301 NB AT HYETTS CORNER,12585.1,2019-01-29 08:27:00-05,
2024-08-10 23:00:00-04,ND0228,N,21,74.93,1.01%,2,ND0228 - US 301 NB AT HYETTS CORNER,12585.1,2019-01-29 08:27:00-05,
2024-08-10 23:05:00-04,ND0228,N,18,71.32,0.67%,2,ND0228 - US 301 NB AT HYETTS CORNER,12585.1,2019-01-29 08:27:00-05,
2024-08-10 23:10:00-04,ND0228,N,19,74.10,0.84%,2,ND0228 - US 301 NB AT HYETTS CORNER,12585.1,2019-01-29 08:27:00-05,
2024-08-10 23:15:00-04,ND0228,N,14,71.47,0.50%,2,ND0228 - US 301 NB AT HYETTS CORNER,12585.1,2019-01-29 08:27:00-05,
2024-08-10 23:20:00-04,ND0228,N,16,77.38,0.87%,2,ND0228 - US 301 NB AT HYETTS CORNER,12585.1,2019-01-29 08:27:00-05,
2024-08-10 23:25:00-04,ND0228,N,19,70.78,1.00%,2,ND0228 - US 301 NB AT HYETTS CORNER,12585.1,2019-01-29 08:27:00-05,
2024-08-10 23:30:00-04,ND0228,N,17,69.18,0.78%,2,ND0228 - US 301 NB AT HYETTS CORNER,12585.1,2019-01-29 08:27:00-05,
2024-08-10 23:35:00-04,ND0228,N,16,70.62,0.89%,2,ND0228 - US 301 NB AT HYETTS CORNER,12585.1,2019-01-29 08:27:00-05,
2024-08-10 23:40:00-04,ND0228,N,13,74.32,0.57%,2,ND0228 - US 301 NB AT HYETTS CORNER,12585.1,2019-01-29 08:27:00-05,
2024-08-10 23:45:00-04,ND0228,N,11,67.59,0.64%,2,ND0228 - US 301 NB AT HYETTS CORNER,12585.1,2019-01-29 08:27:00-05,
2024-08-10 23:50:00-04,ND0228,N,10,69.74,0.58%,2,ND0228 - US 301 NB AT HYETTS CORNER,12585.1,2019-01-29 08:27:00-05,
2024-08-10 23:55:00-04,ND0228,N,6,73.95,0.21%,2,ND0228 - US 301 NB AT HYETTS CORNER,12585.1,2019-01-29 08:27:00-05,
2024-08-11 00:00:00-04,ND0228,N,10,69.35,0.37%,2,ND0228 - US 301 NB AT HYETTS CORNER,12585.1,2019-01-29 08:27:00-05,
2024-08-11 00:05:00-04,ND0228,N,7,73.93,0.38%,2,ND0228 - US 301 NB AT HYETTS CORNER,12585.1,2019-01-29 08:27:00-05,
2024-08-11 00:10:00-04,ND0228,N,11,69.43,0.41%,2,ND0228 - US 301 NB AT HYETTS CORNER,12585.1,2019-01-29 08:27:00-05,
2024-08-11 00:15:00-04,ND0228,N,5,68.02,0.19%,2,ND0228 - US 301 NB AT HYETTS CORNER,12585.1,2019-01-29 08:27:00-05,
2024-08-11 00:20:00-04,ND0228,N,10,70.56,0.38%,2,ND0228 - US 301 NB AT HYETTS CORNER,12585.1,2019-01-29 08:27:00-05,
2024-08-11 00:25:00-04,ND0228,N,10,67.21,0.45%,2,ND0228 - US 301 NB AT HYETTS CORNER,12585.1,2019-01-29 08:27:00-05,
2024-08-11 00:30:00-04,ND0228,N,7,73.78,0.32%,2,ND0228 - US 301 NB AT HYETTS CORNER,12585.1,2019-01-29 08:27:00-05,
2024-08-11 00:35:00-04,ND0228,N,6,65.08,0.24%,2,ND0228 - US 301 NB AT HYETTS CORNER,12585.1,2019-01-29 08:27:00-05,
2024-08-11 00:40:00-04,ND0228,N,10,72.45,0.70%,2,ND0228 - US 301 NB AT HYETTS CORNER,12585.1,2019-01-29 08:27:00-05,
2024-08-11 00:45:00-04,ND0228,N,8,64.12,0.45%,2,ND0228 - US 301 NB AT HYETTS CORNER,12585.1,2019-01-29 08:27:00-05,
2024-08-11 00:50:00-04,ND0228,N,5,75.75,0.18%,2,ND0228 - US 301 NB AT HYETTS CORNER,12585.1,2019-01-29 08:27:00-05,
2024-08-11 00:55:00-04,ND0228,N,3,77.40,0.10%,2,ND0228 - US 301 NB AT HYETTS CORNER,12585.1,2019-01-29 08:27:00-05,
2024-08-11 01:00:00-04,ND0228,N,2,72.14,0.33%,1,ND0228 - US 301 NB AT HYETTS CORNER,12585.1,2019-01-29 08:27:00-05,
2024-08-11 01:05:00-04,ND0228,N,3,71.10,0.28%,2,ND0228 - US 301 NB AT HYETTS CORNER,12585.1,2019-01-29 08:27:00-05,
2024-08-11 01:10:00-04,ND0228,N,3,69.37,0.18%,2,ND0228 - US 301 NB AT HYETTS CORNER,12585.1,2019-01-29 08:27:00-05,
2024-08-11 01:15:00-04,ND0228,N,1,65.71,0.29%,1,ND0228 - US 301 NB AT HYETTS CORNER,12585.1,2019-01-29 08:27:00-05,
2024-08-11 01:20:00-04,ND0228,N,3,73.09,0.21%,1,ND0228 - US 301 NB AT HYETTS CORNER,12585.1,2019-01-29 08:27:00-05,
2024-08-11 01:25:00-04,ND0228,N,5,67.36,1.01%,1,ND0228 - US 301 NB AT HYETTS CORNER,12585.1,2019-01-29 08:27:00-05,
2024-08-11 01:30:00-04,ND0228,N,6,73.79,0.32%,2,ND0228 - US 301 NB AT HYETTS CORNER,12585.1,2019-01-29 08:27:00-05,
2024-08-11 01:35:00-04,ND0228,N,4,72.54,0.15%,2,ND0228 - US 301 NB AT HYETTS CORNER,12585.1,2019-01-29 08:27:00-05,
2024-08-11 01:40:00-04,ND0228,N,5,72.90,0.18%,2,ND0228 - US 301 NB AT HYETTS CORNER,12585.1,2019-01-29 08:27:00-05,
2024-08-11 01:45:00-04,ND0228,N,7,69.48,0.93%,1,ND0228 - US 301 NB AT HYETTS CORNER,12585.1,2019-01-29 08:27:00-05,
2024-08-11 01:50:00-04,ND0228,N,6,66.32,0.36%,2,ND0228 - US 301 NB AT HYETTS CORNER,12585.1,2019-01-29 08:27:00-05,
2024-08-11 01:55:00-04,ND0228,N,6,69.49,0.36%,2,ND0228 - US 301 NB AT HYETTS CORNER,12585.1,2019-01-29 08:27:00-05,
2024-08-11 02:00:00-04,ND0228,N,4,69.58,0.24%,2,ND0228 - US 301 NB AT HYETTS CORNER,12585.1,2019-01-29 08:27:00-05,
2024-08-11 02:05:00-04,ND0228,N,7,63.19,0.73%,2,ND0228 - US 301 NB AT HYETTS CORNER,12585.1,2019-01-29 08:27:00-05,
2024-08-11 02:10:00-04,ND0228,N,7,61.93,0.41%,2,ND0228 - US 301 NB AT HYETTS CORNER,12585.1,2019-01-29 08:27:00-05,
2024-08-11 02:15:00-04,ND0228,N,2,67.65,0.41%,1,ND0228 - US 301 NB AT HYETTS CORNER,12585.1,2019-01-29 08:27:00-05,
2024-08-11 02:20:00-04,ND0228,N,4,64.93,0.32%,1,ND0228 - US 301 NB AT HYETTS CORNER,12585.1,2019-01-29 08:27:00-05,
2024-08-11 02:25:00-04,ND0228,N,2,67.19,0.16%,1,ND0228 - US 301 NB AT HYETTS CORNER,12585.1,2019-01-29 08:27:00-05,
2024-08-11 02:30:00-04,ND0228,N,2,66.88,0.26%,2,ND0228 - US 301 NB AT HYETTS CORNER,12585.1,2019-01-29 08:27:00-05,
2024-08-11 02:35:00-04,ND0228,N,4,71.24,0.25%,2,ND0228 - US 301 NB AT HYETTS CORNER,12585.1,2019-01-29 08:27:00-05,
2024-08-11 02:40:00-04,ND0228,N,5,65.36,1.02%,1,ND0228 - US 301 NB AT HYETTS CORNER,12585.1,2019-01-29 08:27:00-05,
2024-08-11 02:45:00-04,ND0228,N,5,78.30,0.16%,2,ND0228 - US 301 NB AT HYETTS CORNER,12585.1,2019-01-29 08:27:00-05,
2024-08-11 02:50:00-04,ND0228,N,3,73.03,0.21%,2,ND0228 - US 301 NB AT HYETTS CORNER,12585.1,2019-01-29 08:27:00-05,
2024-08-11 02:55:00-04,ND0228,N,7,68.04,0.71%,2,ND0228 - US 301 NB AT HYETTS CORNER,12585.1,2019-01-29 08:27:00-05,
2024-08-11 03:00:00-04,ND0228,N,4,72.97,0.27%,2,ND0228 - US 301 NB AT HYETTS CORNER,12585.1,2019-01-29 08:27:00-05,
2024-08-11 03:05:00-04,ND0228,N,3,69.67,0.23%,1,ND0228 - US 301 NB AT HYETTS CORNER,12585.1,2019-01-29 08:27:00-05,
2024-08-11 03:10:00-04,ND0228,N,4,69.00,0.15%,2,ND0228 - US 301 NB AT HYETTS CORNER,12585.1,2019-01-29 08:27:00-05,
2024-08-11 03:15:00-04,ND0228,N,4,67.80,0.45%,1,ND0228 - US 301 NB AT HYETTS CORNER,12585.1,2019-01-29 08:27:00-05,
2024-08-11 03:20:00-04,ND0228,N,1,65.89,0.21%,1,ND0228 - US 301 NB AT HYETTS CORNER,12585.1,2019-01-29 08:27:00-05,
2024-08-11 03:25:00-04,ND0228,N,2,69.16,0.07%,2,ND0228 - US 301 NB AT HYETTS CORNER,12585.1,2019-01-29 08:27:00-05,
2024-08-11 03:30:00-04,ND0228,N,3,70.91,0.10%,2,ND0228 - US 301 NB AT HYETTS CORNER,12585.1,2019-01-29 08:27:00-05,
2024-08-11 03:35:00-04,ND0228,N,3,74.07,0.11%,2,ND0228 - US 301 NB AT HYETTS CORNER,12585.1,2019-01-29 08:27:00-05,
2024-08-11 03:40:00-04,ND0228,N,3,68.47,0.72%,1,ND0228 - US 301 NB AT HYETTS CORNER,12585.1,2019-01-29 08:27:00-05,
2024-08-11 03:45:00-04,ND0228,N,4,73.05,0.27%,2,ND0228 - US 301 NB AT HYETTS CORNER,12585.1,2019-01-29 08:27:00-05,
2024-08-11 03:50:00-04,ND0228,N,2,72.34,0.14%,1,ND0228 - US 301 NB AT HYETTS CORNER,12585.1,2019-01-29 08:27:00-05,
2024-08-11 03:55:00-04,ND0228,N,3,67.17,0.23%,2,ND0228 - US 301 NB AT HYETTS CORNER,12585.1,2019-01-29 08:27:00-05,
2024-08-11 04:00:00-04,ND0228,N,7,75.59,0.25%,2,ND0228 - US 301 NB AT HYETTS CORNER,12585.1,2019-01-29 08:27:00-05,
2024-08-11 04:10:00-04,ND0228,N,3,68.23,0.32%,2,ND0228 - US 301 NB AT HYETTS CORNER,12585.1,2019-01-29 08:27:00-05,
2024-08-11 04:15:00-04,ND0228,N,3,66.79,0.21%,2,ND0228 - US 301 NB AT HYETTS CORNER,12585.1,2019-01-29 08:27:00-05,
2024-08-11 04:20:00-04,ND0228,N,3,71.50,0.41%,1,ND0228 - US 301 NB AT HYETTS CORNER,12585.1,2019-01-29 08:27:00-05,
2024-08-11 04:25:00-04,ND0228,N,2,69.41,0.07%,2,ND0228 - US 301 NB AT HYETTS CORNER,12585.1,2019-01-29 08:27:00-05,
2024-08-11 04:30:00-04,ND0228,N,7,69.75,0.28%,2,ND0228 - US 301 NB AT HYETTS CORNER,12585.1,2019-01-29 08:27:00-05,
2024-08-11 04:35:00-04,ND0228,N,6,74.71,0.38%,2,ND0228 - US 301 NB AT HYETTS CORNER,12585.1,2019-01-29 08:27:00-05,
2024-08-11 04:40:00-04,ND0228,N,8,75.01,0.34%,2,ND0228 - US 301 NB AT HYETTS CORNER,12585.1,2019-01-29 08:27:00-05,
2024-08-11 04:45:00-04,ND0228,N,5,76.52,0.45%,2,ND0228 - US 301 NB AT HYETTS CORNER,12585.1,2019-01-29 08:27:00-05,
2024-08-11 04:50:00-04,ND0228,N,5,72.23,0.48%,2,ND0228 - US 301 NB AT HYETTS CORNER,12585.1,2019-01-29 08:27:00-05,
2024-08-11 04:55:00-04,ND0228,N,2,77.42,0.13%,1,ND0228 - US 301 NB AT HYETTS CORNER,12585.1,2019-01-29 08:27:00-05,
2024-08-11 05:00:00-04,ND0228,N,8,72.26,0.30%,2,ND0228 - US 301 NB AT HYETTS CORNER,12585.1,2019-01-29 08:27:00-05,
2024-08-11 05:05:00-04,ND0228,N,7,71.62,0.35%,2,ND0228 - US 301 NB AT HYETTS CORNER,12585.1,2019-01-29 08:27:00-05,
2024-08-11 05:10:00-04,ND0228,N,8,71.03,0.56%,2,ND0228 - US 301 NB AT HYETTS CORNER,12585.1,2019-01-29 08:27:00-05,
2024-08-11 05:15:00-04,ND0228,N,3,77.36,0.20%,2,ND0228 - US 301 NB AT HYETTS CORNER,12585.1,2019-01-29 08:27:00-05,
2024-08-11 05:20:00-04,ND0228,N,8,75.00,0.31%,2,ND0228 - US 301 NB AT HYETTS CORNER,12585.1,2019-01-29 08:27:00-05,
2024-08-11 05:25:00-04,ND0228,N,7,70.13,0.49%,2,ND0228 - US 301 NB AT HYETTS CORNER,12585.1,2019-01-29 08:27:00-05,
2024-08-11 05:30:00-04,ND0228,N,7,70.13,0.37%,2,ND0228 - US 301 NB AT HYETTS CORNER,12585.1,2019-01-29 08:27:00-05,
2024-08-11 05:35:00-04,ND0228,N,12,71.99,0.64%,2,ND0228 - US 301 NB AT HYETTS CORNER,12585.1,2019-01-29 08:27:00-05,
2024-08-11 05:40:00-04,ND0228,N,13,72.22,0.53%,2,ND0228 - US 301 NB AT HYETTS CORNER,12585.1,2019-01-29 08:27:00-05,
2024-08-11 05:45:00-04,ND0228,N,4,74.26,0.18%,2,ND0228 - US 301 NB AT HYETTS CORNER,12585.1,2019-01-29 08:27:00-05,
2024-08-11 05:50:00-04,ND0228,N,3,70.38,0.13%,2,ND0228 - US 301 NB AT HYETTS CORNER,12585.1,2019-01-29 08:27:00-05,
2024-08-11 05:55:00-04,ND0228,N,9,71.82,0.44%,2,ND0228 - US 301 NB AT HYETTS CORNER,12585.1,2019-01-29 08:27:00-05,
2024-08-11 06:00:00-04,ND0228,N,11,73.55,0.50%,2,ND0228 - US 301 NB AT HYETTS CORNER,12585.1,2019-01-29 08:27:00-05,
2024-08-11 06:05:00-04,ND0228,N,8,74.03,0.30%,2,ND0228 - US 301 NB AT HYETTS CORNER,12585.1,2019-01-29 08:27:00-05,
2024-08-11 06:10:00-04,ND0228,N,7,77.49,0.33%,2,ND0228 - US 301 NB AT HYETTS CORNER,12585.1,2019-01-29 08:27:00-05,
2024-08-11 06:15:00-04,ND0228,N,7,72.49,0.78%,1,ND0228 - US 301 NB AT HYETTS CORNER,12585.1,2019-01-29 08:27:00-05,
2024-08-11 06:20:00-04,ND0228,N,18,77.33,0.91%,2,ND0228 - US 301 NB AT HYETTS CORNER,12585.1,2019-01-29 08:27:00-05,
2024-08-11 06:25:00-04,ND0228,N,12,75.13,0.52%,2,ND0228 - US 301 NB AT HYETTS CORNER,12585.1,2019-01-29 08:27:00-05,
2024-08-11 06:30:00-04,ND0228,N,11,78.69,0.36%,2,ND0228 - US 301 NB AT HYETTS CORNER,12585.1,2019-01-29 08:27:00-05,
2024-08-11 06:35:00-04,ND0228,N,17,76.10,0.57%,2,ND0228 - US 301 NB AT HYETTS CORNER,12585.1,2019-01-29 08:27:00-05,
2024-08-11 06:40:00-04,ND0228,N,9,78.38,0.33%,2,ND0228 - US 301 NB AT HYETTS CORNER,12585.1,2019-01-29 08:27:00-05,
2024-08-11 06:45:00-04,ND0228,N,9,78.81,0.29%,2,ND0228 - US 301 NB AT HYETTS CORNER,12585.1,2019-01-29 08:27:00-05,
2024-08-11 06:50:00-04,ND0228,N,7,75.45,0.35%,2,ND0228 - US 301 NB AT HYETTS CORNER,12585.1,2019-01-29 08:27:00-05,
2024-08-11 06:55:00-04,ND0228,N,23,76.43,0.95%,2,ND0228 - US 301 NB AT HYETTS CORNER,12585.1,2019-01-29 08:27:00-05,
2024-08-11 07:00:00-04,ND0228,N,8,70.16,0.94%,1,ND0228 - US 301 NB AT HYETTS CORNER,12585.1,2019-01-29 08:27:00-05,
2024-08-11 07:05:00-04,ND0228,N,8,74.51,0.28%,2,ND0228 - US 301 NB AT HYETTS CORNER,12585.1,2019-01-29 08:27:00-05,
2024-08-11 07:10:00-04,ND0228,N,14,77.15,0.62%,2,ND0228 - US 301 NB AT HYETTS CORNER,12585.1,2019-01-29 08:27:00-05,
2024-08-11 07:15:00-04,ND0228,N,12,73.25,0.53%,2,ND0228 - US 301 NB AT HYETTS CORNER,12585.1,2019-01-29 08:27:00-05,
2024-08-11 07:20:00-04,ND0228,N,20,76.82,0.89%,2,ND0228 - US 301 NB AT HYETTS CORNER,12585.1,2019-01-29 08:27:00-05,
2024-08-11 07:25:00-04,ND0228,N,22,77.06,0.83%,2,ND0228 - US 301 NB AT HYETTS CORNER,12585.1,2019-01-29 08:27:00-05,
2024-08-11 07:30:00-04,ND0228,N,16,76.91,0.54%,2,ND0228 - US 301 NB AT HYETTS CORNER,12585.1,2019-01-29 08:27:00-05,
2024-08-11 07:35:00-04,ND0228,N,23,74.01,0.89%,2,ND0228 - US 301 NB AT HYETTS CORNER,12585.1,2019-01-29 08:27:00-05,
2024-08-11 07:40:00-04,ND0228,N,17,74.07,0.70%,2,ND0228 - US 301 NB AT HYETTS CORNER,12585.1,2019-01-29 08:27:00-05,
2024-08-11 07:45:00-04,ND0228,N,13,74.49,0.95%,1,ND0228 - US 301 NB AT HYETTS CORNER,12585.1,2019-01-29 08:27:00-05,
2024-08-11 07:50:00-04,ND0228,N,19,75.10,0.77%,2,ND0228 - US 301 NB AT HYETTS CORNER,12585.1,2019-01-29 08:27:00-05,
2024-08-11 07:55:00-04,ND0228,N,18,76.02,0.97%,2,ND0228 - US 301 NB AT HYETTS CORNER,12585.1,2019-01-29 08:27:00-05,
2024-08-11 08:00:00-04,ND0228,N,24,78.43,0.82%,2,ND0228 - US 301 NB AT HYETTS CORNER,12585.1,2019-01-29 08:27:00-05,
2024-08-11 08:05:00-04,ND0228,N,20,77.14,0.83%,2,ND0228 - US 301 NB AT HYETTS CORNER,12585.1,2019-01-29 08:27:00-05,
2024-08-11 08:10:00-04,ND0228,N,14,75.06,0.54%,2,ND0228 - US 301 NB AT HYETTS CORNER,12585.1,2019-01-29 08:27:00-05,
2024-08-11 08:15:00-04,ND0228,N,27,78.08,1.09%,2,ND0228 - US 301 NB AT HYETTS CORNER,12585.1,2019-01-29 08:27:00-05,
2024-08-11 08:20:00-04,ND0228,N,28,77.06,1.12%,2,ND0228 - US 301 NB AT HYETTS CORNER,12585.1,2019-01-29 08:27:00-05,
2024-08-11 08:25:00-04,ND0228,N,33,76.14,1.37%,2,ND0228 - US 301 NB AT HYETTS CORNER,12585.1,2019-01-29 08:27:00-05,
2024-08-11 08:30:00-04,ND0228,N,36,76.93,1.34%,2,ND0228 - US 301 NB AT HYETTS CORNER,12585.1,2019-01-29 08:27:00-05,
2024-08-11 08:35:00-04,ND0228,N,30,75.73,1.20%,2,ND0228 - US 301 NB AT HYETTS CORNER,12585.1,2019-01-29 08:27:00-05,
2024-08-11 08:40:00-04,ND0228,N,20,74.99,0.79%,2,ND0228 - US 301 NB AT HYETTS CORNER,12585.1,2019-01-29 08:27:00-05,
2024-08-11 08:45:00-04,ND0228,N,41,76.00,1.62%,2,ND0228 - US 301 NB AT HYETTS CORNER,12585.1,2019-01-29 08:27:00-05,
2024-08-11 08:50:00-04,ND0228,N,33,79.66,1.13%,2,ND0228 - US 301 NB AT HYETTS CORNER,12585.1,2019-01-29 08:27:00-05,
2024-08-11 08:55:00-04,ND0228,N,23,72.08,0.90%,2,ND0228 - US 301 NB AT HYETTS CORNER,12585.1,2019-01-29 08:27:00-05,
2024-08-11 09:00:00-04,ND0228,N,27,77.50,0.95%,2,ND0228 - US 301 NB AT HYETTS CORNER,12585.1,2019-01-29 08:27:00-05,
2024-08-11 09:05:00-04,ND0228,N,37,78.22,1.29%,2,ND0228 - US 301 NB AT HYETTS CORNER,12585.1,2019-01-29 08:27:00-05,
2024-08-11 09:10:00-04,ND0228,N,39,76.06,1.70%,2,ND0228 - US 301 NB AT HYETTS CORNER,12585.1,2019-01-29 08:27:00-05,
2024-08-11 09:15:00-04,ND0228,N,37,79.23,1.35%,2,ND0228 - US 301 NB AT HYETTS CORNER,12585.1,2019-01-29 08:27:00-05,
2024-08-11 09:20:00-04,ND0228,N,40,78.05,1.60%,2,ND0228 - US 301 NB AT HYETTS CORNER,12585.1,2019-01-29 08:27:00-05,
2024-08-11 09:25:00-04,ND0228,N,31,76.96,1.27%,2,ND0228 - US 301 NB AT HYETTS CORNER,12585.1,2019-01-29 08:27:00-05,
2024-08-11 09:30:00-04,ND0228,N,52,77.41,1.86%,2,ND0228 - US 301 NB AT HYETTS CORNER,12585.1,2019-01-29 08:27:00-05,
2024-08-11 09:35:00-04,ND0228,N,40,74.61,1.46%,2,ND0228 - US 301 NB AT HYETTS CORNER,12585.1,2019-01-29 08:27:00-05,
2024-08-11 09:40:00-04,ND0228,N,51,77.95,1.76%,2,ND0228 - US 301 NB AT HYETTS CORNER,12585.1,2019-01-29 08:27:00-05,
2024-08-11 09:45:00-04,ND0228,N,56,76.61,2.18%,2,ND0228 - US 301 NB AT HYETTS CORNER,12585.1,2019-01-29 08:27:00-05,
2024-08-11 09:50:00-04,ND0228,N,53,79.00,1.87%,2,ND0228 - US 301 NB AT HYETTS CORNER,12585.1,2019-01-29 08:27:00-05,
2024-08-11 09:55:00-04,ND0228,N,40,76.53,1.52%,2,ND0228 - US 301 NB AT HYETTS CORNER,12585.1,2019-01-29 08:27:00-05,
2024-08-11 10:00:00-04,ND0228,N,52,74.47,1.95%,2,ND0228 - US 301 NB AT HYETTS CORNER,12585.1,2019-01-29 08:27:00-05,
2024-08-11 10:05:00-04,ND0228,N,56,76.38,2.28%,2,ND0228 - US 301 NB AT HYETTS CORNER,12585.1,2019-01-29 08:27:00-05,
2024-08-11 10:10:00-04,ND0228,N,54,77.76,1.92%,2,ND0228 - US 301 NB AT HYETTS CORNER,12585.1,2019-01-29 08:27:00-05,
2024-08-11 10:15:00-04,ND0228,N,58,74.76,2.52%,2,ND0228 - US 301 NB AT HYETTS CORNER,12585.1,2019-01-29 08:27:00-05,
2024-08-11 10:20:00-04,ND0228,N,61,76.39,2.08%,2,ND0228 - US 301 NB AT HYETTS CORNER,12585.1,2019-01-29 08:27:00-05,
2024-08-11 10:25:00-04,ND0228,N,64,75.76,2.77%,2,ND0228 - US 301 NB AT HYETTS CORNER,12585.1,2019-01-29 08:27:00-05,
2024-08-11 10:30:00-04,ND0228,N,56,75.50,1.96%,2,ND0228 - US 301 NB AT HYETTS CORNER,12585.1,2019-01-29 08:27:00-05,
2024-08-11 10:35:00-04,ND0228,N,72,76.75,2.53%,2,ND0228 - US 301 NB AT HYETTS CORNER,12585.1,2019-01-29 08:27:00-05,
2024-08-11 10:40:00-04,ND0228,N,54,77.33,1.99%,2,ND0228 - US 301 NB AT HYETTS CORNER,12585.1,2019-01-29 08:27:00-05,
2024-08-11 10:45:00-04,ND0228,N,60,76.85,2.09%,2,ND0228 - US 301 NB AT HYETTS CORNER,12585.1,2019-01-29 08:27:00-05,
2024-08-11 10:50:00-04,ND0228,N,63,76.32,2.34%,2,ND0228 - US 301 NB AT HYETTS CORNER,12585.1,2019-01-29 08:27:00-05,
2024-08-11 10:55:00-04,ND0228,N,64,77.22,2.42%,2,ND0228 - US 301 NB AT HYETTS CORNER,12585.1,2019-01-29 08:27:00-05,
2024-08-11 11:00:00-04,ND0228,N,73,76.31,2.63%,2,ND0228 - US 301 NB AT HYETTS CORNER,12585.1,2019-01-29 08:27:00-05,
2024-08-11 11:05:00-04,ND0228,N,42,75.33,1.72%,2,ND0228 - US 301 NB AT HYETTS CORNER,12585.1,2019-01-29 08:27:00-05,
2024-08-11 11:10:00-04,ND0228,N,51,76.27,2.00%,2,ND0228 - US 301 NB AT HYETTS CORNER,12585.1,2019-01-29 08:27:00-05,
2024-08-11 11:15:00-04,ND0228,N,62,77.92,2.27%,2,ND0228 - US 301 NB AT HYETTS CORNER,12585.1,2019-01-29 08:27:00-05,
2024-08-11 11:20:00-04,ND0228,N,59,75.95,2.29%,2,ND0228 - US 301 NB AT HYETTS CORNER,12585.1,2019-01-29 08:27:00-05,
2024-08-11 11:25:00-04,ND0228,N,68,77.34,2.49%,2,ND0228 - US 301 NB AT HYETTS CORNER,12585.1,2019-01-29 08:27:00-05,
2024-08-11 11:30:00-04,ND0228,N,70,76.12,2.90%,2,ND0228 - US 301 NB AT HYETTS CORNER,12585.1,2019-01-29 08:27:00-05,
2024-08-11 11:35:00-04,ND0228,N,49,77.09,1.77%,2,ND0228 - US 301 NB AT HYETTS CORNER,12585.1,2019-01-29 08:27:00-05,
2024-08-11 11:40:00-04,ND0228,N,67,73.44,2.81%,2,ND0228 - US 301 NB AT HYETTS CORNER,12585.1,2019-01-29 08:27:00-05,
2024-08-11 11:45:00-04,ND0228,N,77,76.44,2.99%,2,ND0228 - US 301 NB AT HYETTS CORNER,12585.1,2019-01-29 08:27:00-05,
2024-08-11 11:50:00-04,ND0228,N,66,75.87,2.75%,2,ND0228 - US 301 NB AT HYETTS CORNER,12585.1,2019-01-29 08:27:00-05,
2024-08-11 11:55:00-04,ND0228,N,69,76.32,2.45%,2,ND0228 - US 301 NB AT HYETTS CORNER,12585.1,2019-01-29 08:27:00-05,
2024-08-11 12:00:00-04,ND0228,N,59,75.81,2.38%,2,ND0228 - US 301 NB AT HYETTS CORNER,12585.1,2019-01-29 08:27:00-05,
2024-08-11 12:05:00-04,ND0228,N,70,76.78,2.70%,2,ND0228 - US 301 NB AT HYETTS CORNER,12585.1,2019-01-29 08:27:00-05,
2024-08-11 12:10:00-04,ND0228,N,42,78.36,1.52%,2,ND0228 - US 301 NB AT HYETTS CORNER,12585.1,2019-01-29 08:27:00-05,
2024-08-11 12:15:00-04,ND0228,N,73,75.74,2.80%,2,ND0228 - US 301 NB AT HYETTS CORNER,12585.1,2019-01-29 08:27:00-05,
2024-08-11 12:20:00-04,ND0228,N,70,75.05,2.74%,2,ND0228 - US 301 NB AT HYETTS CORNER,12585.1,2019-01-29 08:27:00-05,
2024-08-11 12:25:00-04,ND0228,N,73,78.56,2.50%,2,ND0228 - US 301 NB AT HYETTS CORNER,12585.1,2019-01-29 08:27:00-05,
2024-08-11 12:30:00-04,ND0228,N,63,78.13,2.36%,2,ND0228 - US 301 NB AT HYETTS CORNER,12585.1,2019-01-29 08:27:00-05,
2024-08-11 12:35:00-04,ND0228,N,59,78.72,2.21%,2,ND0228 - US 301 NB AT HYETTS CORNER,12585.1,2019-01-29 08:27:00-05,
2024-08-11 12:40:00-04,ND0228,N,72,78.68,2.80%,2,ND0228 - US 301 NB AT HYETTS CORNER,12585.1,2019-01-29 08:27:00-05,
2024-08-11 12:45:00-04,ND0228,N,57,74.30,2.38%,2,ND0228 - US 301 NB AT HYETTS CORNER,12585.1,2019-01-29 08:27:00-05,
2024-08-11 12:50:00-04,ND0228,N,56,77.62,1.98%,2,ND0228 - US 301 NB AT HYETTS CORNER,12585.1,2019-01-29 08:27:00-05,
2024-08-11 12:55:00-04,ND0228,N,66,77.09,2.32%,2,ND0228 - US 301 NB AT HYETTS CORNER,12585.1,2019-01-29 08:27:00-05,
2024-08-11 13:00:00-04,ND0228,N,60,75.64,2.32%,2,ND0228 - US 301 NB AT HYETTS CORNER,12585.1,2019-01-29 08:27:00-05,
2024-08-11 13:05:00-04,ND0228,N,74,76.17,3.10%,2,ND0228 - US 301 NB AT HYETTS CORNER,12585.1,2019-01-29 08:27:00-05,
2024-08-11 13:10:00-04,ND0228,N,49,76.17,2.10%,2,ND0228 - US 301 NB AT HYETTS CORNER,12585.1,2019-01-29 08:27:00-05,
2024-08-11 13:15:00-04,ND0228,N,68,77.42,2.56%,2,ND0228 - US 301 NB AT HYETTS CORNER,12585.1,2019-01-29 08:27:00-05,
2024-08-11 13:20:00-04,ND0228,N,89,77.63,3.54%,2,ND0228 - US 301 NB AT HYETTS CORNER,12585.1,2019-01-29 08:27:00-05,
2024-08-11 13:25:00-04,ND0228,N,68,77.09,2.65%,2,ND0228 - US 301 NB AT HYETTS CORNER,12585.1,2019-01-29 08:27:00-05,
2024-08-11 13:30:00-04,ND0228,N,70,76.84,2.81%,2,ND0228 - US 301 NB AT HYETTS CORNER,12585.1,2019-01-29 08:27:00-05,
2024-08-11 13:35:00-04,ND0228,N,61,79.08,2.15%,2,ND0228 - US 301 NB AT HYETTS CORNER,12585.1,2019-01-29 08:27:00-05,
2024-08-11 13:40:00-04,ND0228,N,69,76.60,2.55%,2,ND0228 - US 301 NB AT HYETTS CORNER,12585.1,2019-01-29 08:27:00-05,
2024-08-11 13:45:00-04,ND0228,N,63,77.86,2.52%,2,ND0228 - US 301 NB AT HYETTS CORNER,12585.1,2019-01-29 08:27:00-05,
2024-08-11 13:50:00-04,ND0228,N,44,75.07,1.84%,2,ND0228 - US 301 NB AT HYETTS CORNER,12585.1,2019-01-29 08:27:00-05,
2024-08-11 13:55:00-04,ND0228,N,61,74.63,2.38%,2,ND0228 - US 301 NB AT HYETTS CORNER,12585.1,2019-01-29 08:27:00-05,
2024-08-11 14:00:00-04,ND0228,N,57,76.61,2.03%,2,ND0228 - US 301 NB AT HYETTS CORNER,12585.1,2019-01-29 08:27:00-05,
2024-08-11 14:05:00-04,ND0228,N,58,78.74,2.00%,2,ND0228 - US 301 NB AT HYETTS CORNER,12585.1,2019-01-29 08:27:00-05,
2024-08-11 14:10:00-04,ND0228,N,44,78.48,1.57%,2,ND0228 - US 301 NB AT HYETTS CORNER,12585.1,2019-01-29 08:27:00-05,
2024-08-11 14:15:00-04,ND0228,N,53,76.47,1.94%,2,ND0228 - US 301 NB AT HYETTS CORNER,12585.1,2019-01-29 08:27:00-05,
2024-08-11 14:20:00-04,ND0228,N,66,74.28,2.57%,2,ND0228 - US 301 NB AT HYETTS CORNER,12585.1,2019-01-29 08:27:00-05,
2024-08-11 14:25:00-04,ND0228,N,48,75.79,1.81%,2,ND0228 - US 301 NB AT HYETTS CORNER,12585.1,2019-01-29 08:27:00-05,
2024-08-11 14:30:00-04,ND0228,N,82,77.00,2.88%,2,ND0228 - US 301 NB AT HYETTS CORNER,12585.1,2019-01-29 08:27:00-05,
2024-08-11 14:35:00-04,ND0228,N,71,75.59,2.79%,2,ND0228 - US 301 NB AT HYETTS CORNER,12585.1,2019-01-29 08:27:00-05,
2024-08-11 14:40:00-04,ND0228,N,79,76.24,2.84%,2,ND0228 - US 301 NB AT HYETTS CORNER,12585.1,2019-01-29 08:27:00-05,
2024-08-11 14:45:00-04,ND0228,N,67,79.09,2.33%,2,ND0228 - US 301 NB AT HYETTS CORNER,12585.1,2019-01-29 08:27:00-05,
2024-08-11 14:50:00-04,ND0228,N,49,76.45,1.98%,2,ND0228 - US 301 NB AT HYETTS CORNER,12585.1,2019-01-29 08:27:00-05,
2024-08-11 14:55:00-04,ND0228,N,60,76.98,2.08%,2,ND0228 - US 301 NB AT HYETTS CORNER,12585.1,2019-01-29 08:27:00-05,
2024-08-11 15:00:00-04,ND0228,N,63,77.35,2.29%,2,ND0228 - US 301 NB AT HYETTS CORNER,12585.1,2019-01-29 08:27:00-05,
2024-08-11 15:05:00-04,ND0228,N,49,75.78,2.00%,2,ND0228 - US 301 NB AT HYETTS CORNER,12585.1,2019-01-29 08:27:00-05,
2024-08-11 15:10:00-04,ND0228,N,60,78.21,2.40%,2,ND0228 - US 301 NB AT HYETTS CORNER,12585.1,2019-01-29 08:27:00-05,
2024-08-11 15:15:00-04,ND0228,N,63,77.29,2.31%,2,ND0228 - US 301 NB AT HYETTS CORNER,12585.1,2019-01-29 08:27:00-05,
2024-08-11 15:20:00-04,ND0228,N,48,76.54,2.05%,2,ND0228 - US 301 NB AT HYETTS CORNER,12585.1,2019-01-29 08:27:00-05,
2024-08-11 15:25:00-04,ND0228,N,73,78.08,3.04%,2,ND0228 - US 301 NB AT HYETTS CORNER,12585.1,2019-01-29 08:27:00-05,
2024-08-11 15:30:00-04,ND0228,N,67,79.73,2.43%,2,ND0228 - US 301 NB AT HYETTS CORNER,12585.1,2019-01-29 08:27:00-05,
2024-08-11 15:35:00-04,ND0228,N,64,76.69,2.32%,2,ND0228 - US 301 NB AT HYETTS CORNER,12585.1,2019-01-29 08:27:00-05,
2024-08-11 15:40:00-04,ND0228,N,49,79.06,2.10%,2,ND0228 - US 301 NB AT HYETTS CORNER,12585.1,2019-01-29 08:27:00-05,
2024-08-11 15:45:00-04,ND0228,N,66,77.97,2.33%,2,ND0228 - US 301 NB AT HYETTS CORNER,12585.1,2019-01-29 08:27:00-05,
2024-08-11 15:50:00-04,ND0228,N,60,75.49,2.46%,2,ND0228 - US 301 NB AT HYETTS CORNER,12585.1,2019-01-29 08:27:00-05,
2024-08-11 15:55:00-04,ND0228,N,74,77.78,2.65%,2,ND0228 - US 301 NB AT HYETTS CORNER,12585.1,2019-01-29 08:27:00-05,
2024-08-11 16:00:00-04,ND0228,N,58,77.70,2.36%,2,ND0228 - US 301 NB AT HYETTS CORNER,12585.1,2019-01-29 08:27:00-05,
2024-08-11 16:05:00-04,ND0228,N,48,79.30,1.87%,2,ND0228 - US 301 NB AT HYETTS CORNER,12585.1,2019-01-29 08:27:00-05,
2024-08-11 16:10:00-04,ND0228,N,55,75.46,2.29%,2,ND0228 - US 301 NB AT HYETTS CORNER,12585.1,2019-01-29 08:27:00-05,
2024-08-11 16:15:00-04,ND0228,N,51,76.79,2.07%,2,ND0228 - US 301 NB AT HYETTS CORNER,12585.1,2019-01-29 08:27:00-05,
2024-08-11 16:20:00-04,ND0228,N,65,77.94,2.38%,2,ND0228 - US 301 NB AT HYETTS CORNER,12585.1,2019-01-29 08:27:00-05,
2024-08-11 16:25:00-04,ND0228,N,49,79.11,1.72%,2,ND0228 - US 301 NB AT HYETTS CORNER,12585.1,2019-01-29 08:27:00-05,
2024-08-11 16:30:00-04,ND0228,N,58,79.01,2.46%,2,ND0228 - US 301 NB AT HYETTS CORNER,12585.1,2019-01-29 08:27:00-05,
2024-08-11 16:35:00-04,ND0228,N,67,77.51,2.86%,2,ND0228 - US 301 NB AT HYETTS CORNER,12585.1,2019-01-29 08:27:00-05,
2024-08-11 16:40:00-04,ND0228,N,33,79.12,1.30%,2,ND0228 - US 301 NB AT HYETTS CORNER,12585.1,2019-01-29 08:27:00-05,
2024-08-11 16:45:00-04,ND0228,N,61,77.73,2.52%,2,ND0228 - US 301 NB AT HYETTS CORNER,12585.1,2019-01-29 08:27:00-05,
2024-08-11 16:50:00-04,ND0228,N,64,76.62,2.40%,2,ND0228 - US 301 NB AT HYETTS CORNER,12585.1,2019-01-29 08:27:00-05,
2024-08-11 16:55:00-04,ND0228,N,61,77.77,2.34%,2,ND0228 - US 301 NB AT HYETTS CORNER,12585.1,2019-01-29 08:27:00-05,
2024-08-11 17:00:00-04,ND0228,N,53,78.17,2.10%,2,ND0228 - US 301 NB AT HYETTS CORNER,12585.1,2019-01-29 08:27:00-05,
2024-08-11 17:05:00-04,ND0228,N,39,76.83,1.50%,2,ND0228 - US 301 NB AT HYETTS CORNER,12585.1,2019-01-29 08:27:00-05,
2024-08-11 17:10:00-04,ND0228,N,56,77.04,2.24%,2,ND0228 - US 301 NB AT HYETTS CORNER,12585.1,2019-01-29 08:27:00-05,
2024-08-11 17:15:00-04,ND0228,N,65,77.22,2.50%,2,ND0228 - US 301 NB AT HYETTS CORNER,12585.1,2019-01-29 08:27:00-05,
2024-08-11 17:20:00-04,ND0228,N,68,76.77,2.95%,2,ND0228 - US 301 NB AT HYETTS CORNER,12585.1,2019-01-29 08:27:00-05,
2024-08-11 17:25:00-04,ND0228,N,57,78.28,2.36%,2,ND0228 - US 301 NB AT HYETTS CORNER,12585.1,2019-01-29 08:27:00-05,
2024-08-11 17:30:00-04,ND0228,N,66,77.35,2.52%,2,ND0228 - US 301 NB AT HYETTS CORNER,12585.1,2019-01-29 08:27:00-05,
2024-08-11 17:35:00-04,ND0228,N,68,79.10,2.77%,2,ND0228 - US 301 NB AT HYETTS CORNER,12585.1,2019-01-29 08:27:00-05,
2024-08-11 17:40:00-04,ND0228,N,63,76.49,2.63%,2,ND0228 - US 301 NB AT HYETTS CORNER,12585.1,2019-01-29 08:27:00-05,
2024-08-11 17:45:00-04,ND0228,N,79,75.23,3.23%,2,ND0228 - US 301 NB AT HYETTS CORNER,12585.1,2019-01-29 08:27:00-05,
2024-08-11 17:50:00-04,ND0228,N,71,78.53,2.52%,2,ND0228 - US 301 NB AT HYETTS CORNER,12585.1,2019-01-29 08:27:00-05,
2024-08-11 17:55:00-04,ND0228,N,59,77.98,2.05%,2,ND0228 - US 301 NB AT HYETTS CORNER,12585.1,2019-01-29 08:27:00-05,
2024-08-11 18:00:00-04,ND0228,N,52,77.10,1.88%,2,ND0228 - US 301 NB AT HYETTS CORNER,12585.1,2019-01-29 08:27:00-05,
2024-08-11 18:05:00-04,ND0228,N,65,77.04,2.65%,2,ND0228 - US 301 NB AT HYETTS CORNER,12585.1,2019-01-29 08:27:00-05,
2024-08-11 18:10:00-04,ND0228,N,67,80.42,2.45%,2,ND0228 - US 301 NB AT HYETTS CORNER,12585.1,2019-01-29 08:27:00-05,
2024-08-11 18:15:00-04,ND0228,N,65,77.78,2.45%,2,ND0228 - US 301 NB AT HYETTS CORNER,12585.1,2019-01-29 08:27:00-05,
2024-08-11 18:20:00-04,ND0228,N,62,77.78,2.70%,2,ND0228 - US 301 NB AT HYETTS CORNER,12585.1,2019-01-29 08:27:00-05,
2024-08-11 18:25:00-04,ND0228,N,75,77.78,2.92%,2,ND0228 - US 301 NB AT HYETTS CORNER,12585.1,2019-01-29 08:27:00-05,
2024-08-11 18:30:00-04,ND0228,N,72,78.09,2.98%,2,ND0228 - US 301 NB AT HYETTS CORNER,12585.1,2019-01-29 08:27:00-05,
2024-08-11 18:35:00-04,ND0228,N,62,78.19,2.74%,2,ND0228 - US 301 NB AT HYETTS CORNER,12585.1,2019-01-29 08:27:00-05,
2024-08-11 18:40:00-04,ND0228,N,65,78.66,2.44%,2,ND0228 - US 301 NB AT HYETTS CORNER,12585.1,2019-01-29 08:27:00-05,
2024-08-11 18:45:00-04,ND0228,N,68,79.21,2.44%,2,ND0228 - US 301 NB AT HYETTS CORNER,12585.1,2019-01-29 08:27:00-05,
2024-08-11 18:50:00-04,ND0228,N,63,77.58,2.70%,2,ND0228 - US 301 NB AT HYETTS CORNER,12585.1,2019-01-29 08:27:00-05,
2024-08-11 18:55:00-04,ND0228,N,74,77.68,2.76%,2,ND0228 - US 301 NB AT HYETTS CORNER,12585.1,2019-01-29 08:27:00-05,
2024-08-11 19:00:00-04,ND0228,N,74,77.32,2.85%,2,ND0228 - US 301 NB AT HYETTS CORNER,12585.1,2019-01-29 08:27:00-05,
2024-08-11 19:05:00-04,ND0228,N,77,80.09,2.56%,2,ND0228 - US 301 NB AT HYETTS CORNER,12585.1,2019-01-29 08:27:00-05,
2024-08-11 19:10:00-04,ND0228,N,67,78.09,2.39%,2,ND0228 - US 301 NB AT HYETTS CORNER,12585.1,2019-01-29 08:27:00-05,
2024-08-11 19:15:00-04,ND0228,N,82,77.59,3.32%,2,ND0228 - US 301 NB AT HYETTS CORNER,12585.1,2019-01-29 08:27:00-05,
2024-08-11 19:20:00-04,ND0228,N,94,78.58,3.54%,2,ND0228 - US 301 NB AT HYETTS CORNER,12585.1,2019-01-29 08:27:00-05,
2024-08-11 19:25:00-04,ND0228,N,90,78.15,3.88%,2,ND0228 - US 301 NB AT HYETTS CORNER,12585.1,2019-01-29 08:27:00-05,
2024-08-11 19:30:00-04,ND0228,N,81,76.32,3.15%,2,ND0228 - US 301 NB AT HYETTS CORNER,12585.1,2019-01-29 08:27:00-05,
2024-08-11 19:35:00-04,ND0228,N,70,77.60,2.89%,2,ND0228 - US 301 NB AT HYETTS CORNER,12585.1,2019-01-29 08:27:00-05,
2024-08-11 19:40:00-04,ND0228,N,45,78.06,1.60%,2,ND0228 - US 301 NB AT HYETTS CORNER,12585.1,2019-01-29 08:27:00-05,
2024-08-11 19:45:00-04,ND0228,N,39,78.06,1.43%,2,ND0228 - US 301 NB AT HYETTS CORNER,12585.1,2019-01-29 08:27:00-05,
2024-08-11 19:50:00-04,ND0228,N,49,77.64,1.81%,2,ND0228 - US 301 NB AT HYETTS CORNER,12585.1,2019-01-29 08:27:00-05,
2024-08-11 19:55:00-04,ND0228,N,45,77.42,1.68%,2,ND0228 - US 301 NB AT HYETTS CORNER,12585.1,2019-01-29 08:27:00-05,
2024-08-11 20:00:00-04,ND0228,N,57,75.94,2.40%,2,ND0228 - US 301 NB AT HYETTS CORNER,12585.1,2019-01-29 08:27:00-05,
2024-08-11 20:05:00-04,ND0228,N,47,74.59,2.13%,2,ND0228 - US 301 NB AT HYETTS CORNER,12585.1,2019-01-29 08:27:00-05,
2024-08-11 20:10:00-04,ND0228,N,46,74.89,2.10%,2,ND0228 - US 301 NB AT HYETTS CORNER,12585.1,2019-01-29 08:27:00-05,
2024-08-11 20:15:00-04,ND0228,N,39,77.46,1.53%,2,ND0228 - US 301 NB AT HYETTS CORNER,12585.1,2019-01-29 08:27:00-05,
2024-08-11 20:20:00-04,ND0228,N,40,77.05,1.81%,2,ND0228 - US 301 NB AT HYETTS CORNER,12585.1,2019-01-29 08:27:00-05,
2024-08-11 20:25:00-04,ND0228,N,44,77.20,1.75%,2,ND0228 - US 301 NB AT HYETTS CORNER,12585.1,2019-01-29 08:27:00-05,
2024-08-11 20:30:00-04,ND0228,N,41,75.47,1.69%,2,ND0228 - US 301 NB AT HYETTS CORNER,12585.1,2019-01-29 08:27:00-05,
2024-08-11 20:35:00-04,ND0228,N,41,70.65,1.87%,2,ND0228 - US 301 NB AT HYETTS CORNER,12585.1,2019-01-29 08:27:00-05,
2024-08-11 20:40:00-04,ND0228,N,37,75.61,1.30%,2,ND0228 - US 301 NB AT HYETTS CORNER,12585.1,2019-01-29 08:27:00-05,
2024-08-11 20:45:00-04,ND0228,N,50,72.79,2.24%,2,ND0228 - US 301 NB AT HYETTS CORNER,12585.1,2019-01-29 08:27:00-05,
2024-08-11 20:50:00-04,ND0228,N,61,71.73,2.76%,2,ND0228 - US 301 NB AT HYETTS CORNER,12585.1,2019-01-29 08:27:00-05,
2024-08-11 20:55:00-04,ND0228,N,34,74.89,1.34%,2,ND0228 - US 301 NB AT HYETTS CORNER,12585.1,2019-01-29 08:27:00-05,
2024-08-11 21:00:00-04,ND0228,N,29,70.39,1.25%,2,ND0228 - US 301 NB AT HYETTS CORNER,12585.1,2019-01-29 08:27:00-05,
2024-08-11 21:05:00-04,ND0228,N,43,71.73,2.27%,2,ND0228 - US 301 NB AT HYETTS CORNER,12585.1,2019-01-29 08:27:00-05,
2024-08-11 21:10:00-04,ND0228,N,32,74.40,1.42%,2,ND0228 - US 301 NB AT HYETTS CORNER,12585.1,2019-01-29 08:27:00-05,
2024-08-11 21:15:00-04,ND0228,N,20,71.17,1.04%,2,ND0228 - US 301 NB AT HYETTS CORNER,12585.1,2019-01-29 08:27:00-05,
2024-08-11 21:20:00-04,ND0228,N,30,73.29,1.39%,2,ND0228 - US 301 NB AT HYETTS CORNER,12585.1,2019-01-29 08:27:00-05,
2024-08-11 21:25:00-04,ND0228,N,41,73.28,2.33%,2,ND0228 - US 301 NB AT HYETTS CORNER,12585.1,2019-01-29 08:27:00-05,
2024-08-11 21:30:00-04,ND0228,N,26,76.43,0.97%,2,ND0228 - US 301 NB AT HYETTS CORNER,12585.1,2019-01-29 08:27:00-05,
2024-08-11 21:35:00-04,ND0228,N,22,72.03,1.12%,2,ND0228 - US 301 NB AT HYETTS CORNER,12585.1,2019-01-29 08:27:00-05,
2024-08-11 21:40:00-04,ND0228,N,19,70.71,1.05%,2,ND0228 - US 301 NB AT HYETTS CORNER,12585.1,2019-01-29 08:27:00-05,
2024-08-11 21:45:00-04,ND0228,N,26,72.12,1.49%,2,ND0228 - US 301 NB AT HYETTS CORNER,12585.1,2019-01-29 08:27:00-05,
2024-08-11 21:50:00-04,ND0228,N,22,72.88,1.13%,2,ND0228 - US 301 NB AT HYETTS CORNER,12585.1,2019-01-29 08:27:00-05,
2024-08-11 21:55:00-04,ND0228,N,23,75.60,1.06%,2,ND0228 - US 301 NB AT HYETTS CORNER,12585.1,2019-01-29 08:27:00-05,
2024-08-11 22:00:00-04,ND0228,N,20,73.09,1.08%,2,ND0228 - US 301 NB AT HYETTS CORNER,12585.1,2019-01-29 08:27:00-05,
2024-08-11 22:05:00-04,ND0228,N,31,73.16,1.87%,2,ND0228 - US 301 NB AT HYETTS CORNER,12585.1,2019-01-29 08:27:00-05,
2024-08-11 22:10:00-04,ND0228,N,15,74.97,0.66%,2,ND0228 - US 301 NB AT HYETTS CORNER,12585.1,2019-01-29 08:27:00-05,
2024-08-11 22:15:00-04,ND0228,N,16,75.04,0.74%,2,ND0228 - US 301 NB AT HYETTS CORNER,12585.1,2019-01-29 08:27:00-05,
2024-08-11 22:20:00-04,ND0228,N,14,72.72,0.91%,2,ND0228 - US 301 NB AT HYETTS CORNER,12585.1,2019-01-29 08:27:00-05,
2024-08-11 22:25:00-04,ND0228,N,15,72.61,0.63%,2,ND0228 - US 301 NB AT HYETTS CORNER,12585.1,2019-01-29 08:27:00-05,
2024-08-11 22:30:00-04,ND0228,N,18,72.17,1.06%,2,ND0228 - US 301 NB AT HYETTS CORNER,12585.1,2019-01-29 08:27:00-05,
2024-08-11 22:35:00-04,ND0228,N,16,70.74,0.92%,2,ND0228 - US 301 NB AT HYETTS CORNER,12585.1,2019-01-29 08:27:00-05,
2024-08-11 22:40:00-04,ND0228,N,19,71.59,0.86%,2,ND0228 - US 301 NB AT HYETTS CORNER,12585.1,2019-01-29 08:27:00-05,
2024-08-11 22:45:00-04,ND0228,N,12,70.94,0.80%,2,ND0228 - US 301 NB AT HYETTS CORNER,12585.1,2019-01-29 08:27:00-05,
2024-08-11 22:50:00-04,ND0228,N,15,73.98,0.56%,2,ND0228 - US 301 NB AT HYETTS CORNER,12585.1,2019-01-29 08:27:00-05,
2024-08-11 22:55:00-04,ND0228,N,13,70.26,1.04%,2,ND0228 - US 301 NB AT HYETTS CORNER,12585.1,2019-01-29 08:27:00-05,
2024-08-11 23:00:00-04,ND0228,N,12,72.46,0.66%,2,ND0228 - US 301 NB AT HYETTS CORNER,12585.1,2019-01-29 08:27:00-05,
2024-08-11 23:05:00-04,ND0228,N,5,69.96,0.41%,2,ND0228 - US 301 NB AT HYETTS CORNER,12585.1,2019-01-29 08:27:00-05,
2024-08-11 23:10:00-04,ND0228,N,5,69.58,0.28%,2,ND0228 - US 301 NB AT HYETTS CORNER,12585.1,2019-01-29 08:27:00-05,
2024-08-11 23:15:00-04,ND0228,N,10,70.10,0.82%,2,ND0228 - US 301 NB AT HYETTS CORNER,12585.1,2019-01-29 08:27:00-05,
2024-08-11 23:20:00-04,ND0228,N,12,75.03,0.96%,2,ND0228 - US 301 NB AT HYETTS CORNER,12585.1,2019-01-29 08:27:00-05,
2024-08-11 23:25:00-04,ND0228,N,12,71.17,0.64%,2,ND0228 - US 301 NB AT HYETTS CORNER,12585.1,2019-01-29 08:27:00-05,
2024-08-11 23:30:00-04,ND0228,N,8,66.24,0.64%,2,ND0228 - US 301 NB AT HYETTS CORNER,12585.1,2019-01-29 08:27:00-05,
2024-08-11 23:35:00-04,ND0228,N,10,68.83,0.65%,2,ND0228 - US 301 NB AT HYETTS CORNER,12585.1,2019-01-29 08:27:00-05,
2024-08-11 23:40:00-04,ND0228,N,9,69.80,0.53%,2,ND0228 - US 301 NB AT HYETTS CORNER,12585.1,2019-01-29 08:27:00-05,
2024-08-11 23:45:00-04,ND0228,N,7,72.66,0.58%,2,ND0228 - US 301 NB AT HYETTS CORNER,12585.1,2019-01-29 08:27:00-05,
2024-08-11 23:50:00-04,ND0228,N,8,71.85,0.39%,2,ND0228 - US 301 NB AT HYETTS CORNER,12585.1,2019-01-29 08:27:00-05,
2024-08-11 23:55:00-04,ND0228,N,5,67.27,0.59%,1,ND0228 - US 301 NB AT HYETTS CORNER,12585.1,2019-01-29 08:27:00-05,
2024-08-12 00:00:00-04,ND0228,N,5,69.35,0.24%,2,ND0228 - US 301 NB AT HYETTS CORNER,12585.1,2019-01-29 08:27:00-05,
2024-08-12 00:05:00-04,ND0228,N,3,59.20,0.41%,1,ND0228 - US 301 NB AT HYETTS CORNER,12585.1,2019-01-29 08:27:00-05,
2024-08-12 00:10:00-04,ND0228,N,2,59.22,0.23%,2,ND0228 - US 301 NB AT HYETTS CORNER,12585.1,2019-01-29 08:27:00-05,
2024-08-12 00:15:00-04,ND0228,N,3,65.31,0.44%,1,ND0228 - US 301 NB AT HYETTS CORNER,12585.1,2019-01-29 08:27:00-05,
2024-08-12 00:20:00-04,ND0228,N,6,65.07,0.34%,2,ND0228 - US 301 NB AT HYETTS CORNER,12585.1,2019-01-29 08:27:00-05,
2024-08-12 00:25:00-04,ND0228,N,5,69.69,0.38%,1,ND0228 - US 301 NB AT HYETTS CORNER,12585.1,2019-01-29 08:27:00-05,
2024-08-12 00:30:00-04,ND0228,N,6,74.95,0.30%,2,ND0228 - US 301 NB AT HYETTS CORNER,12585.1,2019-01-29 08:27:00-05,
2024-08-12 00:35:00-04,ND0228,N,6,78.06,0.39%,2,ND0228 - US 301 NB AT HYETTS CORNER,12585.1,2019-01-29 08:27:00-05,
2024-08-12 00:40:00-04,ND0228,N,6,69.58,0.54%,2,ND0228 - US 301 NB AT HYETTS CORNER,12585.1,2019-01-29 08:27:00-05,
2024-08-12 00:45:00-04,ND0228,N,2,71.46,0.27%,2,ND0228 - US 301 NB AT HYETTS CORNER,12585.1,2019-01-29 08:27:00-05,
2024-08-12 00:50:00-04,ND0228,N,4,64.15,0.40%,2,ND0228 - US 301 NB AT HYETTS CORNER,12585.1,2019-01-29 08:27:00-05,
2024-08-12 00:55:00-04,ND0228,N,8,66.04,0.62%,2,ND0228 - US 301 NB AT HYETTS CORNER,12585.1,2019-01-29 08:27:00-05,
2024-08-12 01:00:00-04,ND0228,N,3,66.86,0.38%,2,ND0228 - US 301 NB AT HYETTS CORNER,12585.1,2019-01-29 08:27:00-05,
2024-08-12 01:05:00-04,ND0228,N,1,71.64,0.06%,1,ND0228 - US 301 NB AT HYETTS CORNER,12585.1,2019-01-29 08:27:00-05,
2024-08-12 01:10:00-04,ND0228,N,2,72.36,0.48%,1,ND0228 - US 301 NB AT HYETTS CORNER,12585.1,2019-01-29 08:27:00-05,
2024-08-12 01:15:00-04,ND0228,N,4,66.43,0.33%,2,ND0228 - US 301 NB AT HYETTS CORNER,12585.1,2019-01-29 08:27:00-05,
2024-08-12 01:20:00-04,ND0228,N,1,65.97,0.27%,1,ND0228 - US 301 NB AT HYETTS CORNER,12585.1,2019-01-29 08:27:00-05,
2024-08-12 01:25:00-04,ND0228,N,1,54.25,0.14%,1,ND0228 - US 301 NB AT HYETTS CORNER,12585.1,2019-01-29 08:27:00-05,
2024-08-12 01:30:00-04,ND0228,N,5,72.42,1.04%,1,ND0228 - US 301 NB AT HYETTS CORNER,12585.1,2019-01-29 08:27:00-05,
2024-08-12 01:35:00-04,ND0228,N,4,72.30,0.25%,2,ND0228 - US 301 NB AT HYETTS CORNER,12585.1,2019-01-29 08:27:00-05,
2024-08-12 01:40:00-04,ND0228,N,1,70.02,0.07%,1,ND0228 - US 301 NB AT HYETTS CORNER,12585.1,2019-01-29 08:27:00-05,
2024-08-12 01:45:00-04,ND0228,N,4,67.43,0.25%,2,ND0228 - US 301 NB AT HYETTS CORNER,12585.1,2019-01-29 08:27:00-05,
2024-08-12 01:50:00-04,ND0228,N,5,70.87,0.40%,2,ND0228 - US 301 NB AT HYETTS CORNER,12585.1,2019-01-29 08:27:00-05,
2024-08-12 01:55:00-04,ND0228,N,6,70.00,1.39%,1,ND0228 - US 301 NB AT HYETTS CORNER,12585.1,2019-01-29 08:27:00-05,
2024-08-12 02:00:00-04,ND0228,N,1,75.93,0.06%,1,ND0228 - US 301 NB AT HYETTS CORNER,12585.1,2019-01-29 08:27:00-05,
2024-08-12 02:05:00-04,ND0228,N,2,65.16,0.16%,1,ND0228 - US 301 NB AT HYETTS CORNER,12585.1,2019-01-29 08:27:00-05,
2024-08-12 02:10:00-04,ND0228,N,1,61.61,0.32%,1,ND0228 - US 301 NB AT HYETTS CORNER,12585.1,2019-01-29 08:27:00-05,
2024-08-12 02:15:00-04,ND0228,N,3,67.59,0.20%,2,ND0228 - US 301 NB AT HYETTS CORNER,12585.1,2019-01-29 08:27:00-05,
2024-08-12 02:20:00-04,ND0228,N,5,69.91,0.38%,2,ND0228 - US 301 NB AT HYETTS CORNER,12585.1,2019-01-29 08:27:00-05,
2024-08-12 02:25:00-04,ND0228,N,2,68.50,0.46%,1,ND0228 - US 301 NB AT HYETTS CORNER,12585.1,2019-01-29 08:27:00-05,
2024-08-12 02:30:00-04,ND0228,N,3,76.05,0.18%,2,ND0228 - US 301 NB AT HYETTS CORNER,12585.1,2019-01-29 08:27:00-05,
2024-08-12 02:35:00-04,ND0228,N,1,67.56,0.28%,1,ND0228 - US 301 NB AT HYETTS CORNER,12585.1,2019-01-29 08:27:00-05,
2024-08-12 02:40:00-04,ND0228,N,8,70.06,0.63%,2,ND0228 - US 301 NB AT HYETTS CORNER,12585.1,2019-01-29 08:27:00-05,
2024-08-12 02:45:00-04,ND0228,N,6,71.93,0.89%,1,ND0228 - US 301 NB AT HYETTS CORNER,12585.1,2019-01-29 08:27:00-05,
2024-08-12 02:50:00-04,ND0228,N,6,75.73,0.58%,2,ND0228 - US 301 NB AT HYETTS CORNER,12585.1,2019-01-29 08:27:00-05,
2024-08-12 02:55:00-04,ND0228,N,6,71.91,0.66%,2,ND0228 - US 301 NB AT HYETTS CORNER,12585.1,2019-01-29 08:27:00-05,
2024-08-12 03:00:00-04,ND0228,N,1,74.00,0.08%,1,ND0228 - US 301 NB AT HYETTS CORNER,12585.1,2019-01-29 08:27:00-05,
2024-08-12 03:05:00-04,ND0228,N,2,68.67,0.16%,1,ND0228 - US 301 NB AT HYETTS CORNER,12585.1,2019-01-29 08:27:00-05,
2024-08-12 03:10:00-04,ND0228,N,1,57.02,0.13%,1,ND0228 - US 301 NB AT HYETTS CORNER,12585.1,2019-01-29 08:27:00-05,
2024-08-12 03:15:00-04,ND0228,N,5,69.40,0.27%,2,ND0228 - US 301 NB AT HYETTS CORNER,12585.1,2019-01-29 08:27:00-05,
2024-08-12 03:20:00-04,ND0228,N,4,67.75,0.17%,2,ND0228 - US 301 NB AT HYETTS CORNER,12585.1,2019-01-29 08:27:00-05,
2024-08-12 03:25:00-04,ND0228,N,4,73.87,0.22%,2,ND0228 - US 301 NB AT HYETTS CORNER,12585.1,2019-01-29 08:27:00-05,
2024-08-12 03:30:00-04,ND0228,N,8,76.48,0.64%,2,ND0228 - US 301 NB AT HYETTS CORNER,12585.1,2019-01-29 08:27:00-05,
2024-08-12 03:35:00-04,ND0228,N,7,70.27,0.48%,2,ND0228 - US 301 NB AT HYETTS CORNER,12585.1,2019-01-29 08:27:00-05,
2024-08-12 03:40:00-04,ND0228,N,9,72.90,0.56%,2,ND0228 - US 301 NB AT HYETTS CORNER,12585.1,2019-01-29 08:27:00-05,
2024-08-12 03:45:00-04,ND0228,N,4,75.54,0.33%,1,ND0228 - US 301 NB AT HYETTS CORNER,12585.1,2019-01-29 08:27:00-05,
2024-08-12 03:50:00-04,ND0228,N,6,70.34,0.33%,2,ND0228 - US 301 NB AT HYETTS CORNER,12585.1,2019-01-29 08:27:00-05,
2024-08-12 03:55:00-04,ND0228,N,8,72.29,0.52%,2,ND0228 - US 301 NB AT HYETTS CORNER,12585.1,2019-01-29 08:27:00-05,
2024-08-12 04:00:00-04,ND0228,N,11,75.20,0.59%,2,ND0228 - US 301 NB AT HYETTS CORNER,12585.1,2019-01-29 08:27:00-05,
2024-08-12 04:05:00-04,ND0228,N,5,68.36,0.77%,1,ND0228 - US 301 NB AT HYETTS CORNER,12585.1,2019-01-29 08:27:00-05,
2024-08-12 04:10:00-04,ND0228,N,10,72.26,0.55%,2,ND0228 - US 301 NB AT HYETTS CORNER,12585.1,2019-01-29 08:27:00-05,
2024-08-12 04:15:00-04,ND0228,N,10,72.21,0.60%,2,ND0228 - US 301 NB AT HYETTS CORNER,12585.1,2019-01-29 08:27:00-05,
2024-08-12 04:20:00-04,ND0228,N,12,74.09,0.62%,2,ND0228 - US 301 NB AT HYETTS CORNER,12585.1,2019-01-29 08:27:00-05,
2024-08-12 04:25:00-04,ND0228,N,14,69.84,0.95%,2,ND0228 - US 301 NB AT HYETTS CORNER,12585.1,2019-01-29 08:27:00-05,
2024-08-12 04:30:00-04,ND0228,N,9,76.73,0.46%,2,ND0228 - US 301 NB AT HYETTS CORNER,12585.1,2019-01-29 08:27:00-05,
2024-08-12 04:35:00-04,ND0228,N,10,70.76,0.54%,2,ND0228 - US 301 NB AT HYETTS CORNER,12585.1,2019-01-29 08:27:00-05,
2024-08-12 04:40:00-04,ND0228,N,15,75.67,0.74%,2,ND0228 - US 301 NB AT HYETTS CORNER,12585.1,2019-01-29 08:27:00-05,
2024-08-12 04:45:00-04,ND0228,N,20,77.09,1.15%,2,ND0228 - US 301 NB AT HYETTS CORNER,12585.1,2019-01-29 08:27:00-05,
2024-08-12 04:50:00-04,ND0228,N,18,71.05,1.26%,2,ND0228 - US 301 NB AT HYETTS CORNER,12585.1,2019-01-29 08:27:00-05,
2024-08-12 04:55:00-04,ND0228,N,9,72.61,1.27%,1,ND0228 - US 301 NB AT HYETTS CORNER,12585.1,2019-01-29 08:27:00-05,
2024-08-12 05:00:00-04,ND0228,N,22,73.20,1.35%,2,ND0228 - US 301 NB AT HYETTS CORNER,12585.1,2019-01-29 08:27:00-05,
2024-08-12 05:05:00-04,ND0228,N,20,76.33,0.98%,2,ND0228 - US 301 NB AT HYETTS CORNER,12585.1,2019-01-29 08:27:00-05,
2024-08-12 05:10:00-04,ND0228,N,18,74.99,0.71%,2,ND0228 - US 301 NB AT HYETTS CORNER,12585.1,2019-01-29 08:27:00-05,
2024-08-12 05:15:00-04,ND0228,N,31,75.32,1.63%,2,ND0228 - US 301 NB AT HYETTS CORNER,12585.1,2019-01-29 08:27:00-05,
2024-08-12 05:20:00-04,ND0228,N,33,75.56,1.39%,2,ND0228 - US 301 NB AT HYETTS CORNER,12585.1,2019-01-29 08:27:00-05,
2024-08-12 05:25:00-04,ND0228,N,30,76.26,1.28%,2,ND0228 - US 301 NB AT HYETTS CORNER,12585.1,2019-01-29 08:27:00-05,
2024-08-12 05:30:00-04,ND0228,N,22,77.06,0.88%,2,ND0228 - US 301 NB AT HYETTS CORNER,12585.1,2019-01-29 08:27:00-05,
2024-08-12 05:35:00-04,ND0228,N,34,74.27,1.55%,2,ND0228 - US 301 NB AT HYETTS CORNER,12585.1,2019-01-29 08:27:00-05,
2024-08-12 05:40:00-04,ND0228,N,35,75.38,1.47%,2,ND0228 - US 301 NB AT HYETTS CORNER,12585.1,2019-01-29 08:27:00-05,
2024-08-12 05:45:00-04,ND0228,N,40,77.80,1.57%,2,ND0228 - US 301 NB AT HYETTS CORNER,12585.1,2019-01-29 08:27:00-05,
2024-08-12 05:50:00-04,ND0228,N,40,74.71,2.06%,2,ND0228 - US 301 NB AT HYETTS CORNER,12585.1,2019-01-29 08:27:00-05,
2024-08-12 05:55:00-04,ND0228,N,42,77.74,1.60%,2,ND0228 - US 301 NB AT HYETTS CORNER,12585.1,2019-01-29 08:27:00-05,
2024-08-12 06:00:00-04,ND0228,N,30,77.79,1.09%,2,ND0228 - US 301 NB AT HYETTS CORNER,12585.1,2019-01-29 08:27:00-05,
2024-08-12 06:05:00-04,ND0228,N,41,78.40,1.65%,2,ND0228 - US 301 NB AT HYETTS CORNER,12585.1,2019-01-29 08:27:00-05,
2024-08-12 06:10:00-04,ND0228,N,60,77.18,2.40%,2,ND0228 - US 301 NB AT HYETTS CORNER,12585.1,2019-01-29 08:27:00-05,
2024-08-12 06:15:00-04,ND0228,N,52,76.32,2.16%,2,ND0228 - US 301 NB AT HYETTS CORNER,12585.1,2019-01-29 08:27:00-05,
2024-08-12 06:20:00-04,ND0228,N,47,76.85,2.37%,2,ND0228 - US 301 NB AT HYETTS CORNER,12585.1,2019-01-29 08:27:00-05,
2024-08-12 06:25:00-04,ND0228,N,60,78.94,2.13%,2,ND0228 - US 301 NB AT HYETTS CORNER,12585.1,2019-01-29 08:27:00-05,
2024-08-12 06:30:00-04,ND0228,N,55,77.30,2.25%,2,ND0228 - US 301 NB AT HYETTS CORNER,12585.1,2019-01-29 08:27:00-05,
2024-08-12 06:35:00-04,ND0228,N,75,78.58,2.95%,2,ND0228 - US 301 NB AT HYETTS CORNER,12585.1,2019-01-29 08:27:00-05,
2024-08-12 06:40:00-04,ND0228,N,71,80.01,2.71%,2,ND0228 - US 301 NB AT HYETTS CORNER,12585.1,2019-01-29 08:27:00-05,
2024-08-12 06:45:00-04,ND0228,N,74,76.16,2.71%,2,ND0228 - US 301 NB AT HYETTS CORNER,12585.1,2019-01-29 08:27:00-05,
2024-08-12 06:50:00-04,ND0228,N,65,77.16,2.45%,2,ND0228 - US 301 NB AT HYETTS CORNER,12585.1,2019-01-29 08:27:00-05,
2024-08-12 06:55:00-04,ND0228,N,66,77.63,2.34%,2,ND0228 - US 301 NB AT HYETTS CORNER,12585.1,2019-01-29 08:27:00-05,
2024-08-12 07:00:00-04,ND0228,N,62,74.49,2.22%,2,ND0228 - US 301 NB AT HYETTS CORNER,12585.1,2019-01-29 08:27:00-05,
2024-08-12 07:05:00-04,ND0228,N,53,75.03,2.36%,2,ND0228 - US 301 NB AT HYETTS CORNER,12585.1,2019-01-29 08:27:00-05,
2024-08-12 07:10:00-04,ND0228,N,89,75.81,3.66%,2,ND0228 - US 301 NB AT HYETTS CORNER,12585.1,2019-01-29 08:27:00-05,
2024-08-12 07:15:00-04,ND0228,N,86,75.00,3.60%,2,ND0228 - US 301 NB AT HYETTS CORNER,12585.1,2019-01-29 08:27:00-05,
2024-08-12 07:20:00-04,ND0228,N,81,78.32,2.85%,2,ND0228 - US 301 NB AT HYETTS CORNER,12585.1,2019-01-29 08:27:00-05,
2024-08-12 07:25:00-04,ND0228,N,93,74.29,3.88%,2,ND0228 - US 301 NB AT HYETTS CORNER,12585.1,2019-01-29 08:27:00-05,
2024-08-12 07:30:00-04,ND0228,N,86,74.17,3.43%,2,ND0228 - US 301 NB AT HYETTS CORNER,12585.1,2019-01-29 08:27:00-05,
2024-08-12 07:35:00-04,ND0228,N,91,76.01,3.46%,2,ND0228 - US 301 NB AT HYETTS CORNER,12585.1,2019-01-29 08:27:00-05,
2024-08-12 07:40:00-04,ND0228,N,91,77.55,3.91%,2,ND0228 - US 301 NB AT HYETTS CORNER,12585.1,2019-01-29 08:27:00-05,
2024-08-12 07:45:00-04,ND0228,N,69,76.17,2.73%,2,ND0228 - US 301 NB AT HYETTS CORNER,12585.1,2019-01-29 08:27:00-05,
2024-08-12 07:50:00-04,ND0228,N,86,76.93,3.31%,2,ND0228 - US 301 NB AT HYETTS CORNER,12585.1,2019-01-29 08:27:00-05,
2024-08-12 07:55:00-04,ND0228,N,91,76.76,3.14%,2,ND0228 - US 301 NB AT HYETTS CORNER,12585.1,2019-01-29 08:27:00-05,
2024-08-12 08:00:00-04,ND0228,N,63,78.30,2.46%,2,ND0228 - US 301 NB AT HYETTS CORNER,12585.1,2019-01-29 08:27:00-05,
2024-08-12 08:05:00-04,ND0228,N,63,75.17,2.63%,2,ND0228 - US 301 NB AT HYETTS CORNER,12585.1,2019-01-29 08:27:00-05,
2024-08-12 08:10:00-04,ND0228,N,68,75.20,2.70%,2,ND0228 - US 301 NB AT HYETTS CORNER,12585.1,2019-01-29 08:27:00-05,
2024-08-12 08:15:00-04,ND0228,N,54,76.54,2.08%,2,ND0228 - US 301 NB AT HYETTS CORNER,12585.1,2019-01-29 08:27:00-05,
2024-08-12 08:20:00-04,ND0228,N,84,75.73,3.47%,2,ND0228 - US 301 NB AT HYETTS CORNER,12585.1,2019-01-29 08:27:00-05,
2024-08-12 08:25:00-04,ND0228,N,68,74.60,2.91%,2,ND0228 - US 301 NB AT HYETTS CORNER,12585.1,2019-01-29 08:27:00-05,
2024-08-12 08:30:00-04,ND0228,N,93,73.99,4.07%,2,ND0228 - US 301 NB AT HYETTS CORNER,12585.1,2019-01-29 08:27:00-05,
2024-08-12 08:35:00-04,ND0228,N,71,74.47,2.96%,2,ND0228 - US 301 NB AT HYETTS CORNER,12585.1,2019-01-29 08:27:00-05,
2024-08-12 08:40:00-04,ND0228,N,68,76.28,2.68%,2,ND0228 - US 301 NB AT HYETTS CORNER,12585.1,2019-01-29 08:27:00-05,
2024-08-12 08:45:00-04,ND0228,N,70,75.04,3.01%,2,ND0228 - US 301 NB AT HYETTS CORNER,12585.1,2019-01-29 08:27:00-05,
2024-08-12 08:50:00-04,ND0228,N,55,73.89,2.21%,2,ND0228 - US 301 NB AT HYETTS CORNER,12585.1,2019-01-29 08:27:00-05,
2024-08-12 08:55:00-04,ND0228,N,62,77.51,2.59%,2,ND0228 - US 301 NB AT HYETTS CORNER,12585.1,2019-01-29 08:27:00-05,
2024-08-12 09:00:00-04,ND0228,N,59,74.95,2.39%,2,ND0228 - US 301 NB AT HYETTS CORNER,12585.1,2019-01-29 08:27:00-05,
2024-08-12 09:05:00-04,ND0228,N,55,75.52,2.49%,2,ND0228 - US 301 NB AT HYETTS CORNER,12585.1,2019-01-29 08:27:00-05,
2024-08-12 09:10:00-04,ND0228,N,54,74.35,2.43%,2,ND0228 - US 301 NB AT HYETTS CORNER,12585.1,2019-01-29 08:27:00-05,
2024-08-12 09:15:00-04,ND0228,N,44,75.92,1.72%,2,ND0228 - US 301 NB AT HYETTS CORNER,12585.1,2019-01-29 08:27:00-05,
2024-08-12 09:20:00-04,ND0228,N,49,74.82,2.17%,2,ND0228 - US 301 NB AT HYETTS CORNER,12585.1,2019-01-29 08:27:00-05,
2024-08-12 09:25:00-04,ND0228,N,43,74.80,1.90%,2,ND0228 - US 301 NB AT HYETTS CORNER,12585.1,2019-01-29 08:27:00-05,
2024-08-12 09:30:00-04,ND0228,N,56,75.10,2.58%,2,ND0228 - US 301 NB AT HYETTS CORNER,12585.1,2019-01-29 08:27:00-05,
2024-08-12 09:35:00-04,ND0228,N,56,74.15,2.69%,2,ND0228 - US 301 NB AT HYETTS CORNER,12585.1,2019-01-29 08:27:00-05,
2024-08-12 09:40:00-04,ND0228,N,49,75.01,2.33%,2,ND0228 - US 301 NB AT HYETTS CORNER,12585.1,2019-01-29 08:27:00-05,
2024-08-12 09:45:00-04,ND0228,N,54,73.79,2.53%,2,ND0228 - US 301 NB AT HYETTS CORNER,12585.1,2019-01-29 08:27:00-05,
2024-08-12 09:50:00-04,ND0228,N,31,74.05,1.46%,2,ND0228 - US 301 NB AT HYETTS CORNER,12585.1,2019-01-29 08:27:00-05,
2024-08-12 09:55:00-04,ND0228,N,42,73.81,1.82%,2,ND0228 - US 301 NB AT HYETTS CORNER,12585.1,2019-01-29 08:27:00-05,
2024-08-12 10:00:00-04,ND0228,N,33,76.70,1.31%,2,ND0228 - US 301 NB AT HYETTS CORNER,12585.1,2019-01-29 08:27:00-05,
2024-08-12 10:05:00-04,ND0228,N,41,74.17,2.13%,2,ND0228 - US 301 NB AT HYETTS CORNER,12585.1,2019-01-29 08:27:00-05,
2024-08-12 10:10:00-04,ND0228,N,39,73.66,1.59%,2,ND0228 - US 301 NB AT HYETTS CORNER,12585.1,2019-01-29 08:27:00-05,
2024-08-12 10:15:00-04,ND0228,N,43,74.98,1.86%,2,ND0228 - US 301 NB AT HYETTS CORNER,12585.1,2019-01-29 08:27:00-05,
2024-08-12 10:20:00-04,ND0228,N,62,76.05,2.57%,2,ND0228 - US 301 NB AT HYETTS CORNER,12585.1,2019-01-29 08:27:00-05,
2024-08-12 10:25:00-04,ND0228,N,54,75.63,2.56%,2,ND0228 - US 301 NB AT HYETTS CORNER,12585.1,2019-01-29 08:27:00-05,
2024-08-12 10:30:00-04,ND0228,N,48,75.61,2.22%,2,ND0228 - US 301 NB AT HYETTS CORNER,12585.1,2019-01-29 08:27:00-05,
2024-08-12 10:35:00-04,ND0228,N,35,73.03,1.38%,2,ND0228 - US 301 NB AT HYETTS CORNER,12585.1,2019-01-29 08:27:00-05,
2024-08-12 10:40:00-04,ND0228,N,41,73.79,2.04%,2,ND0228 - US 301 NB AT HYETTS CORNER,12585.1,2019-01-29 08:27:00-05,
2024-08-12 10:45:00-04,ND0228,N,66,74.05,3.00%,2,ND0228 - US 301 NB AT HYETTS CORNER,12585.1,2019-01-29 08:27:00-05,
2024-08-12 10:50:00-04,ND0228,N,42,75.31,2.20%,2,ND0228 - US 301 NB AT HYETTS CORNER,12585.1,2019-01-29 08:27:00-05,
2024-08-12 10:55:00-04,ND0228,N,47,73.28,2.01%,2,ND0228 - US 301 NB AT HYETTS CORNER,12585.1,2019-01-29 08:27:00-05,
2024-08-12 11:00:00-04,ND0228,N,39,75.47,1.66%,2,ND0228 - US 301 NB AT HYETTS CORNER,12585.1,2019-01-29 08:27:00-05,
2024-08-12 11:05:00-04,ND0228,N,43,74.68,1.89%,2,ND0228 - US 301 NB AT HYETTS CORNER,12585.1,2019-01-29 08:27:00-05,
2024-08-12 11:10:00-04,ND0228,N,51,72.36,2.74%,2,ND0228 - US 301 NB AT HYETTS CORNER,12585.1,2019-01-29 08:27:00-05,
2024-08-12 11:15:00-04,ND0228,N,39,74.80,1.69%,2,ND0228 - US 301 NB AT HYETTS CORNER,12585.1,2019-01-29 08:27:00-05,
2024-08-12 11:20:00-04,ND0228,N,47,75.51,2.03%,2,ND0228 - US 301 NB AT HYETTS CORNER,12585.1,2019-01-29 08:27:00-05,
2024-08-12 11:25:00-04,ND0228,N,44,74.59,2.16%,2,ND0228 - US 301 NB AT HYETTS CORNER,12585.1,2019-01-29 08:27:00-05,
2024-08-12 11:30:00-04,ND0228,N,55,74.41,2.28%,2,ND0228 - US 301 NB AT HYETTS CORNER,12585.1,2019-01-29 08:27:00-05,
2024-08-12 11:35:00-04,ND0228,N,43,73.63,2.04%,2,ND0228 - US 301 NB AT HYETTS CORNER,12585.1,2019-01-29 08:27:00-05,
2024-08-12 11:40:00-04,ND0228,N,32,72.67,1.50%,2,ND0228 - US 301 NB AT HYETTS CORNER,12585.1,2019-01-29 08:27:00-05,
2024-08-12 11:45:00-04,ND0228,N,52,73.40,2.35%,2,ND0228 - US 301 NB AT HYETTS CORNER,12585.1,2019-01-29 08:27:00-05,
2024-08-12 11:50:00-04,ND0228,N,41,72.38,1.93%,2,ND0228 - US 301 NB AT HYETTS CORNER,12585.1,2019-01-29 08:27:00-05,
2024-08-12 11:55:00-04,ND0228,N,41,75.53,1.66%,2,ND0228 - US 301 NB AT HYETTS CORNER,12585.1,2019-01-29 08:27:00-05,
2024-08-12 12:00:00-04,ND0228,N,35,75.79,1.44%,2,ND0228 - US 301 NB AT HYETTS CORNER,12585.1,2019-01-29 08:27:00-05,
2024-08-12 12:05:00-04,ND0228,N,48,74.33,2.33%,2,ND0228 - US 301 NB AT HYETTS CORNER,12585.1,2019-01-29 08:27:00-05,
2024-08-12 12:10:00-04,ND0228,N,43,75.05,1.89%,2,ND0228 - US 301 NB AT HYETTS CORNER,12585.1,2019-01-29 08:27:00-05,
2024-08-12 12:15:00-04,ND0228,N,31,73.27,1.47%,2,ND0228 - US 301 NB AT HYETTS CORNER,12585.1,2019-01-29 08:27:00-05,
2024-08-12 12:20:00-04,ND0228,N,52,74.80,2.45%,2,ND0228 - US 301 NB AT HYETTS CORNER,12585.1,2019-01-29 08:27:00-05,
2024-08-12 12:25:00-04,ND0228,N,39,74.95,1.80%,2,ND0228 - US 301 NB AT HYETTS CORNER,12585.1,2019-01-29 08:27:00-05,
2024-08-12 12:30:00-04,ND0228,N,41,74.75,1.85%,2,ND0228 - US 301 NB AT HYETTS CORNER,12585.1,2019-01-29 08:27:00-05,
2024-08-12 12:35:00-04,ND0228,N,50,75.22,1.98%,2,ND0228 - US 301 NB AT HYETTS CORNER,12585.1,2019-01-29 08:27:00-05,
2024-08-12 12:40:00-04,ND0228,N,56,73.82,2.60%,2,ND0228 - US 301 NB AT HYETTS CORNER,12585.1,2019-01-29 08:27:00-05,
2024-08-12 12:45:00-04,ND0228,N,38,73.06,1.74%,2,ND0228 - US 301 NB AT HYETTS CORNER,12585.1,2019-01-29 08:27:00-05,
2024-08-12 12:50:00-04,ND0228,N,50,74.70,1.88%,2,ND0228 - US 301 NB AT HYETTS CORNER,12585.1,2019-01-29 08:27:00-05,
2024-08-12 12:55:00-04,ND0228,N,49,75.26,1.94%,2,ND0228 - US 301 NB AT HYETTS CORNER,12585.1,2019-01-29 08:27:00-05,
2024-08-12 13:00:00-04,ND0228,N,43,74.52,1.96%,2,ND0228 - US 301 NB AT HYETTS CORNER,12585.1,2019-01-29 08:27:00-05,
2024-08-12 13:05:00-04,ND0228,N,37,73.53,1.83%,2,ND0228 - US 301 NB AT HYETTS CORNER,12585.1,2019-01-29 08:27:00-05,
2024-08-12 13:10:00-04,ND0228,N,43,75.40,2.17%,2,ND0228 - US 301 NB AT HYETTS CORNER,12585.1,2019-01-29 08:27:00-05,
2024-08-12 13:15:00-04,ND0228,N,42,74.20,1.99%,2,ND0228 - US 301 NB AT HYETTS CORNER,12585.1,2019-01-29 08:27:00-05,
2024-08-12 13:20:00-04,ND0228,N,34,75.77,1.33%,2,ND0228 - US 301 NB AT HYETTS CORNER,12585.1,2019-01-29 08:27:00-05,
2024-08-12 13:25:00-04,ND0228,N,60,75.69,2.55%,2,ND0228 - US 301 NB AT HYETTS CORNER,12585.1,2019-01-29 08:27:00-05,
2024-08-12 13:30:00-04,ND0228,N,50,74.98,2.18%,2,ND0228 - US 301 NB AT HYETTS CORNER,12585.1,2019-01-29 08:27:00-05,
2024-08-12 13:35:00-04,ND0228,N,55,74.88,2.31%,2,ND0228 - US 301 NB AT HYETTS CORNER,12585.1,2019-01-29 08:27:00-05,
2024-08-12 13:40:00-04,ND0228,N,40,75.45,1.88%,2,ND0228 - US 301 NB AT HYETTS CORNER,12585.1,2019-01-29 08:27:00-05,
2024-08-12 13:45:00-04,ND0228,N,47,75.87,2.46%,2,ND0228 - US 301 NB AT HYETTS CORNER,12585.1,2019-01-29 08:27:00-05,
2024-08-12 13:50:00-04,ND0228,N,55,76.34,2.48%,2,ND0228 - US 301 NB AT HYETTS CORNER,12585.1,2019-01-29 08:27:00-05,
2024-08-12 13:55:00-04,ND0228,N,45,75.54,1.97%,2,ND0228 - US 301 NB AT HYETTS CORNER,12585.1,2019-01-29 08:27:00-05,
2024-08-12 14:00:00-04,ND0228,N,50,73.60,2.01%,2,ND0228 - US 301 NB AT HYETTS CORNER,12585.1,2019-01-29 08:27:00-05,
2024-08-12 14:05:00-04,ND0228,N,44,75.48,2.06%,2,ND0228 - US 301 NB AT HYETTS CORNER,12585.1,2019-01-29 08:27:00-05,
2024-08-12 14:10:00-04,ND0228,N,66,74.66,3.10%,2,ND0228 - US 301 NB AT HYETTS CORNER,12585.1,2019-01-29 08:27:00-05,
2024-08-12 14:15:00-04,ND0228,N,51,75.19,2.25%,2,ND0228 - US 301 NB AT HYETTS CORNER,12585.1,2019-01-29 08:27:00-05,
2024-08-12 14:20:00-04,ND0228,N,52,78.40,2.39%,2,ND0228 - US 301 NB AT HYETTS CORNER,12585.1,2019-01-29 08:27:00-05,
2024-08-12 14:25:00-04,ND0228,N,55,74.68,2.46%,2,ND0228 - US 301 NB AT HYETTS CORNER,12585.1,2019-01-29 08:27:00-05,
2024-08-12 14:30:00-04,ND0228,N,47,77.63,1.96%,2,ND0228 - US 301 NB AT HYETTS CORNER,12585.1,2019-01-29 08:27:00-05,
2024-08-12 14:35:00-04,ND0228,N,42,76.40,1.95%,2,ND0228 - US 301 NB AT HYETTS CORNER,12585.1,2019-01-29 08:27:00-05,
2024-08-12 14:40:00-04,ND0228,N,41,77.59,1.96%,2,ND0228 - US 301 NB AT HYETTS CORNER,12585.1,2019-01-29 08:27:00-05,
2024-08-12 14:45:00-04,ND0228,N,48,75.43,2.28%,2,ND0228 - US 301 NB AT HYETTS CORNER,12585.1,2019-01-29 08:27:00-05,
2024-08-12 14:50:00-04,ND0228,N,56,76.99,2.34%,2,ND0228 - US 301 NB AT HYETTS CORNER,12585.1,2019-01-29 08:27:00-05,
2024-08-12 14:55:00-04,ND0228,N,38,75.88,1.85%,2,ND0228 - US 301 NB AT HYETTS CORNER,12585.1,2019-01-29 08:27:00-05,
2024-08-12 15:00:00-04,ND0228,N,44,79.07,1.66%,2,ND0228 - US 301 NB AT HYETTS CORNER,12585.1,2019-01-29 08:27:00-05,
2024-08-12 15:05:00-04,ND0228,N,45,76.39,2.04%,2,ND0228 - US 301 NB AT HYETTS CORNER,12585.1,2019-01-29 08:27:00-05,
2024-08-12 15:10:00-04,ND0228,N,39,75.23,1.94%,2,ND0228 - US 301 NB AT HYETTS CORNER,12585.1,2019-01-29 08:27:00-05,
2024-08-12 15:15:00-04,ND0228,N,51,77.59,2.12%,2,ND0228 - US 301 NB AT HYETTS CORNER,12585.1,2019-01-29 08:27:00-05,
2024-08-12 15:20:00-04,ND0228,N,65,77.19,2.80%,2,ND0228 - US 301 NB AT HYETTS CORNER,12585.1,2019-01-29 08:27:00-05,
2024-08-12 15:25:00-04,ND0228,N,53,74.51,2.21%,2,ND0228 - US 301 NB AT HYETTS CORNER,12585.1,2019-01-29 08:27:00-05,
2024-08-12 15:30:00-04,ND0228,N,57,75.11,2.55%,2,ND0228 - US 301 NB AT HYETTS CORNER,12585.1,2019-01-29 08:27:00-05,
2024-08-12 15:35:00-04,ND0228,N,47,77.92,2.34%,2,ND0228 - US 301 NB AT HYETTS CORNER,12585.1,2019-01-29 08:27:00-05,
2024-08-12 15:40:00-04,ND0228,N,61,76.04,2.46%,2,ND0228 - US 301 NB AT HYETTS CORNER,12585.1,2019-01-29 08:27:00-05,
2024-08-12 15:45:00-04,ND0228,N,56,75.63,2.48%,2,ND0228 - US 301 NB AT HYETTS CORNER,12585.1,2019-01-29 08:27:00-05,
2024-08-12 15:50:00-04,ND0228,N,52,76.24,2.70%,2,ND0228 - US 301 NB AT HYETTS CORNER,12585.1,2019-01-29 08:27:00-05,
2024-08-12 15:55:00-04,ND0228,N,69,77.30,3.05%,2,ND0228 - US 301 NB AT HYETTS CORNER,12585.1,2019-01-29 08:27:00-05,
2024-08-12 16:00:00-04,ND0228,N,62,75.79,2.64%,2,ND0228 - US 301 NB AT HYETTS CORNER,12585.1,2019-01-29 08:27:00-05,
2024-08-12 16:05:00-04,ND0228,N,61,78.04,2.35%,2,ND0228 - US 301 NB AT HYETTS CORNER,12585.1,2019-01-29 08:27:00-05,
2024-08-12 16:10:00-04,ND0228,N,67,77.24,2.76%,2,ND0228 - US 301 NB AT HYETTS CORNER,12585.1,2019-01-29 08:27:00-05,
2024-08-12 16:15:00-04,ND0228,N,53,76.51,1.98%,2,ND0228 - US 301 NB AT HYETTS CORNER,12585.1,2019-01-29 08:27:00-05,
2024-08-12 16:20:00-04,ND0228,N,68,77.63,2.98%,2,ND0228 - US 301 NB AT HYETTS CORNER,12585.1,2019-01-29 08:27:00-05,
2024-08-12 16:25:00-04,ND0228,N,47,79.07,2.00%,2,ND0228 - US 301 NB AT HYETTS CORNER,12585.1,2019-01-29 08:27:00-05,
2024-08-12 16:30:00-04,ND0228,N,69,78.13,2.82%,2,ND0228 - US 301 NB AT HYETTS CORNER,12585.1,2019-01-29 08:27:00-05,
2024-08-12 16:35:00-04,ND0228,N,67,78.00,2.44%,2,ND0228 - US 301 NB AT HYETTS CORNER,12585.1,2019-01-29 08:27:00-05,
2024-08-12 16:40:00-04,ND0228,N,72,77.66,3.03%,2,ND0228 - US 301 NB AT HYETTS CORNER,12585.1,2019-01-29 08:27:00-05,
2024-08-12 16:45:00-04,ND0228,N,56,75.80,2.18%,2,ND0228 - US 301 NB AT HYETTS CORNER,12585.1,2019-01-29 08:27:00-05,
2024-08-12 16:50:00-04,ND0228,N,66,77.77,2.89%,2,ND0228 - US 301 NB AT HYETTS CORNER,12585.1,2019-01-29 08:27:00-05,
2024-08-12 16:55:00-04,ND0228,N,77,75.03,3.56%,2,ND0228 - US 301 NB AT HYETTS CORNER,12585.1,2019-01-29 08:27:00-05,
2024-08-12 17:00:00-04,ND0228,N,59,75.02,2.41%,2,ND0228 - US 301 NB AT HYETTS CORNER,12585.1,2019-01-29 08:27:00-05,
2024-08-12 17:05:00-04,ND0228,N,54,76.82,2.40%,2,ND0228 - US 301 NB AT HYETTS CORNER,12585.1,2019-01-29 08:27:00-05,
2024-08-12 17:10:00-04,ND0228,N,72,77.63,3.06%,2,ND0228 - US 301 NB AT HYETTS CORNER,12585.1,2019-01-29 08:27:00-05,
2024-08-12 17:15:00-04,ND0228,N,79,77.00,3.64%,2,ND0228 - US 301 NB AT HYETTS CORNER,12585.1,2019-01-29 08:27:00-05,
2024-08-12 17:20:00-04,ND0228,N,84,75.02,3.66%,2,ND0228 - US 301 NB AT HYETTS CORNER,12585.1,2019-01-29 08:27:00-05,
2024-08-12 17:25:00-04,ND0228,N,80,75.41,3.48%,2,ND0228 - US 301 NB AT HYETTS CORNER,12585.1,2019-01-29 08:27:00-05,
2024-08-12 17:30:00-04,ND0228,N,72,77.08,2.83%,2,ND0228 - US 301 NB AT HYETTS CORNER,12585.1,2019-01-29 08:27:00-05,
2024-08-12 17:35:00-04,ND0228,N,56,78.47,2.46%,2,ND0228 - US 301 NB AT HYETTS CORNER,12585.1,2019-01-29 08:27:00-05,
2024-08-12 17:40:00-04,ND0228,N,90,77.15,3.42%,2,ND0228 - US 301 NB AT HYETTS CORNER,12585.1,2019-01-29 08:27:00-05,
2024-08-12 17:45:00-04,ND0228,N,69,77.90,3.20%,2,ND0228 - US 301 NB AT HYETTS CORNER,12585.1,2019-01-29 08:27:00-05,
2024-08-12 17:50:00-04,ND0228,N,59,79.28,2.43%,2,ND0228 - US 301 NB AT HYETTS CORNER,12585.1,2019-01-29 08:27:00-05,
2024-08-12 17:55:00-04,ND0228,N,63,75.90,2.86%,2,ND0228 - US 301 NB AT HYETTS CORNER,12585.1,2019-01-29 08:27:00-05,
2024-08-12 18:00:00-04,ND0228,N,70,76.86,3.09%,2,ND0228 - US 301 NB AT HYETTS CORNER,12585.1,2019-01-29 08:27:00-05,
2024-08-12 18:05:00-04,ND0228,N,86,77.20,3.33%,2,ND0228 - US 301 NB AT HYETTS CORNER,12585.1,2019-01-29 08:27:00-05,
2024-08-12 18:10:00-04,ND0228,N,73,78.26,3.01%,2,ND0228 - US 301 NB AT HYETTS CORNER,12585.1,2019-01-29 08:27:00-05,
2024-08-12 18:15:00-04,ND0228,N,64,76.92,2.54%,2,ND0228 - US 301 NB AT HYETTS CORNER,12585.1,2019-01-29 08:27:00-05,
2024-08-12 18:20:00-04,ND0228,N,61,77.64,2.41%,2,ND0228 - US 301 NB AT HYETTS CORNER,12585.1,2019-01-29 08:27:00-05,
2024-08-12 18:25:00-04,ND0228,N,59,78.66,2.33%,2,ND0228 - US 301 NB AT HYETTS CORNER,12585.1,2019-01-29 08:27:00-05,
2024-08-12 18:30:00-04,ND0228,N,72,78.07,2.81%,2,ND0228 - US 301 NB AT HYETTS CORNER,12585.1,2019-01-29 08:27:00-05,
2024-08-12 18:35:00-04,ND0228,N,64,78.06,2.50%,2,ND0228 - US 301 NB AT HYETTS CORNER,12585.1,2019-01-29 08:27:00-05,
2024-08-12 18:40:00-04,ND0228,N,49,79.30,1.63%,2,ND0228 - US 301 NB AT HYETTS CORNER,12585.1,2019-01-29 08:27:00-05,
2024-08-12 18:45:00-04,ND0228,N,72,75.99,2.82%,2,ND0228 - US 301 NB AT HYETTS CORNER,12585.1,2019-01-29 08:27:00-05,
2024-08-12 18:50:00-04,ND0228,N,49,77.47,1.94%,2,ND0228 - US 301 NB AT HYETTS CORNER,12585.1,2019-01-29 08:27:00-05,
2024-08-12 18:55:00-04,ND0228,N,68,76.09,3.09%,2,ND0228 - US 301 NB AT HYETTS CORNER,12585.1,2019-01-29 08:27:00-05,
2024-08-12 19:00:00-04,ND0228,N,62,77.45,2.39%,2,ND0228 - US 301 NB AT HYETTS CORNER,12585.1,2019-01-29 08:27:00-05,
2024-08-12 19:05:00-04,ND0228,N,61,77.78,2.60%,2,ND0228 - US 301 NB AT HYETTS CORNER,12585.1,2019-01-29 08:27:00-05,
2024-08-12 19:10:00-04,ND0228,N,53,73.52,2.86%,2,ND0228 - US 301 NB AT HYETTS CORNER,12585.1,2019-01-29 08:27:00-05,
2024-08-12 19:15:00-04,ND0228,N,40,75.93,1.87%,2,ND0228 - US 301 NB AT HYETTS CORNER,12585.1,2019-01-29 08:27:00-05,
2024-08-12 19:20:00-04,ND0228,N,45,76.04,2.07%,2,ND0228 - US 301 NB AT HYETTS CORNER,12585.1,2019-01-29 08:27:00-05,
2024-08-12 19:25:00-04,ND0228,N,37,75.54,1.70%,2,ND0228 - US 301 NB AT HYETTS CORNER,12585.1,2019-01-29 08:27:00-05,
2024-08-12 19:30:00-04,ND0228,N,30,75.59,1.35%,2,ND0228 - US 301 NB AT HYETTS CORNER,12585.1,2019-01-29 08:27:00-05,
2024-08-12 19:35:00-04,ND0228,N,33,77.73,1.45%,2,ND0228 - US 301 NB AT HYETTS CORNER,12585.1,2019-01-29 08:27:00-05,
2024-08-12 19:40:00-04,ND0228,N,40,76.72,1.53%,2,ND0228 - US 301 NB AT HYETTS CORNER,12585.1,2019-01-29 08:27:00-05,
2024-08-12 19:45:00-04,ND0228,N,32,77.38,1.55%,2,ND0228 - US 301 NB AT HYETTS CORNER,12585.1,2019-01-29 08:27:00-05,
2024-08-12 19:50:00-04,ND0228,N,39,74.64,1.85%,2,ND0228 - US 301 NB AT HYETTS CORNER,12585.1,2019-01-29 08:27:00-05,
2024-08-12 19:55:00-04,ND0228,N,14,72.75,1.38%,1,ND0228 - US 301 NB AT HYETTS CORNER,12585.1,2019-01-29 08:27:00-05,
2024-08-12 20:00:00-04,ND0228,N,28,75.30,1.83%,2,ND0228 - US 301 NB AT HYETTS CORNER,12585.1,2019-01-29 08:27:00-05,
2024-08-12 20:05:00-04,ND0228,N,28,75.99,1.32%,2,ND0228 - US 301 NB AT HYETTS CORNER,12585.1,2019-01-29 08:27:00-05,
2024-08-12 20:10:00-04,ND0228,N,21,74.45,0.79%,2,ND0228 - US 301 NB AT HYETTS CORNER,12585.1,2019-01-29 08:27:00-05,
2024-08-12 20:15:00-04,ND0228,N,24,76.38,0.97%,2,ND0228 - US 301 NB AT HYETTS CORNER,12585.1,2019-01-29 08:27:00-05,
2024-08-12 20:20:00-04,ND0228,N,23,75.55,1.37%,2,ND0228 - US 301 NB AT HYETTS CORNER,12585.1,2019-01-29 08:27:00-05,
2024-08-12 20:25:00-04,ND0228,N,27,73.88,1.31%,2,ND0228 - US 301 NB AT HYETTS CORNER,12585.1,2019-01-29 08:27:00-05,
2024-08-12 20:30:00-04,ND0228,N,29,75.46,1.48%,2,ND0228 - US 301 NB AT HYETTS CORNER,12585.1,2019-01-29 08:27:00-05,
2024-08-12 20:35:00-04,ND0228,N,32,73.34,1.95%,2,ND0228 - US 301 NB AT HYETTS CORNER,12585.1,2019-01-29 08:27:00-05,
2024-08-12 20:40:00-04,ND0228,N,23,71.50,1.25%,2,ND0228 - US 301 NB AT HYETTS CORNER,12585.1,2019-01-29 08:27:00-05,
2024-08-12 20:45:00-04,ND0228,N,22,74.23,1.35%,2,ND0228 - US 301 NB AT HYETTS CORNER,12585.1,2019-01-29 08:27:00-05,
2024-08-12 20:50:00-04,ND0228,N,34,72.19,1.83%,2,ND0228 - US 301 NB AT HYETTS CORNER,12585.1,2019-01-29 08:27:00-05,
2024-08-12 20:55:00-04,ND0228,N,17,71.78,1.06%,2,ND0228 - US 301 NB AT HYETTS CORNER,12585.1,2019-01-29 08:27:00-05,
2024-08-12 21:00:00-04,ND0228,N,14,72.11,0.71%,2,ND0228 - US 301 NB AT HYETTS CORNER,12585.1,2019-01-29 08:27:00-05,
2024-08-12 21:05:00-04,ND0228,N,19,72.42,1.25%,2,ND0228 - US 301 NB AT HYETTS CORNER,12585.1,2019-01-29 08:27:00-05,
2024-08-12 21:10:00-04,ND0228,N,15,74.12,0.75%,2,ND0228 - US 301 NB AT HYETTS CORNER,12585.1,2019-01-29 08:27:00-05,
2024-08-12 21:15:00-04,ND0228,N,18,71.77,1.18%,2,ND0228 - US 301 NB AT HYETTS CORNER,12585.1,2019-01-29 08:27:00-05,
2024-08-12 21:20:00-04,ND0228,N,18,75.34,0.80%,2,ND0228 - US 301 NB AT HYETTS CORNER,12585.1,2019-01-29 08:27:00-05,
2024-08-12 21:25:00-04,ND0228,N,15,74.18,0.88%,2,ND0228 - US 301 NB AT HYETTS CORNER,12585.1,2019-01-29 08:27:00-05,
2024-08-12 21:30:00-04,ND0228,N,10,70.74,0.44%,2,ND0228 - US 301 NB AT HYETTS CORNER,12585.1,2019-01-29 08:27:00-05,
2024-08-12 21:35:00-04,ND0228,N,14,69.08,0.91%,2,ND0228 - US 301 NB AT HYETTS CORNER,12585.1,2019-01-29 08:27:00-05,
2024-08-12 21:40:00-04,ND0228,N,17,69.11,1.16%,2,ND0228 - US 301 NB AT HYETTS CORNER,12585.1,2019-01-29 08:27:00-05,
2024-08-12 21:45:00-04,ND0228,N,11,74.84,0.90%,2,ND0228 - US 301 NB AT HYETTS CORNER,12585.1,2019-01-29 08:27:00-05,
2024-08-12 21:50:00-04,ND0228,N,27,74.59,1.35%,2,ND0228 - US 301 NB AT HYETTS CORNER,12585.1,2019-01-29 08:27:00-05,
2024-08-12 21:55:00-04,ND0228,N,13,69.66,0.89%,2,ND0228 - US 301 NB AT HYETTS CORNER,12585.1,2019-01-29 08:27:00-05,
2024-08-12 22:00:00-04,ND0228,N,21,74.90,1.43%,2,ND0228 - US 301 NB AT HYETTS CORNER,12585.1,2019-01-29 08:27:00-05,
2024-08-12 22:05:00-04,ND0228,N,10,72.10,0.64%,2,ND0228 - US 301 NB AT HYETTS CORNER,12585.1,2019-01-29 08:27:00-05,
2024-08-12 22:10:00-04,ND0228,N,17,71.65,1.19%,2,ND0228 - US 301 NB AT HYETTS CORNER,12585.1,2019-01-29 08:27:00-05,
2024-08-12 22:15:00-04,ND0228,N,10,72.73,0.78%,2,ND0228 - US 301 NB AT HYETTS CORNER,12585.1,2019-01-29 08:27:00-05,
2024-08-12 22:20:00-04,ND0228,N,11,69.12,0.83%,2,ND0228 - US 301 NB AT HYETTS CORNER,12585.1,2019-01-29 08:27:00-05,
2024-08-12 22:25:00-04,ND0228,N,11,69.74,0.76%,2,ND0228 - US 301 NB AT HYETTS CORNER,12585.1,2019-01-29 08:27:00-05,
2024-08-12 22:30:00-04,ND0228,N,8,76.30,0.50%,2,ND0228 - US 301 NB AT HYETTS CORNER,12585.1,2019-01-29 08:27:00-05,
2024-08-12 22:35:00-04,ND0228,N,10,71.87,0.74%,2,ND0228 - US 301 NB AT HYETTS CORNER,12585.1,2019-01-29 08:27:00-05,
2024-08-12 22:40:00-04,ND0228,N,15,75.56,0.72%,2,ND0228 - US 301 NB AT HYETTS CORNER,12585.1,2019-01-29 08:27:00-05,
2024-08-12 22:45:00-04,ND0228,N,14,72.85,0.92%,2,ND0228 - US 301 NB AT HYETTS CORNER,12585.1,2019-01-29 08:27:00-05,
2024-08-12 22:50:00-04,ND0228,N,15,70.90,1.11%,2,ND0228 - US 301 NB AT HYETTS CORNER,12585.1,2019-01-29 08:27:00-05,
2024-08-12 22:55:00-04,ND0228,N,9,70.73,0.54%,2,ND0228 - US 301 NB AT HYETTS CORNER,12585.1,2019-01-29 08:27:00-05,
2024-08-12 23:00:00-04,ND0228,N,7,71.47,0.59%,2,ND0228 - US 301 NB AT HYETTS CORNER,12585.1,2019-01-29 08:27:00-05,
2024-08-12 23:05:00-04,ND0228,N,5,72.13,0.39%,2,ND0228 - US 301 NB AT HYETTS CORNER,12585.1,2019-01-29 08:27:00-05,
2024-08-12 23:10:00-04,ND0228,N,6,76.95,0.28%,2,ND0228 - US 301 NB AT HYETTS CORNER,12585.1,2019-01-29 08:27:00-05,
2024-08-12 23:15:00-04,ND0228,N,5,73.18,0.41%,2,ND0228 - US 301 NB AT HYETTS CORNER,12585.1,2019-01-29 08:27:00-05,
2024-08-12 23:20:00-04,ND0228,N,7,74.19,0.46%,2,ND0228 - US 301 NB AT HYETTS CORNER,12585.1,2019-01-29 08:27:00-05,
2024-08-12 23:25:00-04,ND0228,N,5,72.43,0.37%,2,ND0228 - US 301 NB AT HYETTS CORNER,12585.1,2019-01-29 08:27:00-05,
2024-08-12 23:30:00-04,ND0228,N,7,72.48,0.53%,2,ND0228 - US 301 NB AT HYETTS CORNER,12585.1,2019-01-29 08:27:00-05,
2024-08-12 23:35:00-04,ND0228,N,4,74.08,0.13%,2,ND0228 - US 301 NB AT HYETTS CORNER,12585.1,2019-01-29 08:27:00-05,
2024-08-12 23:40:00-04,ND0228,N,6,69.45,0.63%,2,ND0228 - US 301 NB AT HYETTS CORNER,12585.1,2019-01-29 08:27:00-05,
2024-08-12 23:45:00-04,ND0228,N,15,70.60,1.41%,2,ND0228 - US 301 NB AT HYETTS CORNER,12585.1,2019-01-29 08:27:00-05,
2024-08-12 23:50:00-04,ND0228,N,2,70.30,0.07%,2,ND0228 - US 301 NB AT HYETTS CORNER,12585.1,2019-01-29 08:27:00-05,
2024-08-12 23:55:00-04,ND0228,N,4,67.93,0.79%,1,ND0228 - US 301 NB AT HYETTS CORNER,12585.1,2019-01-29 08:27:00-05,
2024-08-13 00:00:00-04,ND0228,N,4,66.41,0.19%,2,ND0228 - US 301 NB AT HYETTS CORNER,12585.1,2019-01-29 08:27:00-05,
2024-08-13 00:05:00-04,ND0228,N,3,66.40,0.12%,2,ND0228 - US 301 NB AT HYETTS CORNER,12585.1,2019-01-29 08:27:00-05,
2024-08-13 00:10:00-04,ND0228,N,4,68.99,0.90%,1,ND0228 - US 301 NB AT HYETTS CORNER,12585.1,2019-01-29 08:27:00-05,
2024-08-13 00:15:00-04,ND0228,N,4,73.25,0.26%,2,ND0228 - US 301 NB AT HYETTS CORNER,12585.1,2019-01-29 08:27:00-05,
2024-08-13 00:20:00-04,ND0228,N,2,70.50,0.18%,1,ND0228 - US 301 NB AT HYETTS CORNER,12585.1,2019-01-29 08:27:00-05,
2024-08-13 00:25:00-04,ND0228,N,7,75.79,0.30%,2,ND0228 - US 301 NB AT HYETTS CORNER,12585.1,2019-01-29 08:27:00-05,
2024-08-13 00:30:00-04,ND0228,N,7,68.46,0.49%,2,ND0228 - US 301 NB AT HYETTS CORNER,12585.1,2019-01-29 08:27:00-05,
2024-08-13 00:35:00-04,ND0228,N,4,68.66,0.44%,2,ND0228 - US 301 NB AT HYETTS CORNER,12585.1,2019-01-29 08:27:00-05,
2024-08-13 00:40:00-04,ND0228,N,1,65.99,0.07%,1,ND0228 - US 301 NB AT HYETTS CORNER,12585.1,2019-01-29 08:27:00-05,
2024-08-13 00:45:00-04,ND0228,N,4,68.73,0.25%,2,ND0228 - US 301 NB AT HYETTS CORNER,12585.1,2019-01-29 08:27:00-05,
2024-08-13 00:50:00-04,ND0228,N,6,71.38,0.42%,2,ND0228 - US 301 NB AT HYETTS CORNER,12585.1,2019-01-29 08:27:00-05,
2024-08-13 00:55:00-04,ND0228,N,4,72.06,0.36%,2,ND0228 - US 301 NB AT HYETTS CORNER,12585.1,2019-01-29 08:27:00-05,
2024-08-13 01:00:00-04,ND0228,N,6,69.39,0.34%,2,ND0228 - US 301 NB AT HYETTS CORNER,12585.1,2019-01-29 08:27:00-05,
2024-08-13 01:05:00-04,ND0228,N,2,67.74,0.34%,1,ND0228 - US 301 NB AT HYETTS CORNER,12585.1,2019-01-29 08:27:00-05,
2024-08-13 01:10:00-04,ND0228,N,3,71.66,0.13%,2,ND0228 - US 301 NB AT HYETTS CORNER,12585.1,2019-01-29 08:27:00-05,
2024-08-13 01:15:00-04,ND0228,N,6,66.97,0.60%,2,ND0228 - US 301 NB AT HYETTS CORNER,12585.1,2019-01-29 08:27:00-05,
2024-08-13 01:20:00-04,ND0228,N,4,68.28,0.39%,2,ND0228 - US 301 NB AT HYETTS CORNER,12585.1,2019-01-29 08:27:00-05,
2024-08-13 01:25:00-04,ND0228,N,7,69.25,0.74%,2,ND0228 - US 301 NB AT HYETTS CORNER,12585.1,2019-01-29 08:27:00-05,
2024-08-13 01:30:00-04,ND0228,N,3,67.14,0.43%,1,ND0228 - US 301 NB AT HYETTS CORNER,12585.1,2019-01-29 08:27:00-05,
2024-08-13 01:35:00-04,ND0228,N,5,71.05,0.53%,2,ND0228 - US 301 NB AT HYETTS CORNER,12585.1,2019-01-29 08:27:00-05,
2024-08-13 01:40:00-04,ND0228,N,4,64.60,0.49%,2,ND0228 - US 301 NB AT HYETTS CORNER,12585.1,2019-01-29 08:27:00-05,
2024-08-13 01:45:00-04,ND0228,N,8,68.52,0.55%,2,ND0228 - US 301 NB AT HYETTS CORNER,12585.1,2019-01-29 08:27:00-05,
2024-08-13 01:50:00-04,ND0228,N,3,69.95,0.21%,2,ND0228 - US 301 NB AT HYETTS CORNER,12585.1,2019-01-29 08:27:00-05,
2024-08-13 01:55:00-04,ND0228,N,3,70.04,0.21%,2,ND0228 - US 301 NB AT HYETTS CORNER,12585.1,2019-01-29 08:27:00-05,
2024-08-13 02:00:00-04,ND0228,N,4,72.86,0.34%,2,ND0228 - US 301 NB AT HYETTS CORNER,12585.1,2019-01-29 08:27:00-05,
2024-08-13 02:05:00-04,ND0228,N,4,69.66,0.32%,2,ND0228 - US 301 NB AT HYETTS CORNER,12585.1,2019-01-29 08:27:00-05,
2024-08-13 02:10:00-04,ND0228,N,3,69.14,0.31%,2,ND0228 - US 301 NB AT HYETTS CORNER,12585.1,2019-01-29 08:27:00-05,
2024-08-13 02:15:00-04,ND0228,N,5,69.30,0.33%,2,ND0228 - US 301 NB AT HYETTS CORNER,12585.1,2019-01-29 08:27:00-05,
2024-08-13 02:20:00-04,ND0228,N,3,71.72,0.22%,2,ND0228 - US 301 NB AT HYETTS CORNER,12585.1,2019-01-29 08:27:00-05,
2024-08-13 02:25:00-04,ND0228,N,3,73.40,0.22%,2,ND0228 - US 301 NB AT HYETTS CORNER,12585.1,2019-01-29 08:27:00-05,
2024-08-13 02:30:00-04,ND0228,N,6,69.47,1.23%,1,ND0228 - US 301 NB AT HYETTS CORNER,12585.1,2019-01-29 08:27:00-05,
2024-08-13 02:35:00-04,ND0228,N,3,68.65,0.32%,2,ND0228 - US 301 NB AT HYETTS CORNER,12585.1,2019-01-29 08:27:00-05,
2024-08-13 02:45:00-04,ND0228,N,9,70.87,1.86%,1,ND0228 - US 301 NB AT HYETTS CORNER,12585.1,2019-01-29 08:27:00-05,
2024-08-13 02:50:00-04,ND0228,N,8,71.16,0.47%,2,ND0228 - US 301 NB AT HYETTS CORNER,12585.1,2019-01-29 08:27:00-05,
2024-08-13 02:55:00-04,ND0228,N,4,75.64,0.26%,2,ND0228 - US 301 NB AT HYETTS CORNER,12585.1,2019-01-29 08:27:00-05,
2024-08-13 03:00:00-04,ND0228,N,3,75.18,0.21%,1,ND0228 - US 301 NB AT HYETTS CORNER,12585.1,2019-01-29 08:27:00-05,
2024-08-13 03:05:00-04,ND0228,N,9,73.21,0.93%,2,ND0228 - US 301 NB AT HYETTS CORNER,12585.1,2019-01-29 08:27:00-05,
2024-08-13 03:10:00-04,ND0228,N,6,73.20,0.46%,2,ND0228 - US 301 NB AT HYETTS CORNER,12585.1,2019-01-29 08:27:00-05,
2024-08-13 03:15:00-04,ND0228,N,6,72.20,0.40%,2,ND0228 - US 301 NB AT HYETTS CORNER,12585.1,2019-01-29 08:27:00-05,
2024-08-13 03:20:00-04,ND0228,N,9,75.72,0.82%,2,ND0228 - US 301 NB AT HYETTS CORNER,12585.1,2019-01-29 08:27:00-05,
2024-08-13 03:25:00-04,ND0228,N,5,69.77,0.35%,2,ND0228 - US 301 NB AT HYETTS CORNER,12585.1,2019-01-29 08:27:00-05,
2024-08-13 03:30:00-04,ND0228,N,7,71.01,0.44%,2,ND0228 - US 301 NB AT HYETTS CORNER,12585.1,2019-01-29 08:27:00-05,
2024-08-13 03:35:00-04,ND0228,N,6,72.58,0.53%,2,ND0228 - US 301 NB AT HYETTS CORNER,12585.1,2019-01-29 08:27:00-05,
2024-08-13 03:40:00-04,ND0228,N,12,74.39,0.63%,2,ND0228 - US 301 NB AT HYETTS CORNER,12585.1,2019-01-29 08:27:00-05,
2024-08-13 03:45:00-04,ND0228,N,9,70.54,0.71%,2,ND0228 - US 301 NB AT HYETTS CORNER,12585.1,2019-01-29 08:27:00-05,
2024-08-13 03:50:00-04,ND0228,N,5,71.83,1.17%,1,ND0228 - US 301 NB AT HYETTS CORNER,12585.1,2019-01-29 08:27:00-05,
2024-08-13 03:55:00-04,ND0228,N,4,69.81,0.27%,2,ND0228 - US 301 NB AT HYETTS CORNER,12585.1,2019-01-29 08:27:00-05,
2024-08-13 04:00:00-04,ND0228,N,14,70.45,0.96%,2,ND0228 - US 301 NB AT HYETTS CORNER,12585.1,2019-01-29 08:27:00-05,
2024-08-13 04:05:00-04,ND0228,N,11,76.90,1.09%,2,ND0228 - US 301 NB AT HYETTS CORNER,12585.1,2019-01-29 08:27:00-05,
2024-08-13 04:10:00-04,ND0228,N,11,66.78,0.77%,2,ND0228 - US 301 NB AT HYETTS CORNER,12585.1,2019-01-29 08:27:00-05,
2024-08-13 04:15:00-04,ND0228,N,9,77.45,0.40%,2,ND0228 - US 301 NB AT HYETTS CORNER,12585.1,2019-01-29 08:27:00-05,
2024-08-13 04:20:00-04,ND0228,N,9,72.94,0.81%,2,ND0228 - US 301 NB AT HYETTS CORNER,12585.1,2019-01-29 08:27:00-05,
2024-08-13 04:25:00-04,ND0228,N,9,67.81,1.24%,1,ND0228 - US 301 NB AT HYETTS CORNER,12585.1,2019-01-29 08:27:00-05,
2024-08-13 04:30:00-04,ND0228,N,16,74.21,0.79%,2,ND0228 - US 301 NB AT HYETTS CORNER,12585.1,2019-01-29 08:27:00-05,
2024-08-13 04:35:00-04,ND0228,N,6,70.09,0.33%,2,ND0228 - US 301 NB AT HYETTS CORNER,12585.1,2019-01-29 08:27:00-05,
2024-08-13 04:40:00-04,ND0228,N,10,76.02,0.50%,2,ND0228 - US 301 NB AT HYETTS CORNER,12585.1,2019-01-29 08:27:00-05,
2024-08-13 04:45:00-04,ND0228,N,10,74.60,0.67%,2,ND0228 - US 301 NB AT HYETTS CORNER,12585.1,2019-01-29 08:27:00-05,
2024-08-13 04:50:00-04,ND0228,N,17,74.24,0.63%,2,ND0228 - US 301 NB AT HYETTS CORNER,12585.1,2019-01-29 08:27:00-05,
2024-08-13 04:55:00-04,ND0228,N,21,77.38,1.22%,2,ND0228 - US 301 NB AT HYETTS CORNER,12585.1,2019-01-29 08:27:00-05,
2024-08-13 05:00:00-04,ND0228,N,11,78.13,0.47%,2,ND0228 - US 301 NB AT HYETTS CORNER,12585.1,2019-01-29 08:27:00-05,
2024-08-13 05:05:00-04,ND0228,N,16,76.10,0.59%,2,ND0228 - US 301 NB AT HYETTS CORNER,12585.1,2019-01-29 08:27:00-05,
2024-08-13 05:10:00-04,ND0228,N,18,72.72,1.15%,2,ND0228 - US 301 NB AT HYETTS CORNER,12585.1,2019-01-29 08:27:00-05,
2024-08-13 05:15:00-04,ND0228,N,28,73.85,1.17%,2,ND0228 - US 301 NB AT HYETTS CORNER,12585.1,2019-01-29 08:27:00-05,
2024-08-13 05:20:00-04,ND0228,N,22,75.58,1.07%,2,ND0228 - US 301 NB AT HYETTS CORNER,12585.1,2019-01-29 08:27:00-05,
2024-08-13 05:25:00-04,ND0228,N,30,71.01,1.88%,2,ND0228 - US 301 NB AT HYETTS CORNER,12585.1,2019-01-29 08:27:00-05,
2024-08-13 05:30:00-04,ND0228,N,26,75.77,1.23%,2,ND0228 - US 301 NB AT HYETTS CORNER,12585.1,2019-01-29 08:27:00-05,
2024-08-13 05:35:00-04,ND0228,N,35,77.42,1.56%,2,ND0228 - US 301 NB AT HYETTS CORNER,12585.1,2019-01-29 08:27:00-05,
2024-08-13 05:40:00-04,ND0228,N,32,74.17,1.64%,2,ND0228 - US 301 NB AT HYETTS CORNER,12585.1,2019-01-29 08:27:00-05,
2024-08-13 05:45:00-04,ND0228,N,39,76.65,1.79%,2,ND0228 - US 301 NB AT HYETTS CORNER,12585.1,2019-01-29 08:27:00-05,
2024-08-13 05:50:00-04,ND0228,N,35,77.01,1.36%,2,ND0228 - US 301 NB AT HYETTS CORNER,12585.1,2019-01-29 08:27:00-05,
2024-08-13 05:55:00-04,ND0228,N,37,77.23,1.59%,2,ND0228 - US 301 NB AT HYETTS CORNER,12585.1,2019-01-29 08:27:00-05,
2024-08-13 06:00:00-04,ND0228,N,39,75.38,1.95%,2,ND0228 - US 301 NB AT HYETTS CORNER,12585.1,2019-01-29 08:27:00-05,
2024-08-13 06:05:00-04,ND0228,N,34,76.46,1.58%,2,ND0228 - US 301 NB AT HYETTS CORNER,12585.1,2019-01-29 08:27:00-05,
2024-08-13 06:10:00-04,ND0228,N,68,75.22,2.93%,2,ND0228 - US 301 NB AT HYETTS CORNER,12585.1,2019-01-29 08:27:00-05,
2024-08-13 06:15:00-04,ND0228,N,55,76.71,2.31%,2,ND0228 - US 301 NB AT HYETTS CORNER,12585.1,2019-01-29 08:27:00-05,
2024-08-13 06:20:00-04,ND0228,N,55,77.93,2.10%,2,ND0228 - US 301 NB AT HYETTS CORNER,12585.1,2019-01-29 08:27:00-05,
2024-08-13 06:25:00-04,ND0228,N,64,78.80,2.64%,2,ND0228 - US 301 NB AT HYETTS CORNER,12585.1,2019-01-29 08:27:00-05,
2024-08-13 06:30:00-04,ND0228,N,61,75.46,2.54%,2,ND0228 - US 301 NB AT HYETTS CORNER,12585.1,2019-01-29 08:27:00-05,
2024-08-13 06:35:00-04,ND0228,N,62,78.47,2.73%,2,ND0228 - US 301 NB AT HYETTS CORNER,12585.1,2019-01-29 08:27:00-05,
2024-08-13 06:40:00-04,ND0228,N,86,78.31,3.09%,2,ND0228 - US 301 NB AT HYETTS CORNER,12585.1,2019-01-29 08:27:00-05,
2024-08-13 06:45:00-04,ND0228,N,71,79.44,2.80%,2,ND0228 - US 301 NB AT HYETTS CORNER,12585.1,2019-01-29 08:27:00-05,
2024-08-13 06:50:00-04,ND0228,N,56,77.56,2.20%,2,ND0228 - US 301 NB AT HYETTS CORNER,12585.1,2019-01-29 08:27:00-05,
2024-08-13 06:55:00-04,ND0228,N,58,75.80,2.22%,2,ND0228 - US 301 NB AT HYETTS CORNER,12585.1,2019-01-29 08:27:00-05,
2024-08-13 07:00:00-04,ND0228,N,71,75.32,3.17%,2,ND0228 - US 301 NB AT HYETTS CORNER,12585.1,2019-01-29 08:27:00-05,
2024-08-13 07:05:00-04,ND0228,N,52,77.14,2.38%,2,ND0228 - US 301 NB AT HYETTS CORNER,12585.1,2019-01-29 08:27:00-05,
2024-08-13 07:10:00-04,ND0228,N,88,75.10,3.37%,2,ND0228 - US 301 NB AT HYETTS CORNER,12585.1,2019-01-29 08:27:00-05,
2024-08-13 07:15:00-04,ND0228,N,95,76.74,4.03%,2,ND0228 - US 301 NB AT HYETTS CORNER,12585.1,2019-01-29 08:27:00-05,
2024-08-13 07:20:00-04,ND0228,N,93,76.10,3.71%,2,ND0228 - US 301 NB AT HYETTS CORNER,12585.1,2019-01-29 08:27:00-05,
2024-08-13 07:25:00-04,ND0228,N,84,75.37,3.34%,2,ND0228 - US 301 NB AT HYETTS CORNER,12585.1,2019-01-29 08:27:00-05,
2024-08-13 07:30:00-04,ND0228,N,104,77.55,3.89%,2,ND0228 - US 301 NB AT HYETTS CORNER,12585.1,2019-01-29 08:27:00-05,
2024-08-13 07:35:00-04,ND0228,N,86,77.23,3.24%,2,ND0228 - US 301 NB AT HYETTS CORNER,12585.1,2019-01-29 08:27:00-05,
2024-08-13 07:40:00-04,ND0228,N,95,76.24,3.81%,2,ND0228 - US 301 NB AT HYETTS CORNER,12585.1,2019-01-29 08:27:00-05,
2024-08-13 07:45:00-04,ND0228,N,78,76.26,3.04%,2,ND0228 - US 301 NB AT HYETTS CORNER,12585.1,2019-01-29 08:27:00-05,
2024-08-13 07:50:00-04,ND0228,N,87,76.84,3.35%,2,ND0228 - US 301 NB AT HYETTS CORNER,12585.1,2019-01-29 08:27:00-05,
2024-08-13 07:55:00-04,ND0228,N,73,75.42,2.92%,2,ND0228 - US 301 NB AT HYETTS CORNER,12585.1,2019-01-29 08:27:00-05,
2024-08-13 08:00:00-04,ND0228,N,84,75.95,3.22%,2,ND0228 - US 301 NB AT HYETTS CORNER,12585.1,2019-01-29 08:27:00-05,
2024-08-13 08:05:00-04,ND0228,N,66,77.28,2.45%,2,ND0228 - US 301 NB AT HYETTS CORNER,12585.1,2019-01-29 08:27:00-05,
2024-08-13 08:10:00-04,ND0228,N,76,76.51,3.03%,2,ND0228 - US 301 NB AT HYETTS CORNER,12585.1,2019-01-29 08:27:00-05,
2024-08-13 08:15:00-04,ND0228,N,74,76.19,3.01%,2,ND0228 - US 301 NB AT HYETTS CORNER,12585.1,2019-01-29 08:27:00-05,
2024-08-13 08:20:00-04,ND0228,N,76,74.22,3.11%,2,ND0228 - US 301 NB AT HYETTS CORNER,12585.1,2019-01-29 08:27:00-05,
2024-08-13 08:25:00-04,ND0228,N,71,75.02,3.21%,2,ND0228 - US 301 NB AT HYETTS CORNER,12585.1,2019-01-29 08:27:00-05,
2024-08-13 08:30:00-04,ND0228,N,95,69.29,4.99%,2,ND0228 - US 301 NB AT HYETTS CORNER,12585.1,2019-01-29 08:27:00-05,
2024-08-13 08:35:00-04,ND0228,N,84,74.47,3.55%,2,ND0228 - US 301 NB AT HYETTS CORNER,12585.1,2019-01-29 08:27:00-05,
2024-08-13 08:40:00-04,ND0228,N,71,74.13,3.26%,2,ND0228 - US 301 NB AT HYETTS CORNER,12585.1,2019-01-29 08:27:00-05,
2024-08-13 08:45:00-04,ND0228,N,73,73.91,3.17%,2,ND0228 - US 301 NB AT HYETTS CORNER,12585.1,2019-01-29 08:27:00-05,
2024-08-13 08:50:00-04,ND0228,N,54,75.89,2.29%,2,ND0228 - US 301 NB AT HYETTS CORNER,12585.1,2019-01-29 08:27:00-05,
2024-08-13 08:55:00-04,ND0228,N,57,72.57,2.47%,2,ND0228 - US 301 NB AT HYETTS CORNER,12585.1,2019-01-29 08:27:00-05,
2024-08-13 09:00:00-04,ND0228,N,57,74.18,2.80%,2,ND0228 - US 301 NB AT HYETTS CORNER,12585.1,2019-01-29 08:27:00-05,
2024-08-13 09:05:00-04,ND0228,N,52,75.44,2.45%,2,ND0228 - US 301 NB AT HYETTS CORNER,12585.1,2019-01-29 08:27:00-05,
2024-08-13 09:10:00-04,ND0228,N,65,75.97,2.51%,2,ND0228 - US 301 NB AT HYETTS CORNER,12585.1,2019-01-29 08:27:00-05,
2024-08-13 09:15:00-04,ND0228,N,63,72.80,2.82%,2,ND0228 - US 301 NB AT HYETTS CORNER,12585.1,2019-01-29 08:27:00-05,
2024-08-13 09:20:00-04,ND0228,N,40,74.03,1.75%,2,ND0228 - US 301 NB AT HYETTS CORNER,12585.1,2019-01-29 08:27:00-05,
2024-08-13 09:25:00-04,ND0228,N,51,76.31,2.19%,2,ND0228 - US 301 NB AT HYETTS CORNER,12585.1,2019-01-29 08:27:00-05,
2024-08-13 09:30:00-04,ND0228,N,62,75.91,2.43%,2,ND0228 - US 301 NB AT HYETTS CORNER,12585.1,2019-01-29 08:27:00-05,
2024-08-13 09:35:00-04,ND0228,N,72,73.50,3.28%,2,ND0228 - US 301 NB AT HYETTS CORNER,12585.1,2019-01-29 08:27:00-05,
2024-08-13 09:40:00-04,ND0228,N,60,74.53,2.58%,2,ND0228 - US 301 NB AT HYETTS CORNER,12585.1,2019-01-29 08:27:00-05,
2024-08-13 09:45:00-04,ND0228,N,61,72.87,2.98%,2,ND0228 - US 301 NB AT HYETTS CORNER,12585.1,2019-01-29 08:27:00-05,
2024-08-13 09:50:00-04,ND0228,N,66,74.51,2.69%,2,ND0228 - US 301 NB AT HYETTS CORNER,12585.1,2019-01-29 08:27:00-05,
2024-08-13 09:55:00-04,ND0228,N,47,74.44,2.07%,2,ND0228 - US 301 NB AT HYETTS CORNER,12585.1,2019-01-29 08:27:00-05,
2024-08-13 10:00:00-04,ND0228,N,42,73.36,2.07%,2,ND0228 - US 301 NB AT HYETTS CORNER,12585.1,2019-01-29 08:27:00-05,
2024-08-13 10:05:00-04,ND0228,N,53,72.45,2.32%,2,ND0228 - US 301 NB AT HYETTS CORNER,12585.1,2019-01-29 08:27:00-05,
2024-08-13 10:10:00-04,ND0228,N,45,73.21,2.13%,2,ND0228 - US 301 NB AT HYETTS CORNER,12585.1,2019-01-29 08:27:00-05,
2024-08-13 10:15:00-04,ND0228,N,57,74.50,2.62%,2,ND0228 - US 301 NB AT HYETTS CORNER,12585.1,2019-01-29 08:27:00-05,
2024-08-13 10:20:00-04,ND0228,N,48,73.65,2.61%,2,ND0228 - US 301 NB AT HYETTS CORNER,12585.1,2019-01-29 08:27:00-05,
2024-08-13 10:25:00-04,ND0228,N,68,73.90,2.83%,2,ND0228 - US 301 NB AT HYETTS CORNER,12585.1,2019-01-29 08:27:00-05,
2024-08-13 10:30:00-04,ND0228,N,39,73.68,1.70%,2,ND0228 - US 301 NB AT HYETTS CORNER,12585.1,2019-01-29 08:27:00-05,
2024-08-13 10:35:00-04,ND0228,N,46,73.84,2.23%,2,ND0228 - US 301 NB AT HYETTS CORNER,12585.1,2019-01-29 08:27:00-05,
2024-08-13 10:40:00-04,ND0228,N,55,74.13,2.49%,2,ND0228 - US 301 NB AT HYETTS CORNER,12585.1,2019-01-29 08:27:00-05,
2024-08-13 10:45:00-04,ND0228,N,55,73.67,2.42%,2,ND0228 - US 301 NB AT HYETTS CORNER,12585.1,2019-01-29 08:27:00-05,
2024-08-13 10:50:00-04,ND0228,N,44,73.80,2.13%,2,ND0228 - US 301 NB AT HYETTS CORNER,12585.1,2019-01-29 08:27:00-05,
2024-08-13 10:55:00-04,ND0228,N,41,75.58,1.88%,2,ND0228 - US 301 NB AT HYETTS CORNER,12585.1,2019-01-29 08:27:00-05,
2024-08-13 11:00:00-04,ND0228,N,52,74.18,2.49%,2,ND0228 - US 301 NB AT HYETTS CORNER,12585.1,2019-01-29 08:27:00-05,
2024-08-13 11:05:00-04,ND0228,N,63,73.01,2.89%,2,ND0228 - US 301 NB AT HYETTS CORNER,12585.1,2019-01-29 08:27:00-05,
2024-08-13 11:10:00-04,ND0228,N,35,72.69,1.61%,2,ND0228 - US 301 NB AT HYETTS CORNER,12585.1,2019-01-29 08:27:00-05,
2024-08-13 11:15:00-04,ND0228,N,59,70.36,2.99%,2,ND0228 - US 301 NB AT HYETTS CORNER,12585.1,2019-01-29 08:27:00-05,
2024-08-13 11:20:00-04,ND0228,N,50,74.49,2.24%,2,ND0228 - US 301 NB AT HYETTS CORNER,12585.1,2019-01-29 08:27:00-05,
2024-08-13 11:25:00-04,ND0228,N,47,74.62,2.19%,2,ND0228 - US 301 NB AT HYETTS CORNER,12585.1,2019-01-29 08:27:00-05,
2024-08-13 11:30:00-04,ND0228,N,47,73.66,1.84%,2,ND0228 - US 301 NB AT HYETTS CORNER,12585.1,2019-01-29 08:27:00-05,
2024-08-13 11:35:00-04,ND0228,N,38,73.87,2.12%,2,ND0228 - US 301 NB AT HYETTS CORNER,12585.1,2019-01-29 08:27:00-05,
2024-08-13 11:40:00-04,ND0228,N,41,76.35,2.00%,2,ND0228 - US 301 NB AT HYETTS CORNER,12585.1,2019-01-29 08:27:00-05,
2024-08-13 11:45:00-04,ND0228,N,46,73.18,2.07%,2,ND0228 - US 301 NB AT HYETTS CORNER,12585.1,2019-01-29 08:27:00-05,
2024-08-13 11:50:00-04,ND0228,N,57,73.59,2.44%,2,ND0228 - US 301 NB AT HYETTS CORNER,12585.1,2019-01-29 08:27:00-05,
2024-08-13 11:55:00-04,ND0228,N,49,74.21,2.51%,2,ND0228 - US 301 NB AT HYETTS CORNER,12585.1,2019-01-29 08:27:00-05,
2024-08-13 12:00:00-04,ND0228,N,43,72.10,2.36%,2,ND0228 - US 301 NB AT HYETTS CORNER,12585.1,2019-01-29 08:27:00-05,
2024-08-13 12:05:00-04,ND0228,N,50,73.02,2.45%,2,ND0228 - US 301 NB AT HYETTS CORNER,12585.1,2019-01-29 08:27:00-05,
2024-08-13 12:10:00-04,ND0228,N,54,73.04,2.15%,2,ND0228 - US 301 NB AT HYETTS CORNER,12585.1,2019-01-29 08:27:00-05,
2024-08-13 12:15:00-04,ND0228,N,62,72.69,3.20%,2,ND0228 - US 301 NB AT HYETTS CORNER,12585.1,2019-01-29 08:27:00-05,
2024-08-13 12:20:00-04,ND0228,N,35,75.68,1.61%,2,ND0228 - US 301 NB AT HYETTS CORNER,12585.1,2019-01-29 08:27:00-05,
2024-08-13 12:25:00-04,ND0228,N,53,77.13,2.26%,2,ND0228 - US 301 NB AT HYETTS CORNER,12585.1,2019-01-29 08:27:00-05,
2024-08-13 12:30:00-04,ND0228,N,52,73.95,2.47%,2,ND0228 - US 301 NB AT HYETTS CORNER,12585.1,2019-01-29 08:27:00-05,
2024-08-13 12:35:00-04,ND0228,N,55,74.48,2.67%,2,ND0228 - US 301 NB AT HYETTS CORNER,12585.1,2019-01-29 08:27:00-05,
2024-08-13 12:40:00-04,ND0228,N,43,76.45,1.57%,2,ND0228 - US 301 NB AT HYETTS CORNER,12585.1,2019-01-29 08:27:00-05,
2024-08-13 12:45:00-04,ND0228,N,51,76.39,2.16%,2,ND0228 - US 301 NB AT HYETTS CORNER,12585.1,2019-01-29 08:27:00-05,
2024-08-13 12:50:00-04,ND0228,N,56,73.79,2.52%,2,ND0228 - US 301 NB AT HYETTS CORNER,12585.1,2019-01-29 08:27:00-05,
2024-08-13 12:55:00-04,ND0228,N,45,74.05,2.21%,2,ND0228 - US 301 NB AT HYETTS CORNER,12585.1,2019-01-29 08:27:00-05,
2024-08-13 13:00:00-04,ND0228,N,55,74.26,2.74%,2,ND0228 - US 301 NB AT HYETTS CORNER,12585.1,2019-01-29 08:27:00-05,
2024-08-13 13:05:00-04,ND0228,N,59,76.53,2.90%,2,ND0228 - US 301 NB AT HYETTS CORNER,12585.1,2019-01-29 08:27:00-05,
2024-08-13 13:10:00-04,ND0228,N,43,75.04,1.83%,2,ND0228 - US 301 NB AT HYETTS CORNER,12585.1,2019-01-29 08:27:00-05,
2024-08-13 13:15:00-04,ND0228,N,45,75.46,2.00%,2,ND0228 - US 301 NB AT HYETTS CORNER,12585.1,2019-01-29 08:27:00-05,
2024-08-13 13:20:00-04,ND0228,N,44,72.54,1.91%,2,ND0228 - US 301 NB AT HYETTS CORNER,12585.1,2019-01-29 08:27:00-05,
2024-08-13 13:25:00-04,ND0228,N,41,74.33,1.98%,2,ND0228 - US 301 NB AT HYETTS CORNER,12585.1,2019-01-29 08:27:00-05,
2024-08-13 13:30:00-04,ND0228,N,48,72.39,2.36%,2,ND0228 - US 301 NB AT HYETTS CORNER,12585.1,2019-01-29 08:27:00-05,
2024-08-13 13:35:00-04,ND0228,N,49,69.31,2.38%,2,ND0228 - US 301 NB AT HYETTS CORNER,12585.1,2019-01-29 08:27:00-05,
2024-08-13 13:40:00-04,ND0228,N,53,73.47,2.35%,2,ND0228 - US 301 NB AT HYETTS CORNER,12585.1,2019-01-29 08:27:00-05,
2024-08-13 13:45:00-04,ND0228,N,53,73.30,2.65%,2,ND0228 - US 301 NB AT HYETTS CORNER,12585.1,2019-01-29 08:27:00-05,
2024-08-13 13:50:00-04,ND0228,N,49,74.96,2.63%,2,ND0228 - US 301 NB AT HYETTS CORNER,12585.1,2019-01-29 08:27:00-05,
2024-08-13 13:55:00-04,ND0228,N,51,74.67,2.53%,2,ND0228 - US 301 NB AT HYETTS CORNER,12585.1,2019-01-29 08:27:00-05,
2024-08-13 14:00:00-04,ND0228,N,43,76.29,2.02%,2,ND0228 - US 301 NB AT HYETTS CORNER,12585.1,2019-01-29 08:27:00-05,
2024-08-13 14:05:00-04,ND0228,N,53,73.38,2.93%,2,ND0228 - US 301 NB AT HYETTS CORNER,12585.1,2019-01-29 08:27:00-05,
2024-08-13 14:10:00-04,ND0228,N,45,73.55,2.29%,2,ND0228 - US 301 NB AT HYETTS CORNER,12585.1,2019-01-29 08:27:00-05,
2024-08-13 14:15:00-04,ND0228,N,42,75.49,1.97%,2,ND0228 - US 301 NB AT HYETTS CORNER,12585.1,2019-01-29 08:27:00-05,
2024-08-13 14:20:00-04,ND0228,N,62,75.73,3.16%,2,ND0228 - US 301 NB AT HYETTS CORNER,12585.1,2019-01-29 08:27:00-05,
2024-08-13 14:25:00-04,ND0228,N,42,75.60,1.96%,2,ND0228 - US 301 NB AT HYETTS CORNER,12585.1,2019-01-29 08:27:00-05,
2024-08-13 14:30:00-04,ND0228,N,55,75.59,2.34%,2,ND0228 - US 301 NB AT HYETTS CORNER,12585.1,2019-01-29 08:27:00-05,
2024-08-13 14:35:00-04,ND0228,N,63,74.78,3.10%,2,ND0228 - US 301 NB AT HYETTS CORNER,12585.1,2019-01-29 08:27:00-05,
2024-08-13 14:40:00-04,ND0228,N,49,73.95,2.42%,2,ND0228 - US 301 NB AT HYETTS CORNER,12585.1,2019-01-29 08:27:00-05,
2024-08-13 14:45:00-04,ND0228,N,66,75.57,2.80%,2,ND0228 - US 301 NB AT HYETTS CORNER,12585.1,2019-01-29 08:27:00-05,
2024-08-13 14:50:00-04,ND0228,N,48,76.28,2.53%,2,ND0228 - US 301 NB AT HYETTS CORNER,12585.1,2019-01-29 08:27:00-05,
2024-08-13 14:55:00-04,ND0228,N,59,76.25,3.03%,2,ND0228 - US 301 NB AT HYETTS CORNER,12585.1,2019-01-29 08:27:00-05,
2024-08-13 15:00:00-04,ND0228,N,55,78.17,2.20%,2,ND0228 - US 301 NB AT HYETTS CORNER,12585.1,2019-01-29 08:27:00-05,
2024-08-13 15:05:00-04,ND0228,N,50,77.13,2.37%,2,ND0228 - US 301 NB AT HYETTS CORNER,12585.1,2019-01-29 08:27:00-05,
2024-08-13 15:10:00-04,ND0228,N,32,75.37,1.30%,2,ND0228 - US 301 NB AT HYETTS CORNER,12585.1,2019-01-29 08:27:00-05,
2024-08-13 15:15:00-04,ND0228,N,59,73.37,2.50%,2,ND0228 - US 301 NB AT HYETTS CORNER,12585.1,2019-01-29 08:27:00-05,
2024-08-13 15:20:00-04,ND0228,N,70,75.54,3.14%,2,ND0228 - US 301 NB AT HYETTS CORNER,12585.1,2019-01-29 08:27:00-05,
2024-08-13 15:25:00-04,ND0228,N,56,77.11,2.12%,2,ND0228 - US 301 NB AT HYETTS CORNER,12585.1,2019-01-29 08:27:00-05,
2024-08-13 15:30:00-04,ND0228,N,54,75.77,2.08%,2,ND0228 - US 301 NB AT HYETTS CORNER,12585.1,2019-01-29 08:27:00-05,
2024-08-13 15:35:00-04,ND0228,N,62,76.92,3.02%,2,ND0228 - US 301 NB AT HYETTS CORNER,12585.1,2019-01-29 08:27:00-05,
2024-08-13 15:40:00-04,ND0228,N,65,76.79,2.68%,2,ND0228 - US 301 NB AT HYETTS CORNER,12585.1,2019-01-29 08:27:00-05,
2024-08-13 15:45:00-04,ND0228,N,71,77.43,2.94%,2,ND0228 - US 301 NB AT HYETTS CORNER,12585.1,2019-01-29 08:27:00-05,
2024-08-13 15:50:00-04,ND0228,N,66,77.89,2.85%,2,ND0228 - US 301 NB AT HYETTS CORNER,12585.1,2019-01-29 08:27:00-05,
2024-08-13 15:55:00-04,ND0228,N,61,77.29,2.79%,2,ND0228 - US 301 NB AT HYETTS CORNER,12585.1,2019-01-29 08:27:00-05,
2024-08-13 16:00:00-04,ND0228,N,56,73.82,2.47%,2,ND0228 - US 301 NB AT HYETTS CORNER,12585.1,2019-01-29 08:27:00-05,
2024-08-13 16:05:00-04,ND0228,N,63,77.32,2.65%,2,ND0228 - US 301 NB AT HYETTS CORNER,12585.1,2019-01-29 08:27:00-05,
2024-08-13 16:10:00-04,ND0228,N,90,77.89,3.79%,2,ND0228 - US 301 NB AT HYETTS CORNER,12585.1,2019-01-29 08:27:00-05,
2024-08-13 16:15:00-04,ND0228,N,74,77.68,3.03%,2,ND0228 - US 301 NB AT HYETTS CORNER,12585.1,2019-01-29 08:27:00-05,
2024-08-13 16:20:00-04,ND0228,N,80,76.08,3.34%,2,ND0228 - US 301 NB AT HYETTS CORNER,12585.1,2019-01-29 08:27:00-05,
2024-08-13 16:25:00-04,ND0228,N,63,76.37,2.71%,2,ND0228 - US 301 NB AT HYETTS CORNER,12585.1,2019-01-29 08:27:00-05,
2024-08-13 16:30:00-04,ND0228,N,88,75.71,3.94%,2,ND0228 - US 301 NB AT HYETTS CORNER,12585.1,2019-01-29 08:27:00-05,
2024-08-13 16:35:00-04,ND0228,N,64,76.55,2.77%,2,ND0228 - US 301 NB AT HYETTS CORNER,12585.1,2019-01-29 08:27:00-05,
2024-08-13 16:40:00-04,ND0228,N,71,77.79,3.00%,2,ND0228 - US 301 NB AT HYETTS CORNER,12585.1,2019-01-29 08:27:00-05,
2024-08-13 16:45:00-04,ND0228,N,76,76.82,3.09%,2,ND0228 - US 301 NB AT HYETTS CORNER,12585.1,2019-01-29 08:27:00-05,
2024-08-13 16:50:00-04,ND0228,N,73,76.21,3.11%,2,ND0228 - US 301 NB AT HYETTS CORNER,12585.1,2019-01-29 08:27:00-05,
2024-08-13 16:55:00-04,ND0228,N,99,77.07,3.70%,2,ND0228 - US 301 NB AT HYETTS CORNER,12585.1,2019-01-29 08:27:00-05,
2024-08-13 17:00:00-04,ND0228,N,93,75.10,3.80%,2,ND0228 - US 301 NB AT HYETTS CORNER,12585.1,2019-01-29 08:27:00-05,
2024-08-13 17:05:00-04,ND0228,N,67,77.42,2.80%,2,ND0228 - US 301 NB AT HYETTS CORNER,12585.1,2019-01-29 08:27:00-05,
2024-08-13 17:10:00-04,ND0228,N,84,74.82,3.69%,2,ND0228 - US 301 NB AT HYETTS CORNER,12585.1,2019-01-29 08:27:00-05,
2024-08-13 17:15:00-04,ND0228,N,77,77.18,2.90%,2,ND0228 - US 301 NB AT HYETTS CORNER,12585.1,2019-01-29 08:27:00-05,
2024-08-13 17:20:00-04,ND0228,N,92,76.16,4.05%,2,ND0228 - US 301 NB AT HYETTS CORNER,12585.1,2019-01-29 08:27:00-05,
2024-08-13 17:25:00-04,ND0228,N,73,75.43,3.30%,2,ND0228 - US 301 NB AT HYETTS CORNER,12585.1,2019-01-29 08:27:00-05,
2024-08-13 17:30:00-04,ND0228,N,81,75.93,3.71%,2,ND0228 - US 301 NB AT HYETTS CORNER,12585.1,2019-01-29 08:27:00-05,
2024-08-13 17:35:00-04,ND0228,N,76,78.16,3.08%,2,ND0228 - US 301 NB AT HYETTS CORNER,12585.1,2019-01-29 08:27:00-05,
2024-08-13 17:40:00-04,ND0228,N,61,77.68,2.09%,2,ND0228 - US 301 NB AT HYETTS CORNER,12585.1,2019-01-29 08:27:00-05,
2024-08-13 17:45:00-04,ND0228,N,77,75.82,2.96%,2,ND0228 - US 301 NB AT HYETTS CORNER,12585.1,2019-01-29 08:27:00-05,
2024-08-13 17:50:00-04,ND0228,N,65,77.28,2.80%,2,ND0228 - US 301 NB AT HYETTS CORNER,12585.1,2019-01-29 08:27:00-05,
2024-08-13 17:55:00-04,ND0228,N,75,76.30,2.80%,2,ND0228 - US 301 NB AT HYETTS CORNER,12585.1,2019-01-29 08:27:00-05,
2024-08-13 18:00:00-04,ND0228,N,79,78.15,3.13%,2,ND0228 - US 301 NB AT HYETTS CORNER,12585.1,2019-01-29 08:27:00-05,
2024-08-13 18:05:00-04,ND0228,N,59,75.96,2.67%,2,ND0228 - US 301 NB AT HYETTS CORNER,12585.1,2019-01-29 08:27:00-05,
2024-08-13 18:10:00-04,ND0228,N,70,76.06,3.06%,2,ND0228 - US 301 NB AT HYETTS CORNER,12585.1,2019-01-29 08:27:00-05,
2024-08-13 18:15:00-04,ND0228,N,78,77.38,3.16%,2,ND0228 - US 301 NB AT HYETTS CORNER,12585.1,2019-01-29 08:27:00-05,
2024-08-13 18:20:00-04,ND0228,N,51,78.13,2.05%,2,ND0228 - US 301 NB AT HYETTS CORNER,12585.1,2019-01-29 08:27:00-05,
2024-08-13 18:25:00-04,ND0228,N,50,76.73,1.83%,2,ND0228 - US 301 NB AT HYETTS CORNER,12585.1,2019-01-29 08:27:00-05,
2024-08-13 18:30:00-04,ND0228,N,65,77.80,2.56%,2,ND0228 - US 301 NB AT HYETTS CORNER,12585.1,2019-01-29 08:27:00-05,
2024-08-13 18:35:00-04,ND0228,N,72,76.31,2.99%,2,ND0228 - US 301 NB AT HYETTS CORNER,12585.1,2019-01-29 08:27:00-05,
2024-08-13 18:40:00-04,ND0228,N,65,78.05,2.92%,2,ND0228 - US 301 NB AT HYETTS CORNER,12585.1,2019-01-29 08:27:00-05,
2024-08-13 18:45:00-04,ND0228,N,63,79.46,2.65%,2,ND0228 - US 301 NB AT HYETTS CORNER,12585.1,2019-01-29 08:27:00-05,
2024-08-13 18:50:00-04,ND0228,N,78,76.50,3.48%,2,ND0228 - US 301 NB AT HYETTS CORNER,12585.1,2019-01-29 08:27:00-05,
2024-08-13 18:55:00-04,ND0228,N,66,76.80,3.10%,2,ND0228 - US 301 NB AT HYETTS CORNER,12585.1,2019-01-29 08:27:00-05,
2024-08-13 19:00:00-04,ND0228,N,41,79.85,1.52%,2,ND0228 - US 301 NB AT HYETTS CORNER,12585.1,2019-01-29 08:27:00-05,
2024-08-13 19:05:00-04,ND0228,N,57,77.56,2.40%,2,ND0228 - US 301 NB AT HYETTS CORNER,12585.1,2019-01-29 08:27:00-05,
2024-08-13 19:10:00-04,ND0228,N,59,75.80,2.70%,2,ND0228 - US 301 NB AT HYETTS CORNER,12585.1,2019-01-29 08:27:00-05,
2024-08-13 19:15:00-04,ND0228,N,35,76.99,1.70%,2,ND0228 - US 301 NB AT HYETTS CORNER,12585.1,2019-01-29 08:27:00-05,
2024-08-13 19:20:00-04,ND0228,N,47,75.41,2.02%,2,ND0228 - US 301 NB AT HYETTS CORNER,12585.1,2019-01-29 08:27:00-05,
2024-08-13 19:25:00-04,ND0228,N,46,77.71,2.18%,2,ND0228 - US 301 NB AT HYETTS CORNER,12585.1,2019-01-29 08:27:00-05,
2024-08-13 19:30:00-04,ND0228,N,44,78.97,1.81%,2,ND0228 - US 301 NB AT HYETTS CORNER,12585.1,2019-01-29 08:27:00-05,
2024-08-13 19:35:00-04,ND0228,N,32,77.04,1.49%,2,ND0228 - US 301 NB AT HYETTS CORNER,12585.1,2019-01-29 08:27:00-05,
2024-08-13 19:40:00-04,ND0228,N,30,75.58,1.33%,2,ND0228 - US 301 NB AT HYETTS CORNER,12585.1,2019-01-29 08:27:00-05,
2024-08-13 19:45:00-04,ND0228,N,51,78.20,2.22%,2,ND0228 - US 301 NB AT HYETTS CORNER,12585.1,2019-01-29 08:27:00-05,
2024-08-13 19:50:00-04,ND0228,N,41,75.14,1.73%,2,ND0228 - US 301 NB AT HYETTS CORNER,12585.1,2019-01-29 08:27:00-05,
2024-08-13 19:55:00-04,ND0228,N,39,76.44,1.69%,2,ND0228 - US 301 NB AT HYETTS CORNER,12585.1,2019-01-29 08:27:00-05,
2024-08-13 20:00:00-04,ND0228,N,40,74.15,1.86%,2,ND0228 - US 301 NB AT HYETTS CORNER,12585.1,2019-01-29 08:27:00-05,
2024-08-13 20:05:00-04,ND0228,N,29,74.92,1.39%,2,ND0228 - US 301 NB AT HYETTS CORNER,12585.1,2019-01-29 08:27:00-05,
2024-08-13 20:10:00-04,ND0228,N,46,75.07,2.26%,2,ND0228 - US 301 NB AT HYETTS CORNER,12585.1,2019-01-29 08:27:00-05,
2024-08-13 20:15:00-04,ND0228,N,30,78.29,1.07%,2,ND0228 - US 301 NB AT HYETTS CORNER,12585.1,2019-01-29 08:27:00-05,
2024-08-13 20:20:00-04,ND0228,N,35,76.05,1.57%,2,ND0228 - US 301 NB AT HYETTS CORNER,12585.1,2019-01-29 08:27:00-05,
2024-08-13 20:25:00-04,ND0228,N,21,74.58,2.13%,1,ND0228 - US 301 NB AT HYETTS CORNER,12585.1,2019-01-29 08:27:00-05,
2024-08-13 20:30:00-04,ND0228,N,34,73.20,1.58%,2,ND0228 - US 301 NB AT HYETTS CORNER,12585.1,2019-01-29 08:27:00-05,
2024-08-13 20:35:00-04,ND0228,N,22,72.41,1.47%,2,ND0228 - US 301 NB AT HYETTS CORNER,12585.1,2019-01-29 08:27:00-05,
2024-08-13 20:40:00-04,ND0228,N,23,76.91,1.30%,2,ND0228 - US 301 NB AT HYETTS CORNER,12585.1,2019-01-29 08:27:00-05,
2024-08-13 20:45:00-04,ND0228,N,20,73.55,1.10%,2,ND0228 - US 301 NB AT HYETTS CORNER,12585.1,2019-01-29 08:27:00-05,
2024-08-13 20:50:00-04,ND0228,N,27,69.79,1.71%,2,ND0228 - US 301 NB AT HYETTS CORNER,12585.1,2019-01-29 08:27:00-05,
2024-08-13 20:55:00-04,ND0228,N,19,70.24,0.91%,2,ND0228 - US 301 NB AT HYETTS CORNER,12585.1,2019-01-29 08:27:00-05,
2024-08-13 21:00:00-04,ND0228,N,27,71.12,1.77%,2,ND0228 - US 301 NB AT HYETTS CORNER,12585.1,2019-01-29 08:27:00-05,
2024-08-13 21:05:00-04,ND0228,N,22,69.73,1.15%,2,ND0228 - US 301 NB AT HYETTS CORNER,12585.1,2019-01-29 08:27:00-05,
2024-08-13 21:10:00-04,ND0228,N,30,71.22,2.04%,2,ND0228 - US 301 NB AT HYETTS CORNER,12585.1,2019-01-29 08:27:00-05,
2024-08-13 21:15:00-04,ND0228,N,13,72.22,1.08%,2,ND0228 - US 301 NB AT HYETTS CORNER,12585.1,2019-01-29 08:27:00-05,
2024-08-13 21:20:00-04,ND0228,N,19,75.84,1.41%,2,ND0228 - US 301 NB AT HYETTS CORNER,12585.1,2019-01-29 08:27:00-05,
2024-08-13 21:25:00-04,ND0228,N,12,73.77,0.74%,2,ND0228 - US 301 NB AT HYETTS CORNER,12585.1,2019-01-29 08:27:00-05,
2024-08-13 21:30:00-04,ND0228,N,20,71.43,1.23%,2,ND0228 - US 301 NB AT HYETTS CORNER,12585.1,2019-01-29 08:27:00-05,
2024-08-13 21:35:00-04,ND0228,N,18,72.35,1.39%,2,ND0228 - US 301 NB AT HYETTS CORNER,12585.1,2019-01-29 08:27:00-05,
2024-08-13 21:40:00-04,ND0228,N,14,69.77,0.76%,2,ND0228 - US 301 NB AT HYETTS CORNER,12585.1,2019-01-29 08:27:00-05,
2024-08-13 21:45:00-04,ND0228,N,17,69.73,1.94%,2,ND0228 - US 301 NB AT HYETTS CORNER,12585.1,2019-01-29 08:27:00-05,
2024-08-13 21:50:00-04,ND0228,N,16,66.04,0.82%,2,ND0228 - US 301 NB AT HYETTS CORNER,12585.1,2019-01-29 08:27:00-05,
2024-08-13 21:55:00-04,ND0228,N,14,67.99,1.14%,2,ND0228 - US 301 NB AT HYETTS CORNER,12585.1,2019-01-29 08:27:00-05,
2024-08-13 22:00:00-04,ND0228,N,18,73.76,1.04%,2,ND0228 - US 301 NB AT HYETTS CORNER,12585.1,2019-01-29 08:27:00-05,
2024-08-13 22:05:00-04,ND0228,N,12,74.04,0.75%,2,ND0228 - US 301 NB AT HYETTS CORNER,12585.1,2019-01-29 08:27:00-05,
2024-08-13 22:10:00-04,ND0228,N,15,70.09,1.24%,2,ND0228 - US 301 NB AT HYETTS CORNER,12585.1,2019-01-29 08:27:00-05,
2024-08-13 22:15:00-04,ND0228,N,23,71.93,2.02%,2,ND0228 - US 301 NB AT HYETTS CORNER,12585.1,2019-01-29 08:27:00-05,
2024-08-13 22:20:00-04,ND0228,N,15,72.80,1.17%,2,ND0228 - US 301 NB AT HYETTS CORNER,12585.1,2019-01-29 08:27:00-05,
2024-08-13 22:25:00-04,ND0228,N,14,68.66,1.28%,2,ND0228 - US 301 NB AT HYETTS CORNER,12585.1,2019-01-29 08:27:00-05,
2024-08-13 22:30:00-04,ND0228,N,17,69.41,1.46%,2,ND0228 - US 301 NB AT HYETTS CORNER,12585.1,2019-01-29 08:27:00-05,
2024-08-13 22:35:00-04,ND0228,N,13,75.44,1.23%,2,ND0228 - US 301 NB AT HYETTS CORNER,12585.1,2019-01-29 08:27:00-05,
2024-08-13 22:40:00-04,ND0228,N,9,71.39,0.51%,2,ND0228 - US 301 NB AT HYETTS CORNER,12585.1,2019-01-29 08:27:00-05,
2024-08-13 22:45:00-04,ND0228,N,17,74.89,1.17%,2,ND0228 - US 301 NB AT HYETTS CORNER,12585.1,2019-01-29 08:27:00-05,
2024-08-13 22:50:00-04,ND0228,N,6,74.78,0.53%,2,ND0228 - US 301 NB AT HYETTS CORNER,12585.1,2019-01-29 08:27:00-05,
2024-08-13 22:55:00-04,ND0228,N,6,66.39,1.20%,1,ND0228 - US 301 NB AT HYETTS CORNER,12585.1,2019-01-29 08:27:00-05,
2024-08-13 23:00:00-04,ND0228,N,11,74.71,0.62%,2,ND0228 - US 301 NB AT HYETTS CORNER,12585.1,2019-01-29 08:27:00-05,
2024-08-13 23:05:00-04,ND0228,N,4,72.70,0.29%,2,ND0228 - US 301 NB AT HYETTS CORNER,12585.1,2019-01-29 08:27:00-05,
2024-08-13 23:10:00-04,ND0228,N,8,75.46,0.56%,2,ND0228 - US 301 NB AT HYETTS CORNER,12585.1,2019-01-29 08:27:00-05,
2024-08-13 23:15:00-04,ND0228,N,7,66.43,1.28%,1,ND0228 - US 301 NB AT HYETTS CORNER,12585.1,2019-01-29 08:27:00-05,
2024-08-13 23:20:00-04,ND0228,N,6,69.61,0.62%,2,ND0228 - US 301 NB AT HYETTS CORNER,12585.1,2019-01-29 08:27:00-05,
2024-08-13 23:25:00-04,ND0228,N,4,66.95,1.13%,1,ND0228 - US 301 NB AT HYETTS CORNER,12585.1,2019-01-29 08:27:00-05,
2024-08-13 23:30:00-04,ND0228,N,6,67.01,1.27%,1,ND0228 - US 301 NB AT HYETTS CORNER,12585.1,2019-01-29 08:27:00-05,
2024-08-13 23:35:00-04,ND0228,N,3,70.57,0.41%,2,ND0228 - US 301 NB AT HYETTS CORNER,12585.1,2019-01-29 08:27:00-05,
2024-08-13 23:40:00-04,ND0228,N,8,75.61,0.50%,2,ND0228 - US 301 NB AT HYETTS CORNER,12585.1,2019-01-29 08:27:00-05,
2024-08-13 23:45:00-04,ND0228,N,3,67.96,0.59%,1,ND0228 - US 301 NB AT HYETTS CORNER,12585.1,2019-01-29 08:27:00-05,
2024-08-13 23:50:00-04,ND0228,N,3,69.12,0.22%,2,ND0228 - US 301 NB AT HYETTS CORNER,12585.1,2019-01-29 08:27:00-05,
2024-08-13 23:55:00-04,ND0228,N,12,72.90,0.92%,2,ND0228 - US 301 NB AT HYETTS CORNER,12585.1,2019-01-29 08:27:00-05,
2024-08-14 00:00:00-04,ND0228,N,5,65.98,0.70%,1,ND0228 - US 301 NB AT HYETTS CORNER,12585.1,2019-01-29 08:27:00-05,
2024-08-14 00:05:00-04,ND0228,N,3,69.41,0.62%,1,ND0228 - US 301 NB AT HYETTS CORNER,12585.1,2019-01-29 08:27:00-05,
2024-08-14 00:10:00-04,ND0228,N,3,66.55,0.78%,1,ND0228 - US 301 NB AT HYETTS CORNER,12585.1,2019-01-29 08:27:00-05,
2024-08-14 00:15:00-04,ND0228,N,5,65.39,0.39%,2,ND0228 - US 301 NB AT HYETTS CORNER,12585.1,2019-01-29 08:27:00-05,
2024-08-14 00:20:00-04,ND0228,N,2,69.18,0.50%,1,ND0228 - US 301 NB AT HYETTS CORNER,12585.1,2019-01-29 08:27:00-05,
2024-08-14 00:25:00-04,ND0228,N,11,68.35,1.24%,2,ND0228 - US 301 NB AT HYETTS CORNER,12585.1,2019-01-29 08:27:00-05,
2024-08-14 00:30:00-04,ND0228,N,9,73.30,0.79%,2,ND0228 - US 301 NB AT HYETTS CORNER,12585.1,2019-01-29 08:27:00-05,
2024-08-14 00:35:00-04,ND0228,N,1,74.62,0.07%,1,ND0228 - US 301 NB AT HYETTS CORNER,12585.1,2019-01-29 08:27:00-05,
2024-08-14 00:40:00-04,ND0228,N,7,71.12,0.54%,2,ND0228 - US 301 NB AT HYETTS CORNER,12585.1,2019-01-29 08:27:00-05,
2024-08-14 00:50:00-04,ND0228,N,7,66.16,0.58%,2,ND0228 - US 301 NB AT HYETTS CORNER,12585.1,2019-01-29 08:27:00-05,
2024-08-14 00:55:00-04,ND0228,N,3,66.30,0.46%,1,ND0228 - US 301 NB AT HYETTS CORNER,12585.1,2019-01-29 08:27:00-05,
2024-08-14 01:05:00-04,ND0228,N,9,71.93,1.24%,1,ND0228 - US 301 NB AT HYETTS CORNER,12585.1,2019-01-29 08:27:00-05,
2024-08-14 01:10:00-04,ND0228,N,2,70.83,0.38%,1,ND0228 - US 301 NB AT HYETTS CORNER,12585.1,2019-01-29 08:27:00-05,
2024-08-14 01:15:00-04,ND0228,N,6,68.94,0.52%,2,ND0228 - US 301 NB AT HYETTS CORNER,12585.1,2019-01-29 08:27:00-05,
2024-08-14 01:20:00-04,ND0228,N,3,66.09,0.78%,1,ND0228 - US 301 NB AT HYETTS CORNER,12585.1,2019-01-29 08:27:00-05,
2024-08-14 01:25:00-04,ND0228,N,2,66.27,0.56%,1,ND0228 - US 301 NB AT HYETTS CORNER,12585.1,2019-01-29 08:27:00-05,
2024-08-14 01:30:00-04,ND0228,N,8,68.57,1.78%,1,ND0228 - US 301 NB AT HYETTS CORNER,12585.1,2019-01-29 08:27:00-05,
2024-08-14 01:35:00-04,ND0228,N,5,69.62,0.68%,2,ND0228 - US 301 NB AT HYETTS CORNER,12585.1,2019-01-29 08:27:00-05,
2024-08-14 01:40:00-04,ND0228,N,8,67.56,0.95%,2,ND0228 - US 301 NB AT HYETTS CORNER,12585.1,2019-01-29 08:27:00-05,
2024-08-14 01:45:00-04,ND0228,N,6,67.15,1.46%,1,ND0228 - US 301 NB AT HYETTS CORNER,12585.1,2019-01-29 08:27:00-05,
2024-08-14 01:50:00-04,ND0228,N,4,78.73,0.32%,2,ND0228 - US 301 NB AT HYETTS CORNER,12585.1,2019-01-29 08:27:00-05,
2024-08-14 01:55:00-04,ND0228,N,5,67.99,0.57%,2,ND0228 - US 301 NB AT HYETTS CORNER,12585.1,2019-01-29 08:27:00-05,
2024-08-14 02:00:00-04,ND0228,N,6,70.26,0.37%,2,ND0228 - US 301 NB AT HYETTS CORNER,12585.1,2019-01-29 08:27:00-05,
2024-08-14 02:05:00-04,ND0228,N,6,69.10,0.62%,2,ND0228 - US 301 NB AT HYETTS CORNER,12585.1,2019-01-29 08:27:00-05,
2024-08-14 02:10:00-04,ND0228,N,1,72.02,0.25%,1,ND0228 - US 301 NB AT HYETTS CORNER,12585.1,2019-01-29 08:27:00-05,
2024-08-14 02:15:00-04,ND0228,N,3,66.22,0.41%,2,ND0228 - US 301 NB AT HYETTS CORNER,12585.1,2019-01-29 08:27:00-05,
2024-08-14 02:20:00-04,ND0228,N,5,68.23,0.54%,2,ND0228 - US 301 NB AT HYETTS CORNER,12585.1,2019-01-29 08:27:00-05,
2024-08-14 02:25:00-04,ND0228,N,8,67.33,1.07%,2,ND0228 - US 301 NB AT HYETTS CORNER,12585.1,2019-01-29 08:27:00-05,
2024-08-14 02:30:00-04,ND0228,N,3,66.37,0.41%,2,ND0228 - US 301 NB AT HYETTS CORNER,12585.1,2019-01-29 08:27:00-05,
2024-08-14 02:35:00-04,ND0228,N,3,69.58,0.34%,2,ND0228 - US 301 NB AT HYETTS CORNER,12585.1,2019-01-29 08:27:00-05,
2024-08-14 02:40:00-04,ND0228,N,7,69.46,0.79%,2,ND0228 - US 301 NB AT HYETTS CORNER,12585.1,2019-01-29 08:27:00-05,
2024-08-14 02:45:00-04,ND0228,N,4,72.63,0.45%,2,ND0228 - US 301 NB AT HYETTS CORNER,12585.1,2019-01-29 08:27:00-05,
2024-08-14 02:50:00-04,ND0228,N,4,76.13,0.35%,2,ND0228 - US 301 NB AT HYETTS CORNER,12585.1,2019-01-29 08:27:00-05,
2024-08-14 02:55:00-04,ND0228,N,2,64.74,0.29%,2,ND0228 - US 301 NB AT HYETTS CORNER,12585.1,2019-01-29 08:27:00-05,
2024-08-14 03:00:00-04,ND0228,N,3,63.39,0.52%,1,ND0228 - US 301 NB AT HYETTS CORNER,12585.1,2019-01-29 08:27:00-05,
2024-08-14 03:05:00-04,ND0228,N,2,72.21,0.15%,1,ND0228 - US 301 NB AT HYETTS CORNER,12585.1,2019-01-29 08:27:00-05,
2024-08-14 03:10:00-04,ND0228,N,3,72.23,0.44%,1,ND0228 - US 301 NB AT HYETTS CORNER,12585.1,2019-01-29 08:27:00-05,
2024-08-14 03:15:00-04,ND0228,N,8,77.46,0.44%,2,ND0228 - US 301 NB AT HYETTS CORNER,12585.1,2019-01-29 08:27:00-05,
2024-08-14 03:20:00-04,ND0228,N,3,70.04,0.29%,2,ND0228 - US 301 NB AT HYETTS CORNER,12585.1,2019-01-29 08:27:00-05,
2024-08-14 03:25:00-04,ND0228,N,8,69.41,0.83%,2,ND0228 - US 301 NB AT HYETTS CORNER,12585.1,2019-01-29 08:27:00-05,
2024-08-14 03:30:00-04,ND0228,N,4,67.63,0.70%,1,ND0228 - US 301 NB AT HYETTS CORNER,12585.1,2019-01-29 08:27:00-05,
2024-08-14 03:35:00-04,ND0228,N,7,70.76,0.39%,2,ND0228 - US 301 NB AT HYETTS CORNER,12585.1,2019-01-29 08:27:00-05,
2024-08-14 03:40:00-04,ND0228,N,9,72.59,0.59%,2,ND0228 - US 301 NB AT HYETTS CORNER,12585.1,2019-01-29 08:27:00-05,
2024-08-14 03:45:00-04,ND0228,N,5,71.97,0.43%,2,ND0228 - US 301 NB AT HYETTS CORNER,12585.1,2019-01-29 08:27:00-05,
2024-08-14 03:50:00-04,ND0228,N,3,76.04,0.11%,2,ND0228 - US 301 NB AT HYETTS CORNER,12585.1,2019-01-29 08:27:00-05,
2024-08-14 03:55:00-04,ND0228,N,10,70.49,0.56%,2,ND0228 - US 301 NB AT HYETTS CORNER,12585.1,2019-01-29 08:27:00-05,
2024-08-14 04:00:00-04,ND0228,N,9,72.66,0.67%,2,ND0228 - US 301 NB AT HYETTS CORNER,12585.1,2019-01-29 08:27:00-05,
2024-08-14 04:05:00-04,ND0228,N,14,76.08,1.05%,2,ND0228 - US 301 NB AT HYETTS CORNER,12585.1,2019-01-29 08:27:00-05,
2024-08-14 04:10:00-04,ND0228,N,8,75.82,0.49%,2,ND0228 - US 301 NB AT HYETTS CORNER,12585.1,2019-01-29 08:27:00-05,
2024-08-14 04:15:00-04,ND0228,N,12,76.17,0.62%,2,ND0228 - US 301 NB AT HYETTS CORNER,12585.1,2019-01-29 08:27:00-05,
2024-08-14 04:20:00-04,ND0228,N,10,71.84,0.91%,2,ND0228 - US 301 NB AT HYETTS CORNER,12585.1,2019-01-29 08:27:00-05,
2024-08-14 04:25:00-04,ND0228,N,6,70.12,0.51%,2,ND0228 - US 301 NB AT HYETTS CORNER,12585.1,2019-01-29 08:27:00-05,
2024-08-14 04:30:00-04,ND0228,N,8,75.42,0.37%,2,ND0228 - US 301 NB AT HYETTS CORNER,12585.1,2019-01-29 08:27:00-05,
2024-08-14 04:35:00-04,ND0228,N,8,73.63,0.39%,2,ND0228 - US 301 NB AT HYETTS CORNER,12585.1,2019-01-29 08:27:00-05,
2024-08-14 04:40:00-04,ND0228,N,12,76.07,0.81%,2,ND0228 - US 301 NB AT HYETTS CORNER,12585.1,2019-01-29 08:27:00-05,
2024-08-14 04:45:00-04,ND0228,N,17,72.41,1.21%,2,ND0228 - US 301 NB AT HYETTS CORNER,12585.1,2019-01-29 08:27:00-05,
2024-08-14 04:50:00-04,ND0228,N,17,69.53,1.21%,2,ND0228 - US 301 NB AT HYETTS CORNER,12585.1,2019-01-29 08:27:00-05,
2024-08-14 04:55:00-04,ND0228,N,22,73.22,1.38%,2,ND0228 - US 301 NB AT HYETTS CORNER,12585.1,2019-01-29 08:27:00-05,
2024-08-14 05:00:00-04,ND0228,N,19,77.05,0.97%,2,ND0228 - US 301 NB AT HYETTS CORNER,12585.1,2019-01-29 08:27:00-05,
2024-08-14 05:05:00-04,ND0228,N,17,72.88,1.13%,2,ND0228 - US 301 NB AT HYETTS CORNER,12585.1,2019-01-29 08:27:00-05,
2024-08-14 05:10:00-04,ND0228,N,19,77.18,1.14%,2,ND0228 - US 301 NB AT HYETTS CORNER,12585.1,2019-01-29 08:27:00-05,
2024-08-14 05:15:00-04,ND0228,N,24,73.06,1.55%,2,ND0228 - US 301 NB AT HYETTS CORNER,12585.1,2019-01-29 08:27:00-05,
2024-08-14 05:20:00-04,ND0228,N,26,78.62,1.09%,2,ND0228 - US 301 NB AT HYETTS CORNER,12585.1,2019-01-29 08:27:00-05,
2024-08-14 05:25:00-04,ND0228,N,35,74.44,1.61%,2,ND0228 - US 301 NB AT HYETTS CORNER,12585.1,2019-01-29 08:27:00-05,
2024-08-14 05:30:00-04,ND0228,N,27,72.42,1.50%,2,ND0228 - US 301 NB AT HYETTS CORNER,12585.1,2019-01-29 08:27:00-05,
2024-08-14 05:35:00-04,ND0228,N,28,75.49,1.23%,2,ND0228 - US 301 NB AT HYETTS CORNER,12585.1,2019-01-29 08:27:00-05,
2024-08-14 05:40:00-04,ND0228,N,35,75.24,1.93%,2,ND0228 - US 301 NB AT HYETTS CORNER,12585.1,2019-01-29 08:27:00-05,
2024-08-14 05:45:00-04,ND0228,N,37,75.90,1.72%,2,ND0228 - US 301 NB AT HYETTS CORNER,12585.1,2019-01-29 08:27:00-05,
2024-08-14 05:50:00-04,ND0228,N,25,74.84,2.31%,1,ND0228 - US 301 NB AT HYETTS CORNER,12585.1,2019-01-29 08:27:00-05,
2024-08-14 05:55:00-04,ND0228,N,36,78.05,1.54%,2,ND0228 - US 301 NB AT HYETTS CORNER,12585.1,2019-01-29 08:27:00-05,
2024-08-14 06:00:00-04,ND0228,N,47,77.37,2.01%,2,ND0228 - US 301 NB AT HYETTS CORNER,12585.1,2019-01-29 08:27:00-05,
2024-08-14 06:05:00-04,ND0228,N,38,76.14,1.93%,2,ND0228 - US 301 NB AT HYETTS CORNER,12585.1,2019-01-29 08:27:00-05,
2024-08-14 06:10:00-04,ND0228,N,52,75.90,2.36%,2,ND0228 - US 301 NB AT HYETTS CORNER,12585.1,2019-01-29 08:27:00-05,
2024-08-14 06:15:00-04,ND0228,N,53,77.71,2.17%,2,ND0228 - US 301 NB AT HYETTS CORNER,12585.1,2019-01-29 08:27:00-05,
2024-08-14 06:20:00-04,ND0228,N,64,75.73,2.96%,2,ND0228 - US 301 NB AT HYETTS CORNER,12585.1,2019-01-29 08:27:00-05,
2024-08-14 06:25:00-04,ND0228,N,69,77.03,2.57%,2,ND0228 - US 301 NB AT HYETTS CORNER,12585.1,2019-01-29 08:27:00-05,
2024-08-14 06:30:00-04,ND0228,N,79,76.12,3.18%,2,ND0228 - US 301 NB AT HYETTS CORNER,12585.1,2019-01-29 08:27:00-05,
2024-08-14 06:35:00-04,ND0228,N,77,77.74,3.05%,2,ND0228 - US 301 NB AT HYETTS CORNER,12585.1,2019-01-29 08:27:00-05,
2024-08-14 06:40:00-04,ND0228,N,65,77.87,2.66%,2,ND0228 - US 301 NB AT HYETTS CORNER,12585.1,2019-01-29 08:27:00-05,
2024-08-14 06:45:00-04,ND0228,N,61,77.43,2.53%,2,ND0228 - US 301 NB AT HYETTS CORNER,12585.1,2019-01-29 08:27:00-05,
2024-08-14 06:50:00-04,ND0228,N,75,78.38,3.12%,2,ND0228 - US 301 NB AT HYETTS CORNER,12585.1,2019-01-29 08:27:00-05,
2024-08-14 06:55:00-04,ND0228,N,60,76.76,2.18%,2,ND0228 - US 301 NB AT HYETTS CORNER,12585.1,2019-01-29 08:27:00-05,
2024-08-14 07:00:00-04,ND0228,N,63,76.56,2.47%,2,ND0228 - US 301 NB AT HYETTS CORNER,12585.1,2019-01-29 08:27:00-05,
2024-08-14 07:05:00-04,ND0228,N,61,75.69,2.72%,2,ND0228 - US 301 NB AT HYETTS CORNER,12585.1,2019-01-29 08:27:00-05,
2024-08-14 07:10:00-04,ND0228,N,77,77.47,3.15%,2,ND0228 - US 301 NB AT HYETTS CORNER,12585.1,2019-01-29 08:27:00-05,
2024-08-14 07:15:00-04,ND0228,N,82,77.03,3.13%,2,ND0228 - US 301 NB AT HYETTS CORNER,12585.1,2019-01-29 08:27:00-05,
2024-08-14 07:20:00-04,ND0228,N,110,78.75,4.10%,2,ND0228 - US 301 NB AT HYETTS CORNER,12585.1,2019-01-29 08:27:00-05,
2024-08-14 07:25:00-04,ND0228,N,80,75.50,3.36%,2,ND0228 - US 301 NB AT HYETTS CORNER,12585.1,2019-01-29 08:27:00-05,
2024-08-14 07:30:00-04,ND0228,N,100,75.44,4.44%,2,ND0228 - US 301 NB AT HYETTS CORNER,12585.1,2019-01-29 08:27:00-05,
2024-08-14 07:35:00-04,ND0228,N,62,74.83,2.80%,2,ND0228 - US 301 NB AT HYETTS CORNER,12585.1,2019-01-29 08:27:00-05,
2024-08-14 07:40:00-04,ND0228,N,96,75.17,3.69%,2,ND0228 - US 301 NB AT HYETTS CORNER,12585.1,2019-01-29 08:27:00-05,
2024-08-14 07:45:00-04,ND0228,N,94,75.02,3.92%,2,ND0228 - US 301 NB AT HYETTS CORNER,12585.1,2019-01-29 08:27:00-05,
2024-08-14 07:50:00-04,ND0228,N,69,74.57,3.10%,2,ND0228 - US 301 NB AT HYETTS CORNER,12585.1,2019-01-29 08:27:00-05,
2024-08-14 07:55:00-04,ND0228,N,61,74.27,2.44%,2,ND0228 - US 301 NB AT HYETTS CORNER,12585.1,2019-01-29 08:27:00-05,
2024-08-14 08:00:00-04,ND0228,N,89,74.08,3.63%,2,ND0228 - US 301 NB AT HYETTS CORNER,12585.1,2019-01-29 08:27:00-05,
2024-08-14 08:05:00-04,ND0228,N,66,73.98,2.68%,2,ND0228 - US 301 NB AT HYETTS CORNER,12585.1,2019-01-29 08:27:00-05,
2024-08-14 08:10:00-04,ND0228,N,68,72.70,2.91%,2,ND0228 - US 301 NB AT HYETTS CORNER,12585.1,2019-01-29 08:27:00-05,
2024-08-14 08:15:00-04,ND0228,N,65,73.91,2.65%,2,ND0228 - US 301 NB AT HYETTS CORNER,12585.1,2019-01-29 08:27:00-05,
2024-08-14 08:20:00-04,ND0228,N,67,76.71,2.50%,2,ND0228 - US 301 NB AT HYETTS CORNER,12585.1,2019-01-29 08:27:00-05,
2024-08-14 08:25:00-04,ND0228,N,81,71.79,3.74%,2,ND0228 - US 301 NB AT HYETTS CORNER,12585.1,2019-01-29 08:27:00-05,
2024-08-14 08:30:00-04,ND0228,N,73,75.98,2.89%,2,ND0228 - US 301 NB AT HYETTS CORNER,12585.1,2019-01-29 08:27:00-05,
2024-08-14 08:35:00-04,ND0228,N,68,73.04,2.88%,2,ND0228 - US 301 NB AT HYETTS CORNER,12585.1,2019-01-29 08:27:00-05,
2024-08-14 08:40:00-04,ND0228,N,79,73.40,3.13%,2,ND0228 - US 301 NB AT HYETTS CORNER,12585.1,2019-01-29 08:27:00-05,
2024-08-14 08:45:00-04,ND0228,N,75,73.99,3.34%,2,ND0228 - US 301 NB AT HYETTS CORNER,12585.1,2019-01-29 08:27:00-05,
2024-08-14 08:50:00-04,ND0228,N,70,73.79,3.19%,2,ND0228 - US 301 NB AT HYETTS CORNER,12585.1,2019-01-29 08:27:00-05,
2024-08-14 08:55:00-04,ND0228,N,48,74.81,1.97%,2,ND0228 - US 301 NB AT HYETTS CORNER,12585.1,2019-01-29 08:27:00-05,
2024-08-14 09:00:00-04,ND0228,N,63,74.61,2.71%,2,ND0228 - US 301 NB AT HYETTS CORNER,12585.1,2019-01-29 08:27:00-05,
2024-08-14 09:05:00-04,ND0228,N,64,73.74,2.57%,2,ND0228 - US 301 NB AT HYETTS CORNER,12585.1,2019-01-29 08:27:00-05,
2024-08-14 09:10:00-04,ND0228,N,61,71.51,2.89%,2,ND0228 - US 301 NB AT HYETTS CORNER,12585.1,2019-01-29 08:27:00-05,
2024-08-14 09:15:00-04,ND0228,N,59,75.64,2.92%,2,ND0228 - US 301 NB AT HYETTS CORNER,12585.1,2019-01-29 08:27:00-05,
2024-08-14 09:20:00-04,ND0228,N,56,74.47,2.45%,2,ND0228 - US 301 NB AT HYETTS CORNER,12585.1,2019-01-29 08:27:00-05,
2024-08-14 09:25:00-04,ND0228,N,51,74.95,2.12%,2,ND0228 - US 301 NB AT HYETTS CORNER,12585.1,2019-01-29 08:27:00-05,
2024-08-14 09:30:00-04,ND0228,N,61,75.07,2.58%,2,ND0228 - US 301 NB AT HYETTS CORNER,12585.1,2019-01-29 08:27:00-05,
2024-08-14 09:35:00-04,ND0228,N,62,73.65,2.63%,2,ND0228 - US 301 NB AT HYETTS CORNER,12585.1,2019-01-29 08:27:00-05,
2024-08-14 09:40:00-04,ND0228,N,61,75.67,2.81%,2,ND0228 - US 301 NB AT HYETTS CORNER,12585.1,2019-01-29 08:27:00-05,
2024-08-14 09:45:00-04,ND0228,N,47,75.67,2.38%,2,ND0228 - US 301 NB AT HYETTS CORNER,12585.1,2019-01-29 08:27:00-05,
2024-08-14 09:50:00-04,ND0228,N,57,74.70,2.85%,2,ND0228 - US 301 NB AT HYETTS CORNER,12585.1,2019-01-29 08:27:00-05,
2024-08-14 09:55:00-04,ND0228,N,43,73.18,2.01%,2,ND0228 - US 301 NB AT HYETTS CORNER,12585.1,2019-01-29 08:27:00-05,
2024-08-14 10:00:00-04,ND0228,N,58,74.41,3.12%,2,ND0228 - US 301 NB AT HYETTS CORNER,12585.1,2019-01-29 08:27:00-05,
2024-08-14 10:05:00-04,ND0228,N,55,73.79,2.82%,2,ND0228 - US 301 NB AT HYETTS CORNER,12585.1,2019-01-29 08:27:00-05,
2024-08-14 10:10:00-04,ND0228,N,50,75.75,2.27%,2,ND0228 - US 301 NB AT HYETTS CORNER,12585.1,2019-01-29 08:27:00-05,
2024-08-14 10:15:00-04,ND0228,N,45,76.52,1.94%,2,ND0228 - US 301 NB AT HYETTS CORNER,12585.1,2019-01-29 08:27:00-05,
2024-08-14 10:20:00-04,ND0228,N,57,76.87,2.35%,2,ND0228 - US 301 NB AT HYETTS CORNER,12585.1,2019-01-29 08:27:00-05,
2024-08-14 10:25:00-04,ND0228,N,46,74.86,2.28%,2,ND0228 - US 301 NB AT HYETTS CORNER,12585.1,2019-01-29 08:27:00-05,
2024-08-14 10:30:00-04,ND0228,N,52,74.88,2.29%,2,ND0228 - US 301 NB AT HYETTS CORNER,12585.1,2019-01-29 08:27:00-05,
2024-08-14 10:35:00-04,ND0228,N,50,74.12,2.35%,2,ND0228 - US 301 NB AT HYETTS CORNER,12585.1,2019-01-29 08:27:00-05,
2024-08-14 10:40:00-04,ND0228,N,47,73.21,2.53%,2,ND0228 - US 301 NB AT HYETTS CORNER,12585.1,2019-01-29 08:27:00-05,
2024-08-14 10:45:00-04,ND0228,N,54,74.23,2.22%,2,ND0228 - US 301 NB AT HYETTS CORNER,12585.1,2019-01-29 08:27:00-05,
2024-08-14 10:50:00-04,ND0228,N,51,73.92,2.52%,2,ND0228 - US 301 NB AT HYETTS CORNER,12585.1,2019-01-29 08:27:00-05,
2024-08-14 10:55:00-04,ND0228,N,50,73.26,2.10%,2,ND0228 - US 301 NB AT HYETTS CORNER,12585.1,2019-01-29 08:27:00-05,
2024-08-14 11:00:00-04,ND0228,N,55,74.68,2.32%,2,ND0228 - US 301 NB AT HYETTS CORNER,12585.1,2019-01-29 08:27:00-05,
2024-08-14 11:05:00-04,ND0228,N,70,75.97,3.33%,2,ND0228 - US 301 NB AT HYETTS CORNER,12585.1,2019-01-29 08:27:00-05,
2024-08-14 11:10:00-04,ND0228,N,44,72.41,1.71%,2,ND0228 - US 301 NB AT HYETTS CORNER,12585.1,2019-01-29 08:27:00-05,
2024-08-14 11:15:00-04,ND0228,N,44,71.29,2.02%,2,ND0228 - US 301 NB AT HYETTS CORNER,12585.1,2019-01-29 08:27:00-05,
2024-08-14 11:20:00-04,ND0228,N,54,75.48,2.55%,2,ND0228 - US 301 NB AT HYETTS CORNER,12585.1,2019-01-29 08:27:00-05,
2024-08-14 11:25:00-04,ND0228,N,48,76.23,2.38%,2,ND0228 - US 301 NB AT HYETTS CORNER,12585.1,2019-01-29 08:27:00-05,
2024-08-14 11:30:00-04,ND0228,N,46,76.18,2.13%,2,ND0228 - US 301 NB AT HYETTS CORNER,12585.1,2019-01-29 08:27:00-05,
2024-08-14 11:35:00-04,ND0228,N,44,71.85,2.22%,2,ND0228 - US 301 NB AT HYETTS CORNER,12585.1,2019-01-29 08:27:00-05,
2024-08-14 11:40:00-04,ND0228,N,52,73.62,2.57%,2,ND0228 - US 301 NB AT HYETTS CORNER,12585.1,2019-01-29 08:27:00-05,
2024-08-14 11:45:00-04,ND0228,N,44,72.91,2.54%,2,ND0228 - US 301 NB AT HYETTS CORNER,12585.1,2019-01-29 08:27:00-05,
2024-08-14 11:50:00-04,ND0228,N,43,74.00,2.27%,2,ND0228 - US 301 NB AT HYETTS CORNER,12585.1,2019-01-29 08:27:00-05,
2024-08-14 11:55:00-04,ND0228,N,39,73.17,1.96%,2,ND0228 - US 301 NB AT HYETTS CORNER,12585.1,2019-01-29 08:27:00-05,
2024-08-14 12:00:00-04,ND0228,N,52,72.34,2.67%,2,ND0228 - US 301 NB AT HYETTS CORNER,12585.1,2019-01-29 08:27:00-05,
2024-08-14 12:05:00-04,ND0228,N,36,73.19,1.75%,2,ND0228 - US 301 NB AT HYETTS CORNER,12585.1,2019-01-29 08:27:00-05,
2024-08-14 12:10:00-04,ND0228,N,53,75.31,2.43%,2,ND0228 - US 301 NB AT HYETTS CORNER,12585.1,2019-01-29 08:27:00-05,
2024-08-14 12:15:00-04,ND0228,N,43,74.43,2.14%,2,ND0228 - US 301 NB AT HYETTS CORNER,12585.1,2019-01-29 08:27:00-05,
2024-08-14 12:20:00-04,ND0228,N,50,75.48,2.09%,2,ND0228 - US 301 NB AT HYETTS CORNER,12585.1,2019-01-29 08:27:00-05,
2024-08-14 12:25:00-04,ND0228,N,46,75.70,2.16%,2,ND0228 - US 301 NB AT HYETTS CORNER,12585.1,2019-01-29 08:27:00-05,
2024-08-14 12:30:00-04,ND0228,N,50,75.21,2.50%,2,ND0228 - US 301 NB AT HYETTS CORNER,12585.1,2019-01-29 08:27:00-05,
2024-08-14 12:35:00-04,ND0228,N,51,74.55,2.26%,2,ND0228 - US 301 NB AT HYETTS CORNER,12585.1,2019-01-29 08:27:00-05,
2024-08-14 12:40:00-04,ND0228,N,58,74.30,2.79%,2,ND0228 - US 301 NB AT HYETTS CORNER,12585.1,2019-01-29 08:27:00-05,
2024-08-14 12:45:00-04,ND0228,N,38,72.74,2.03%,2,ND0228 - US 301 NB AT HYETTS CORNER,12585.1,2019-01-29 08:27:00-05,
2024-08-14 12:50:00-04,ND0228,N,46,72.49,2.21%,2,ND0228 - US 301 NB AT HYETTS CORNER,12585.1,2019-01-29 08:27:00-05,
2024-08-14 12:55:00-04,ND0228,N,54,74.61,2.44%,2,ND0228 - US 301 NB AT HYETTS CORNER,12585.1,2019-01-29 08:27:00-05,
2024-08-14 13:00:00-04,ND0228,N,46,72.07,2.79%,2,ND0228 - US 301 NB AT HYETTS CORNER,12585.1,2019-01-29 08:27:00-05,
2024-08-14 13:05:00-04,ND0228,N,51,72.44,2.80%,2,ND0228 - US 301 NB AT HYETTS CORNER,12585.1,2019-01-29 08:27:00-05,
2024-08-14 13:10:00-04,ND0228,N,34,76.04,1.81%,2,ND0228 - US 301 NB AT HYETTS CORNER,12585.1,2019-01-29 08:27:00-05,
2024-08-14 13:15:00-04,ND0228,N,34,72.60,1.66%,2,ND0228 - US 301 NB AT HYETTS CORNER,12585.1,2019-01-29 08:27:00-05,
2024-08-14 13:20:00-04,ND0228,N,51,73.21,2.29%,2,ND0228 - US 301 NB AT HYETTS CORNER,12585.1,2019-01-29 08:27:00-05,
2024-08-14 13:25:00-04,ND0228,N,54,70.66,3.28%,2,ND0228 - US 301 NB AT HYETTS CORNER,12585.1,2019-01-29 08:27:00-05,
2024-08-14 13:30:00-04,ND0228,N,61,74.89,2.78%,2,ND0228 - US 301 NB AT HYETTS CORNER,12585.1,2019-01-29 08:27:00-05,
2024-08-14 13:35:00-04,ND0228,N,47,73.49,2.67%,2,ND0228 - US 301 NB AT HYETTS CORNER,12585.1,2019-01-29 08:27:00-05,
2024-08-14 13:40:00-04,ND0228,N,55,75.80,2.53%,2,ND0228 - US 301 NB AT HYETTS CORNER,12585.1,2019-01-29 08:27:00-05,
2024-08-14 13:45:00-04,ND0228,N,53,73.31,2.26%,2,ND0228 - US 301 NB AT HYETTS CORNER,12585.1,2019-01-29 08:27:00-05,
2024-08-14 13:50:00-04,ND0228,N,38,74.69,1.88%,2,ND0228 - US 301 NB AT HYETTS CORNER,12585.1,2019-01-29 08:27:00-05,
2024-08-14 13:55:00-04,ND0228,N,60,73.86,2.94%,2,ND0228 - US 301 NB AT HYETTS CORNER,12585.1,2019-01-29 08:27:00-05,
2024-08-14 14:00:00-04,ND0228,N,49,76.63,1.82%,2,ND0228 - US 301 NB AT HYETTS CORNER,12585.1,2019-01-29 08:27:00-05,
2024-08-14 14:05:00-04,ND0228,N,48,73.56,1.92%,2,ND0228 - US 301 NB AT HYETTS CORNER,12585.1,2019-01-29 08:27:00-05,
2024-08-14 14:10:00-04,ND0228,N,56,73.68,2.43%,2,ND0228 - US 301 NB AT HYETTS CORNER,12585.1,2019-01-29 08:27:00-05,
2024-08-14 14:15:00-04,ND0228,N,62,75.35,2.71%,2,ND0228 - US 301 NB AT HYETTS CORNER,12585.1,2019-01-29 08:27:00-05,
2024-08-14 14:20:00-04,ND0228,N,37,75.95,1.92%,2,ND0228 - US 301 NB AT HYETTS CORNER,12585.1,2019-01-29 08:27:00-05,
2024-08-14 14:25:00-04,ND0228,N,46,73.69,1.86%,2,ND0228 - US 301 NB AT HYETTS CORNER,12585.1,2019-01-29 08:27:00-05,
2024-08-14 14:30:00-04,ND0228,N,73,73.20,3.46%,2,ND0228 - US 301 NB AT HYETTS CORNER,12585.1,2019-01-29 08:27:00-05,
2024-08-14 14:35:00-04,ND0228,N,40,75.59,1.82%,2,ND0228 - US 301 NB AT HYETTS CORNER,12585.1,2019-01-29 08:27:00-05,
2024-08-14 14:40:00-04,ND0228,N,62,73.64,2.46%,2,ND0228 - US 301 NB AT HYETTS CORNER,12585.1,2019-01-29 08:27:00-05,
2024-08-14 14:45:00-04,ND0228,N,76,74.58,3.25%,2,ND0228 - US 301 NB AT HYETTS CORNER,12585.1,2019-01-29 08:27:00-05,
2024-08-14 14:50:00-04,ND0228,N,57,73.57,2.65%,2,ND0228 - US 301 NB AT HYETTS CORNER,12585.1,2019-01-29 08:27:00-05,
2024-08-14 14:55:00-04,ND0228,N,45,72.82,2.02%,2,ND0228 - US 301 NB AT HYETTS CORNER,12585.1,2019-01-29 08:27:00-05,
2024-08-14 15:00:00-04,ND0228,N,52,74.40,2.30%,2,ND0228 - US 301 NB AT HYETTS CORNER,12585.1,2019-01-29 08:27:00-05,
2024-08-14 15:05:00-04,ND0228,N,54,75.64,2.65%,2,ND0228 - US 301 NB AT HYETTS CORNER,12585.1,2019-01-29 08:27:00-05,
2024-08-14 15:10:00-04,ND0228,N,83,74.66,3.79%,2,ND0228 - US 301 NB AT HYETTS CORNER,12585.1,2019-01-29 08:27:00-05,
2024-08-14 15:15:00-04,ND0228,N,45,74.11,2.01%,2,ND0228 - US 301 NB AT HYETTS CORNER,12585.1,2019-01-29 08:27:00-05,
2024-08-14 15:20:00-04,ND0228,N,78,75.33,3.37%,2,ND0228 - US 301 NB AT HYETTS CORNER,12585.1,2019-01-29 08:27:00-05,
2024-08-14 15:25:00-04,ND0228,N,66,74.69,3.14%,2,ND0228 - US 301 NB AT HYETTS CORNER,12585.1,2019-01-29 08:27:00-05,
2024-08-14 15:30:00-04,ND0228,N,80,75.18,3.84%,2,ND0228 - US 301 NB AT HYETTS CORNER,12585.1,2019-01-29 08:27:00-05,
2024-08-14 15:35:00-04,ND0228,N,69,74.99,3.11%,2,ND0228 - US 301 NB AT HYETTS CORNER,12585.1,2019-01-29 08:27:00-05,
2024-08-14 15:40:00-04,ND0228,N,67,77.53,2.54%,2,ND0228 - US 301 NB AT HYETTS CORNER,12585.1,2019-01-29 08:27:00-05,
2024-08-14 15:45:00-04,ND0228,N,72,74.51,3.08%,2,ND0228 - US 301 NB AT HYETTS CORNER,12585.1,2019-01-29 08:27:00-05,
2024-08-14 15:50:00-04,ND0228,N,82,76.99,3.65%,2,ND0228 - US 301 NB AT HYETTS CORNER,12585.1,2019-01-29 08:27:00-05,
2024-08-14 15:55:00-04,ND0228,N,72,73.76,3.33%,2,ND0228 - US 301 NB AT HYETTS CORNER,12585.1,2019-01-29 08:27:00-05,
2024-08-14 16:00:00-04,ND0228,N,74,75.66,3.40%,2,ND0228 - US 301 NB AT HYETTS CORNER,12585.1,2019-01-29 08:27:00-05,
2024-08-14 16:05:00-04,ND0228,N,85,75.89,3.63%,2,ND0228 - US 301 NB AT HYETTS CORNER,12585.1,2019-01-29 08:27:00-05,
2024-08-14 16:10:00-04,ND0228,N,75,75.97,3.30%,2,ND0228 - US 301 NB AT HYETTS CORNER,12585.1,2019-01-29 08:27:00-05,
2024-08-14 16:15:00-04,ND0228,N,84,77.45,3.49%,2,ND0228 - US 301 NB AT HYETTS CORNER,12585.1,2019-01-29 08:27:00-05,
2024-08-14 16:20:00-04,ND0228,N,77,74.78,3.16%,2,ND0228 - US 301 NB AT HYETTS CORNER,12585.1,2019-01-29 08:27:00-05,
2024-08-14 16:25:00-04,ND0228,N,77,77.07,3.02%,2,ND0228 - US 301 NB AT HYETTS CORNER,12585.1,2019-01-29 08:27:00-05,
2024-08-14 16:30:00-04,ND0228,N,71,76.25,2.73%,2,ND0228 - US 301 NB AT HYETTS CORNER,12585.1,2019-01-29 08:27:00-05,
2024-08-14 16:35:00-04,ND0228,N,75,75.57,3.05%,2,ND0228 - US 301 NB AT HYETTS CORNER,12585.1,2019-01-29 08:27:00-05,
2024-08-14 16:40:00-04,ND0228,N,73,76.19,3.19%,2,ND0228 - US 301 NB AT HYETTS CORNER,12585.1,2019-01-29 08:27:00-05,
2024-08-14 16:45:00-04,ND0228,N,73,75.81,2.96%,2,ND0228 - US 301 NB AT HYETTS CORNER,12585.1,2019-01-29 08:27:00-05,
2024-08-14 16:50:00-04,ND0228,N,71,75.68,2.68%,2,ND0228 - US 301 NB AT HYETTS CORNER,12585.1,2019-01-29 08:27:00-05,
2024-08-14 16:55:00-04,ND0228,N,84,77.31,3.29%,2,ND0228 - US 301 NB AT HYETTS CORNER,12585.1,2019-01-29 08:27:00-05,
2024-08-14 17:00:00-04,ND0228,N,82,76.29,3.24%,2,ND0228 - US 301 NB AT HYETTS CORNER,12585.1,2019-01-29 08:27:00-05,
2024-08-14 17:05:00-04,ND0228,N,69,76.33,2.56%,2,ND0228 - US 301 NB AT HYETTS CORNER,12585.1,2019-01-29 08:27:00-05,
2024-08-14 17:10:00-04,ND0228,N,101,77.84,4.12%,2,ND0228 - US 301 NB AT HYETTS CORNER,12585.1,2019-01-29 08:27:00-05,
2024-08-14 17:15:00-04,ND0228,N,91,74.97,3.77%,2,ND0228 - US 301 NB AT HYETTS CORNER,12585.1,2019-01-29 08:27:00-05,
2024-08-14 17:20:00-04,ND0228,N,92,76.58,3.80%,2,ND0228 - US 301 NB AT HYETTS CORNER,12585.1,2019-01-29 08:27:00-05,
2024-08-14 17:25:00-04,ND0228,N,97,76.40,3.86%,2,ND0228 - US 301 NB AT HYETTS CORNER,12585.1,2019-01-29 08:27:00-05,
2024-08-14 17:30:00-04,ND0228,N,81,76.40,3.52%,2,ND0228 - US 301 NB AT HYETTS CORNER,12585.1,2019-01-29 08:27:00-05,
2024-08-14 17:35:00-04,ND0228,N,65,78.79,2.88%,2,ND0228 - US 301 NB AT HYETTS CORNER,12585.1,2019-01-29 08:27:00-05,
2024-08-14 17:40:00-04,ND0228,N,78,78.02,3.18%,2,ND0228 - US 301 NB AT HYETTS CORNER,12585.1,2019-01-29 08:27:00-05,
2024-08-14 17:45:00-04,ND0228,N,63,76.75,2.70%,2,ND0228 - US 301 NB AT HYETTS CORNER,12585.1,2019-01-29 08:27:00-05,
2024-08-14 17:50:00-04,ND0228,N,71,75.82,3.46%,2,ND0228 - US 301 NB AT HYETTS CORNER,12585.1,2019-01-29 08:27:00-05,
2024-08-14 17:55:00-04,ND0228,N,61,76.29,2.60%,2,ND0228 - US 301 NB AT HYETTS CORNER,12585.1,2019-01-29 08:27:00-05,
2024-08-14 18:00:00-04,ND0228,N,59,77.68,2.48%,2,ND0228 - US 301 NB AT HYETTS CORNER,12585.1,2019-01-29 08:27:00-05,
2024-08-14 18:05:00-04,ND0228,N,56,76.16,2.26%,2,ND0228 - US 301 NB AT HYETTS CORNER,12585.1,2019-01-29 08:27:00-05,
2024-08-14 18:10:00-04,ND0228,N,60,78.24,2.49%,2,ND0228 - US 301 NB AT HYETTS CORNER,12585.1,2019-01-29 08:27:00-05,
2024-08-14 18:15:00-04,ND0228,N,31,79.35,1.28%,2,ND0228 - US 301 NB AT HYETTS CORNER,12585.1,2019-01-29 08:27:00-05,
2024-08-14 18:20:00-04,ND0228,N,64,76.47,2.61%,2,ND0228 - US 301 NB AT HYETTS CORNER,12585.1,2019-01-29 08:27:00-05,
2024-08-14 18:25:00-04,ND0228,N,71,75.97,2.72%,2,ND0228 - US 301 NB AT HYETTS CORNER,12585.1,2019-01-29 08:27:00-05,
2024-08-14 18:30:00-04,ND0228,N,66,73.54,3.09%,2,ND0228 - US 301 NB AT HYETTS CORNER,12585.1,2019-01-29 08:27:00-05,
2024-08-14 18:35:00-04,ND0228,N,60,73.45,3.02%,2,ND0228 - US 301 NB AT HYETTS CORNER,12585.1,2019-01-29 08:27:00-05,
2024-08-14 18:40:00-04,ND0228,N,73,72.44,3.04%,2,ND0228 - US 301 NB AT HYETTS CORNER,12585.1,2019-01-29 08:27:00-05,
2024-08-14 18:45:00-04,ND0228,N,57,72.62,2.68%,2,ND0228 - US 301 NB AT HYETTS CORNER,12585.1,2019-01-29 08:27:00-05,
2024-08-14 18:50:00-04,ND0228,N,71,74.49,3.73%,2,ND0228 - US 301 NB AT HYETTS CORNER,12585.1,2019-01-29 08:27:00-05,
2024-08-14 18:55:00-04,ND0228,N,56,76.63,2.80%,2,ND0228 - US 301 NB AT HYETTS CORNER,12585.1,2019-01-29 08:27:00-05,
2024-08-14 19:00:00-04,ND0228,N,71,78.08,3.01%,2,ND0228 - US 301 NB AT HYETTS CORNER,12585.1,2019-01-29 08:27:00-05,
2024-08-14 19:05:00-04,ND0228,N,68,77.40,2.81%,2,ND0228 - US 301 NB AT HYETTS CORNER,12585.1,2019-01-29 08:27:00-05,
2024-08-14 19:10:00-04,ND0228,N,68,75.88,2.98%,2,ND0228 - US 301 NB AT HYETTS CORNER,12585.1,2019-01-29 08:27:00-05,
2024-08-14 19:15:00-04,ND0228,N,49,75.28,2.09%,2,ND0228 - US 301 NB AT HYETTS CORNER,12585.1,2019-01-29 08:27:00-05,
2024-08-14 19:20:00-04,ND0228,N,59,76.77,3.03%,2,ND0228 - US 301 NB AT HYETTS CORNER,12585.1,2019-01-29 08:27:00-05,
2024-08-14 19:25:00-04,ND0228,N,48,77.59,1.89%,2,ND0228 - US 301 NB AT HYETTS CORNER,12585.1,2019-01-29 08:27:00-05,
2024-08-14 19:30:00-04,ND0228,N,51,77.58,2.38%,2,ND0228 - US 301 NB AT HYETTS CORNER,12585.1,2019-01-29 08:27:00-05,
2024-08-14 19:35:00-04,ND0228,N,59,76.98,2.79%,2,ND0228 - US 301 NB AT HYETTS CORNER,12585.1,2019-01-29 08:27:00-05,
2024-08-14 19:40:00-04,ND0228,N,43,77.60,2.06%,2,ND0228 - US 301 NB AT HYETTS CORNER,12585.1,2019-01-29 08:27:00-05,
2024-08-14 19:45:00-04,ND0228,N,36,73.60,1.79%,2,ND0228 - US 301 NB AT HYETTS CORNER,12585.1,2019-01-29 08:27:00-05,
2024-08-14 19:50:00-04,ND0228,N,34,75.87,1.61%,2,ND0228 - US 301 NB AT HYETTS CORNER,12585.1,2019-01-29 08:27:00-05,
2024-08-14 19:55:00-04,ND0228,N,24,78.02,0.91%,2,ND0228 - US 301 NB AT HYETTS CORNER,12585.1,2019-01-29 08:27:00-05,
2024-08-14 20:00:00-04,ND0228,N,27,75.99,1.43%,2,ND0228 - US 301 NB AT HYETTS CORNER,12585.1,2019-01-29 08:27:00-05,
2024-08-14 20:05:00-04,ND0228,N,33,76.94,1.62%,2,ND0228 - US 301 NB AT HYETTS CORNER,12585.1,2019-01-29 08:27:00-05,
2024-08-14 20:10:00-04,ND0228,N,37,74.19,1.75%,2,ND0228 - US 301 NB AT HYETTS CORNER,12585.1,2019-01-29 08:27:00-05,
2024-08-14 20:15:00-04,ND0228,N,24,74.21,1.11%,2,ND0228 - US 301 NB AT HYETTS CORNER,12585.1,2019-01-29 08:27:00-05,
2024-08-14 20:20:00-04,ND0228,N,20,71.53,1.26%,2,ND0228 - US 301 NB AT HYETTS CORNER,12585.1,2019-01-29 08:27:00-05,
2024-08-14 20:25:00-04,ND0228,N,45,71.07,2.27%,2,ND0228 - US 301 NB AT HYETTS CORNER,12585.1,2019-01-29 08:27:00-05,
2024-08-14 20:30:00-04,ND0228,N,20,73.46,1.41%,2,ND0228 - US 301 NB AT HYETTS CORNER,12585.1,2019-01-29 08:27:00-05,
2024-08-14 20:35:00-04,ND0228,N,29,72.21,1.67%,2,ND0228 - US 301 NB AT HYETTS CORNER,12585.1,2019-01-29 08:27:00-05,
2024-08-14 20:40:00-04,ND0228,N,31,72.86,1.79%,2,ND0228 - US 301 NB AT HYETTS CORNER,12585.1,2019-01-29 08:27:00-05,
2024-08-14 20:45:00-04,ND0228,N,27,72.84,1.49%,2,ND0228 - US 301 NB AT HYETTS CORNER,12585.1,2019-01-29 08:27:00-05,
2024-08-14 20:50:00-04,ND0228,N,24,72.75,1.19%,2,ND0228 - US 301 NB AT HYETTS CORNER,12585.1,2019-01-29 08:27:00-05,
2024-08-14 20:55:00-04,ND0228,N,23,73.27,1.41%,2,ND0228 - US 301 NB AT HYETTS CORNER,12585.1,2019-01-29 08:27:00-05,
2024-08-14 21:00:00-04,ND0228,N,19,72.55,1.24%,2,ND0228 - US 301 NB AT HYETTS CORNER,12585.1,2019-01-29 08:27:00-05,
2024-08-14 21:05:00-04,ND0228,N,18,71.38,0.91%,2,ND0228 - US 301 NB AT HYETTS CORNER,12585.1,2019-01-29 08:27:00-05,
2024-08-14 21:10:00-04,ND0228,N,13,70.42,0.96%,2,ND0228 - US 301 NB AT HYETTS CORNER,12585.1,2019-01-29 08:27:00-05,
2024-08-14 21:15:00-04,ND0228,N,24,72.55,1.34%,2,ND0228 - US 301 NB AT HYETTS CORNER,12585.1,2019-01-29 08:27:00-05,
2024-08-14 21:20:00-04,ND0228,N,13,68.28,0.69%,2,ND0228 - US 301 NB AT HYETTS CORNER,12585.1,2019-01-29 08:27:00-05,
2024-08-14 21:25:00-04,ND0228,N,22,72.14,0.93%,2,ND0228 - US 301 NB AT HYETTS CORNER,12585.1,2019-01-29 08:27:00-05,
2024-08-14 21:30:00-04,ND0228,N,23,71.31,1.09%,2,ND0228 - US 301 NB AT HYETTS CORNER,12585.1,2019-01-29 08:27:00-05,
2024-08-14 21:35:00-04,ND0228,N,21,73.59,1.33%,2,ND0228 - US 301 NB AT HYETTS CORNER,12585.1,2019-01-29 08:27:00-05,
2024-08-14 21:40:00-04,ND0228,N,16,72.97,0.98%,2,ND0228 - US 301 NB AT HYETTS CORNER,12585.1,2019-01-29 08:27:00-05,
2024-08-14 21:45:00-04,ND0228,N,20,73.27,0.95%,2,ND0228 - US 301 NB AT HYETTS CORNER,12585.1,2019-01-29 08:27:00-05,
2024-08-14 21:50:00-04,ND0228,N,8,69.09,0.71%,2,ND0228 - US 301 NB AT HYETTS CORNER,12585.1,2019-01-29 08:27:00-05,
2024-08-14 21:55:00-04,ND0228,N,13,75.66,1.19%,2,ND0228 - US 301 NB AT HYETTS CORNER,12585.1,2019-01-29 08:27:00-05,
2024-08-14 22:00:00-04,ND0228,N,13,72.48,1.00%,2,ND0228 - US 301 NB AT HYETTS CORNER,12585.1,2019-01-29 08:27:00-05,
2024-08-14 22:05:00-04,ND0228,N,22,71.33,1.36%,2,ND0228 - US 301 NB AT HYETTS CORNER,12585.1,2019-01-29 08:27:00-05,
2024-08-14 22:10:00-04,ND0228,N,12,75.18,0.90%,2,ND0228 - US 301 NB AT HYETTS CORNER,12585.1,2019-01-29 08:27:00-05,
2024-08-14 22:15:00-04,ND0228,N,14,71.67,0.86%,2,ND0228 - US 301 NB AT HYETTS CORNER,12585.1,2019-01-29 08:27:00-05,
2024-08-14 22:20:00-04,ND0228,N,12,70.12,0.87%,2,ND0228 - US 301 NB AT HYETTS CORNER,12585.1,2019-01-29 08:27:00-05,
2024-08-14 22:25:00-04,ND0228,N,11,72.19,0.69%,2,ND0228 - US 301 NB AT HYETTS CORNER,12585.1,2019-01-29 08:27:00-05,
2024-08-14 22:30:00-04,ND0228,N,12,71.36,0.98%,2,ND0228 - US 301 NB AT HYETTS CORNER,12585.1,2019-01-29 08:27:00-05,
2024-08-14 22:35:00-04,ND0228,N,14,74.71,1.03%,2,ND0228 - US 301 NB AT HYETTS CORNER,12585.1,2019-01-29 08:27:00-05,
2024-08-14 22:40:00-04,ND0228,N,9,76.82,0.59%,2,ND0228 - US 301 NB AT HYETTS CORNER,12585.1,2019-01-29 08:27:00-05,
2024-08-14 22:45:00-04,ND0228,N,14,72.82,1.34%,2,ND0228 - US 301 NB AT HYETTS CORNER,12585.1,2019-01-29 08:27:00-05,
2024-08-14 22:50:00-04,ND0228,N,17,74.24,1.35%,2,ND0228 - US 301 NB AT HYETTS CORNER,12585.1,2019-01-29 08:27:00-05,
2024-08-14 22:55:00-04,ND0228,N,11,70.99,0.69%,2,ND0228 - US 301 NB AT HYETTS CORNER,12585.1,2019-01-29 08:27:00-05,
2024-08-14 23:00:00-04,ND0228,N,12,68.64,1.39%,2,ND0228 - US 301 NB AT HYETTS CORNER,12585.1,2019-01-29 08:27:00-05,
2024-08-14 23:05:00-04,ND0228,N,6,68.42,1.33%,1,ND0228 - US 301 NB AT HYETTS CORNER,12585.1,2019-01-29 08:27:00-05,
2024-08-14 23:10:00-04,ND0228,N,8,73.14,0.51%,2,ND0228 - US 301 NB AT HYETTS CORNER,12585.1,2019-01-29 08:27:00-05,
2024-08-14 23:15:00-04,ND0228,N,5,72.61,0.98%,1,ND0228 - US 301 NB AT HYETTS CORNER,12585.1,2019-01-29 08:27:00-05,
2024-08-14 23:20:00-04,ND0228,N,5,71.02,1.17%,1,ND0228 - US 301 NB AT HYETTS CORNER,12585.1,2019-01-29 08:27:00-05,
2024-08-14 23:25:00-04,ND0228,N,2,74.38,0.17%,2,ND0228 - US 301 NB AT HYETTS CORNER,12585.1,2019-01-29 08:27:00-05,
2024-08-14 23:30:00-04,ND0228,N,11,70.15,0.95%,2,ND0228 - US 301 NB AT HYETTS CORNER,12585.1,2019-01-29 08:27:00-05,
2024-08-14 23:35:00-04,ND0228,N,4,72.48,0.35%,2,ND0228 - US 301 NB AT HYETTS CORNER,12585.1,2019-01-29 08:27:00-05,
2024-08-14 23:40:00-04,ND0228,N,3,72.47,0.21%,1,ND0228 - US 301 NB AT HYETTS CORNER,12585.1,2019-01-29 08:27:00-05,
2024-08-14 23:45:00-04,ND0228,N,12,74.39,0.72%,2,ND0228 - US 301 NB AT HYETTS CORNER,12585.1,2019-01-29 08:27:00-05,
2024-08-14 23:50:00-04,ND0228,N,9,70.28,1.80%,1,ND0228 - US 301 NB AT HYETTS CORNER,12585.1,2019-01-29 08:27:00-05,
2024-08-14 23:55:00-04,ND0228,N,4,70.97,0.89%,1,ND0228 - US 301 NB AT HYETTS CORNER,12585.1,2019-01-29 08:27:00-05,
2024-08-15 00:00:00-04,ND0228,N,7,68.48,0.81%,2,ND0228 - US 301 NB AT HYETTS CORNER,12585.1,2019-01-29 08:27:00-05,
2024-08-15 00:05:00-04,ND0228,N,6,64.83,0.47%,2,ND0228 - US 301 NB AT HYETTS CORNER,12585.1,2019-01-29 08:27:00-05,
2024-08-15 00:10:00-04,ND0228,N,6,72.01,1.16%,1,ND0228 - US 301 NB AT HYETTS CORNER,12585.1,2019-01-29 08:27:00-05,
2024-08-15 00:15:00-04,ND0228,N,8,71.86,0.48%,2,ND0228 - US 301 NB AT HYETTS CORNER,12585.1,2019-01-29 08:27:00-05,
2024-08-15 00:20:00-04,ND0228,N,5,65.40,0.85%,1,ND0228 - US 301 NB AT HYETTS CORNER,12585.1,2019-01-29 08:27:00-05,
2024-08-15 00:25:00-04,ND0228,N,3,68.78,0.30%,2,ND0228 - US 301 NB AT HYETTS CORNER,12585.1,2019-01-29 08:27:00-05,
2024-08-15 00:30:00-04,ND0228,N,5,67.89,0.40%,2,ND0228 - US 301 NB AT HYETTS CORNER,12585.1,2019-01-29 08:27:00-05,
2024-08-15 00:35:00-04,ND0228,N,8,67.27,0.62%,2,ND0228 - US 301 NB AT HYETTS CORNER,12585.1,2019-01-29 08:27:00-05,
2024-08-15 00:40:00-04,ND0228,N,7,67.18,1.29%,1,ND0228 - US 301 NB AT HYETTS CORNER,12585.1,2019-01-29 08:27:00-05,
2024-08-15 00:45:00-04,ND0228,N,6,73.14,0.23%,2,ND0228 - US 301 NB AT HYETTS CORNER,12585.1,2019-01-29 08:27:00-05,
2024-08-15 00:50:00-04,ND0228,N,8,72.58,0.72%,2,ND0228 - US 301 NB AT HYETTS CORNER,12585.1,2019-01-29 08:27:00-05,
2024-08-15 00:55:00-04,ND0228,N,4,74.28,0.20%,2,ND0228 - US 301 NB AT HYETTS CORNER,12585.1,2019-01-29 08:27:00-05,
2024-08-15 01:00:00-04,ND0228,N,4,62.28,0.82%,1,ND0228 - US 301 NB AT HYETTS CORNER,12585.1,2019-01-29 08:27:00-05,
2024-08-15 01:05:00-04,ND0228,N,6,64.24,0.70%,2,ND0228 - US 301 NB AT HYETTS CORNER,12585.1,2019-01-29 08:27:00-05,
2024-08-15 01:10:00-04,ND0228,N,3,76.17,0.59%,1,ND0228 - US 301 NB AT HYETTS CORNER,12585.1,2019-01-29 08:27:00-05,
2024-08-15 01:15:00-04,ND0228,N,4,75.76,0.32%,2,ND0228 - US 301 NB AT HYETTS CORNER,12585.1,2019-01-29 08:27:00-05,
2024-08-15 01:20:00-04,ND0228,N,1,71.99,0.27%,1,ND0228 - US 301 NB AT HYETTS CORNER,12585.1,2019-01-29 08:27:00-05,
2024-08-15 01:25:00-04,ND0228,N,5,74.91,0.30%,2,ND0228 - US 301 NB AT HYETTS CORNER,12585.1,2019-01-29 08:27:00-05,
2024-08-15 01:30:00-04,ND0228,N,6,72.00,0.59%,2,ND0228 - US 301 NB AT HYETTS CORNER,12585.1,2019-01-29 08:27:00-05,
2024-08-15 01:35:00-04,ND0228,N,5,70.42,1.32%,1,ND0228 - US 301 NB AT HYETTS CORNER,12585.1,2019-01-29 08:27:00-05,
2024-08-15 01:40:00-04,ND0228,N,6,71.76,0.59%,2,ND0228 - US 301 NB AT HYETTS CORNER,12585.1,2019-01-29 08:27:00-05,
2024-08-15 01:45:00-04,ND0228,N,5,71.35,1.00%,1,ND0228 - US 301 NB AT HYETTS CORNER,12585.1,2019-01-29 08:27:00-05,
2024-08-15 01:50:00-04,ND0228,N,3,69.59,0.71%,1,ND0228 - US 301 NB AT HYETTS CORNER,12585.1,2019-01-29 08:27:00-05,
2024-08-15 01:55:00-04,ND0228,N,6,69.93,0.67%,2,ND0228 - US 301 NB AT HYETTS CORNER,12585.1,2019-01-29 08:27:00-05,
2024-08-15 02:00:00-04,ND0228,N,2,72.73,0.30%,1,ND0228 - US 301 NB AT HYETTS CORNER,12585.1,2019-01-29 08:27:00-05,
2024-08-15 02:05:00-04,ND0228,N,6,70.01,0.45%,2,ND0228 - US 301 NB AT HYETTS CORNER,12585.1,2019-01-29 08:27:00-05,
2024-08-15 02:10:00-04,ND0228,N,6,70.66,0.60%,2,ND0228 - US 301 NB AT HYETTS CORNER,12585.1,2019-01-29 08:27:00-05,
2024-08-15 02:15:00-04,ND0228,N,1,65.60,0.12%,1,ND0228 - US 301 NB AT HYETTS CORNER,12585.1,2019-01-29 08:27:00-05,
2024-08-15 02:20:00-04,ND0228,N,3,69.11,0.32%,2,ND0228 - US 301 NB AT HYETTS CORNER,12585.1,2019-01-29 08:27:00-05,
2024-08-15 02:25:00-04,ND0228,N,2,68.56,0.18%,2,ND0228 - US 301 NB AT HYETTS CORNER,12585.1,2019-01-29 08:27:00-05,
2024-08-15 02:30:00-04,ND0228,N,6,72.20,0.50%,2,ND0228 - US 301 NB AT HYETTS CORNER,12585.1,2019-01-29 08:27:00-05,
2024-08-15 02:35:00-04,ND0228,N,2,63.02,0.34%,1,ND0228 - US 301 NB AT HYETTS CORNER,12585.1,2019-01-29 08:27:00-05,
2024-08-15 02:40:00-04,ND0228,N,4,69.48,0.25%,2,ND0228 - US 301 NB AT HYETTS CORNER,12585.1,2019-01-29 08:27:00-05,
2024-08-15 02:45:00-04,ND0228,N,6,71.62,0.71%,2,ND0228 - US 301 NB AT HYETTS CORNER,12585.1,2019-01-29 08:27:00-05,
2024-08-15 02:50:00-04,ND0228,N,4,66.47,0.36%,2,ND0228 - US 301 NB AT HYETTS CORNER,12585.1,2019-01-29 08:27:00-05,
2024-08-15 02:55:00-04,ND0228,N,7,68.60,0.72%,2,ND0228 - US 301 NB AT HYETTS CORNER,12585.1,2019-01-29 08:27:00-05,
2024-08-15 03:00:00-04,ND0228,N,1,65.46,0.27%,1,ND0228 - US 301 NB AT HYETTS CORNER,12585.1,2019-01-29 08:27:00-05,
2024-08-15 03:05:00-04,ND0228,N,4,65.10,0.25%,2,ND0228 - US 301 NB AT HYETTS CORNER,12585.1,2019-01-29 08:27:00-05,
2024-08-15 03:10:00-04,ND0228,N,3,70.21,0.49%,1,ND0228 - US 301 NB AT HYETTS CORNER,12585.1,2019-01-29 08:27:00-05,
2024-08-15 03:15:00-04,ND0228,N,7,75.32,0.58%,2,ND0228 - US 301 NB AT HYETTS CORNER,12585.1,2019-01-29 08:27:00-05,
2024-08-15 03:20:00-04,ND0228,N,5,68.51,0.56%,2,ND0228 - US 301 NB AT HYETTS CORNER,12585.1,2019-01-29 08:27:00-05,
2024-08-15 03:25:00-04,ND0228,N,3,67.35,0.21%,2,ND0228 - US 301 NB AT HYETTS CORNER,12585.1,2019-01-29 08:27:00-05,
2024-08-15 03:30:00-04,ND0228,N,8,68.41,0.88%,2,ND0228 - US 301 NB AT HYETTS CORNER,12585.1,2019-01-29 08:27:00-05,
2024-08-15 03:35:00-04,ND0228,N,14,74.20,0.88%,2,ND0228 - US 301 NB AT HYETTS CORNER,12585.1,2019-01-29 08:27:00-05,
2024-08-15 03:40:00-04,ND0228,N,8,70.25,0.51%,2,ND0228 - US 301 NB AT HYETTS CORNER,12585.1,2019-01-29 08:27:00-05,
2024-08-15 03:45:00-04,ND0228,N,7,72.77,1.06%,1,ND0228 - US 301 NB AT HYETTS CORNER,12585.1,2019-01-29 08:27:00-05,
2024-08-15 03:50:00-04,ND0228,N,5,66.38,0.77%,1,ND0228 - US 301 NB AT HYETTS CORNER,12585.1,2019-01-29 08:27:00-05,
2024-08-15 03:55:00-04,ND0228,N,8,70.94,0.29%,2,ND0228 - US 301 NB AT HYETTS CORNER,12585.1,2019-01-29 08:27:00-05,
2024-08-15 04:00:00-04,ND0228,N,6,71.92,0.43%,2,ND0228 - US 301 NB AT HYETTS CORNER,12585.1,2019-01-29 08:27:00-05,
2024-08-15 04:05:00-04,ND0228,N,12,71.07,0.56%,2,ND0228 - US 301 NB AT HYETTS CORNER,12585.1,2019-01-29 08:27:00-05,
2024-08-15 04:10:00-04,ND0228,N,6,79.07,0.31%,2,ND0228 - US 301 NB AT HYETTS CORNER,12585.1,2019-01-29 08:27:00-05,
2024-08-15 04:15:00-04,ND0228,N,11,75.96,0.52%,2,ND0228 - US 301 NB AT HYETTS CORNER,12585.1,2019-01-29 08:27:00-05,
2024-08-15 04:20:00-04,ND0228,N,12,75.14,1.00%,2,ND0228 - US 301 NB AT HYETTS CORNER,12585.1,2019-01-29 08:27:00-05,
2024-08-15 04:25:00-04,ND0228,N,8,73.35,0.58%,2,ND0228 - US 301 NB AT HYETTS CORNER,12585.1,2019-01-29 08:27:00-05,
2024-08-15 04:30:00-04,ND0228,N,14,73.89,0.84%,2,ND0228 - US 301 NB AT HYETTS CORNER,12585.1,2019-01-29 08:27:00-05,
2024-08-15 04:35:00-04,ND0228,N,13,74.88,0.64%,2,ND0228 - US 301 NB AT HYETTS CORNER,12585.1,2019-01-29 08:27:00-05,
2024-08-15 04:40:00-04,ND0228,N,12,74.44,0.94%,2,ND0228 - US 301 NB AT HYETTS CORNER,12585.1,2019-01-29 08:27:00-05,
2024-08-15 04:45:00-04,ND0228,N,12,76.42,0.63%,2,ND0228 - US 301 NB AT HYETTS CORNER,12585.1,2019-01-29 08:27:00-05,
2024-08-15 04:50:00-04,ND0228,N,16,73.33,0.87%,2,ND0228 - US 301 NB AT HYETTS CORNER,12585.1,2019-01-29 08:27:00-05,
2024-08-15 04:55:00-04,ND0228,N,13,75.89,0.86%,2,ND0228 - US 301 NB AT HYETTS CORNER,12585.1,2019-01-29 08:27:00-05,
2024-08-15 05:00:00-04,ND0228,N,18,73.94,1.02%,2,ND0228 - US 301 NB AT HYETTS CORNER,12585.1,2019-01-29 08:27:00-05,
2024-08-15 05:05:00-04,ND0228,N,21,71.78,1.07%,2,ND0228 - US 301 NB AT HYETTS CORNER,12585.1,2019-01-29 08:27:00-05,
2024-08-15 05:10:00-04,ND0228,N,25,75.86,0.98%,2,ND0228 - US 301 NB AT HYETTS CORNER,12585.1,2019-01-29 08:27:00-05,
2024-08-15 05:15:00-04,ND0228,N,21,75.33,1.03%,2,ND0228 - US 301 NB AT HYETTS CORNER,12585.1,2019-01-29 08:27:00-05,
2024-08-15 05:20:00-04,ND0228,N,19,77.38,1.03%,2,ND0228 - US 301 NB AT HYETTS CORNER,12585.1,2019-01-29 08:27:00-05,
2024-08-15 05:25:00-04,ND0228,N,24,71.03,1.42%,2,ND0228 - US 301 NB AT HYETTS CORNER,12585.1,2019-01-29 08:27:00-05,
2024-08-15 05:30:00-04,ND0228,N,29,76.79,1.38%,2,ND0228 - US 301 NB AT HYETTS CORNER,12585.1,2019-01-29 08:27:00-05,
2024-08-15 05:35:00-04,ND0228,N,26,74.30,1.45%,2,ND0228 - US 301 NB AT HYETTS CORNER,12585.1,2019-01-29 08:27:00-05,
2024-08-15 05:40:00-04,ND0228,N,31,73.53,1.65%,2,ND0228 - US 301 NB AT HYETTS CORNER,12585.1,2019-01-29 08:27:00-05,
2024-08-15 05:45:00-04,ND0228,N,46,75.14,2.14%,2,ND0228 - US 301 NB AT HYETTS CORNER,12585.1,2019-01-29 08:27:00-05,
2024-08-15 05:50:00-04,ND0228,N,25,74.86,1.21%,2,ND0228 - US 301 NB AT HYETTS CORNER,12585.1,2019-01-29 08:27:00-05,
2024-08-15 05:55:00-04,ND0228,N,35,75.76,1.85%,2,ND0228 - US 301 NB AT HYETTS CORNER,12585.1,2019-01-29 08:27:00-05,
2024-08-15 06:00:00-04,ND0228,N,30,75.17,1.38%,2,ND0228 - US 301 NB AT HYETTS CORNER,12585.1,2019-01-29 08:27:00-05,
2024-08-15 06:05:00-04,ND0228,N,58,76.24,2.52%,2,ND0228 - US 301 NB AT HYETTS CORNER,12585.1,2019-01-29 08:27:00-05,
2024-08-15 06:10:00-04,ND0228,N,40,77.28,1.90%,2,ND0228 - US 301 NB AT HYETTS CORNER,12585.1,2019-01-29 08:27:00-05,
2024-08-15 06:15:00-04,ND0228,N,49,78.70,2.04%,2,ND0228 - US 301 NB AT HYETTS CORNER,12585.1,2019-01-29 08:27:00-05,
2024-08-15 06:20:00-04,ND0228,N,58,77.87,2.52%,2,ND0228 - US 301 NB AT HYETTS CORNER,12585.1,2019-01-29 08:27:00-05,
2024-08-15 06:25:00-04,ND0228,N,64,78.45,2.76%,2,ND0228 - US 301 NB AT HYETTS CORNER,12585.1,2019-01-29 08:27:00-05,
2024-08-15 06:30:00-04,ND0228,N,67,77.64,2.73%,2,ND0228 - US 301 NB AT HYETTS CORNER,12585.1,2019-01-29 08:27:00-05,
2024-08-15 06:35:00-04,ND0228,N,66,77.24,2.90%,2,ND0228 - US 301 NB AT HYETTS CORNER,12585.1,2019-01-29 08:27:00-05,
2024-08-15 06:40:00-04,ND0228,N,72,79.16,2.67%,2,ND0228 - US 301 NB AT HYETTS CORNER,12585.1,2019-01-29 08:27:00-05,
2024-08-15 06:45:00-04,ND0228,N,59,78.02,2.27%,2,ND0228 - US 301 NB AT HYETTS CORNER,12585.1,2019-01-29 08:27:00-05,
2024-08-15 06:50:00-04,ND0228,N,69,77.58,2.57%,2,ND0228 - US 301 NB AT HYETTS CORNER,12585.1,2019-01-29 08:27:00-05,
2024-08-15 06:55:00-04,ND0228,N,61,78.33,2.38%,2,ND0228 - US 301 NB AT HYETTS CORNER,12585.1,2019-01-29 08:27:00-05,
2024-08-15 07:00:00-04,ND0228,N,59,76.85,2.38%,2,ND0228 - US 301 NB AT HYETTS CORNER,12585.1,2019-01-29 08:27:00-05,
2024-08-15 07:05:00-04,ND0228,N,65,76.51,2.69%,2,ND0228 - US 301 NB AT HYETTS CORNER,12585.1,2019-01-29 08:27:00-05,
2024-08-15 07:10:00-04,ND0228,N,71,78.32,2.66%,2,ND0228 - US 301 NB AT HYETTS CORNER,12585.1,2019-01-29 08:27:00-05,
2024-08-15 07:15:00-04,ND0228,N,88,76.48,3.54%,2,ND0228 - US 301 NB AT HYETTS CORNER,12585.1,2019-01-29 08:27:00-05,
2024-08-15 07:20:00-04,ND0228,N,102,75.94,3.99%,2,ND0228 - US 301 NB AT HYETTS CORNER,12585.1,2019-01-29 08:27:00-05,
2024-08-15 07:25:00-04,ND0228,N,67,73.23,3.12%,2,ND0228 - US 301 NB AT HYETTS CORNER,12585.1,2019-01-29 08:27:00-05,
2024-08-15 07:30:00-04,ND0228,N,102,74.62,4.22%,2,ND0228 - US 301 NB AT HYETTS CORNER,12585.1,2019-01-29 08:27:00-05,
2024-08-15 07:35:00-04,ND0228,N,78,75.57,3.18%,2,ND0228 - US 301 NB AT HYETTS CORNER,12585.1,2019-01-29 08:27:00-05,
2024-08-15 07:40:00-04,ND0228,N,73,75.18,2.81%,2,ND0228 - US 301 NB AT HYETTS CORNER,12585.1,2019-01-29 08:27:00-05,
2024-08-15 07:45:00-04,ND0228,N,51,77.37,2.05%,2,ND0228 - US 301 NB AT HYETTS CORNER,12585.1,2019-01-29 08:27:00-05,
2024-08-15 07:50:00-04,ND0228,N,80,76.55,3.28%,2,ND0228 - US 301 NB AT HYETTS CORNER,12585.1,2019-01-29 08:27:00-05,
2024-08-15 07:55:00-04,ND0228,N,79,76.11,3.19%,2,ND0228 - US 301 NB AT HYETTS CORNER,12585.1,2019-01-29 08:27:00-05,
2024-08-15 08:00:00-04,ND0228,N,74,75.27,3.18%,2,ND0228 - US 301 NB AT HYETTS CORNER,12585.1,2019-01-29 08:27:00-05,
2024-08-15 08:05:00-04,ND0228,N,51,77.08,1.92%,2,ND0228 - US 301 NB AT HYETTS CORNER,12585.1,2019-01-29 08:27:00-05,
2024-08-15 08:10:00-04,ND0228,N,77,75.93,3.26%,2,ND0228 - US 301 NB AT HYETTS CORNER,12585.1,2019-01-29 08:27:00-05,
2024-08-15 08:15:00-04,ND0228,N,71,76.70,2.97%,2,ND0228 - US 301 NB AT HYETTS CORNER,12585.1,2019-01-29 08:27:00-05,
2024-08-15 08:20:00-04,ND0228,N,78,75.63,3.19%,2,ND0228 - US 301 NB AT HYETTS CORNER,12585.1,2019-01-29 08:27:00-05,
2024-08-15 08:25:00-04,ND0228,N,70,74.86,2.96%,2,ND0228 - US 301 NB AT HYETTS CORNER,12585.1,2019-01-29 08:27:00-05,
2024-08-15 08:30:00-04,ND0228,N,80,78.07,3.11%,2,ND0228 - US 301 NB AT HYETTS CORNER,12585.1,2019-01-29 08:27:00-05,
2024-08-15 08:35:00-04,ND0228,N,89,75.27,3.79%,2,ND0228 - US 301 NB AT HYETTS CORNER,12585.1,2019-01-29 08:27:00-05,
2024-08-15 08:40:00-04,ND0228,N,78,74.98,3.07%,2,ND0228 - US 301 NB AT HYETTS CORNER,12585.1,2019-01-29 08:27:00-05,
2024-08-15 08:45:00-04,ND0228,N,70,76.09,3.03%,2,ND0228 - US 301 NB AT HYETTS CORNER,12585.1,2019-01-29 08:27:00-05,
2024-08-15 08:50:00-04,ND0228,N,85,74.03,3.62%,2,ND0228 - US 301 NB AT HYETTS CORNER,12585.1,2019-01-29 08:27:00-05,
2024-08-15 08:55:00-04,ND0228,N,66,75.57,2.79%,2,ND0228 - US 301 NB AT HYETTS CORNER,12585.1,2019-01-29 08:27:00-05,
2024-08-15 09:00:00-04,ND0228,N,58,74.54,2.51%,2,ND0228 - US 301 NB AT HYETTS CORNER,12585.1,2019-01-29 08:27:00-05,
2024-08-15 09:05:00-04,ND0228,N,62,76.57,2.61%,2,ND0228 - US 301 NB AT HYETTS CORNER,12585.1,2019-01-29 08:27:00-05,
2024-08-15 09:10:00-04,ND0228,N,59,74.62,2.74%,2,ND0228 - US 301 NB AT HYETTS CORNER,12585.1,2019-01-29 08:27:00-05,
2024-08-15 09:15:00-04,ND0228,N,69,74.01,3.12%,2,ND0228 - US 301 NB AT HYETTS CORNER,12585.1,2019-01-29 08:27:00-05,
2024-08-15 09:20:00-04,ND0228,N,58,72.00,2.56%,2,ND0228 - US 301 NB AT HYETTS CORNER,12585.1,2019-01-29 08:27:00-05,
2024-08-15 09:25:00-04,ND0228,N,82,74.51,3.60%,2,ND0228 - US 301 NB AT HYETTS CORNER,12585.1,2019-01-29 08:27:00-05,
2024-08-15 09:30:00-04,ND0228,N,65,74.98,2.82%,2,ND0228 - US 301 NB AT HYETTS CORNER,12585.1,2019-01-29 08:27:00-05,
2024-08-15 09:35:00-04,ND0228,N,71,73.84,3.41%,2,ND0228 - US 301 NB AT HYETTS CORNER,12585.1,2019-01-29 08:27:00-05,
2024-08-15 09:40:00-04,ND0228,N,76,72.79,3.58%,2,ND0228 - US 301 NB AT HYETTS CORNER,12585.1,2019-01-29 08:27:00-05,
2024-08-15 09:45:00-04,ND0228,N,48,73.79,2.42%,2,ND0228 - US 301 NB AT HYETTS CORNER,12585.1,2019-01-29 08:27:00-05,
2024-08-15 09:50:00-04,ND0228,N,59,74.24,2.68%,2,ND0228 - US 301 NB AT HYETTS CORNER,12585.1,2019-01-29 08:27:00-05,
2024-08-15 09:55:00-04,ND0228,N,65,74.20,3.24%,2,ND0228 - US 301 NB AT HYETTS CORNER,12585.1,2019-01-29 08:27:00-05,
2024-08-15 10:00:00-04,ND0228,N,69,74.66,2.81%,2,ND0228 - US 301 NB AT HYETTS CORNER,12585.1,2019-01-29 08:27:00-05,
2024-08-15 10:05:00-04,ND0228,N,60,74.33,2.48%,2,ND0228 - US 301 NB AT HYETTS CORNER,12585.1,2019-01-29 08:27:00-05,
2024-08-15 10:10:00-04,ND0228,N,56,73.41,2.49%,2,ND0228 - US 301 NB AT HYETTS CORNER,12585.1,2019-01-29 08:27:00-05,
2024-08-15 10:15:00-04,ND0228,N,66,75.06,2.82%,2,ND0228 - US 301 NB AT HYETTS CORNER,12585.1,2019-01-29 08:27:00-05,
2024-08-15 10:20:00-04,ND0228,N,56,76.58,2.29%,2,ND0228 - US 301 NB AT HYETTS CORNER,12585.1,2019-01-29 08:27:00-05,
2024-08-15 10:25:00-04,ND0228,N,55,73.18,2.58%,2,ND0228 - US 301 NB AT HYETTS CORNER,12585.1,2019-01-29 08:27:00-05,
2024-08-15 10:30:00-04,ND0228,N,45,73.29,2.00%,2,ND0228 - US 301 NB AT HYETTS CORNER,12585.1,2019-01-29 08:27:00-05,
2024-08-15 10:35:00-04,ND0228,N,73,72.14,3.46%,2,ND0228 - US 301 NB AT HYETTS CORNER,12585.1,2019-01-29 08:27:00-05,
2024-08-15 10:40:00-04,ND0228,N,59,75.67,2.30%,2,ND0228 - US 301 NB AT HYETTS CORNER,12585.1,2019-01-29 08:27:00-05,
2024-08-15 10:45:00-04,ND0228,N,67,75.27,3.19%,2,ND0228 - US 301 NB AT HYETTS CORNER,12585.1,2019-01-29 08:27:00-05,
2024-08-15 10:50:00-04,ND0228,N,59,75.04,2.80%,2,ND0228 - US 301 NB AT HYETTS CORNER,12585.1,2019-01-29 08:27:00-05,
2024-08-15 10:55:00-04,ND0228,N,55,76.32,2.54%,2,ND0228 - US 301 NB AT HYETTS CORNER,12585.1,2019-01-29 08:27:00-05,
2024-08-15 11:00:00-04,ND0228,N,70,73.68,3.08%,2,ND0228 - US 301 NB AT HYETTS CORNER,12585.1,2019-01-29 08:27:00-05,
2024-08-15 11:05:00-04,ND0228,N,54,73.12,2.56%,2,ND0228 - US 301 NB AT HYETTS CORNER,12585.1,2019-01-29 08:27:00-05,
2024-08-15 11:10:00-04,ND0228,N,52,75.42,2.39%,2,ND0228 - US 301 NB AT HYETTS CORNER,12585.1,2019-01-29 08:27:00-05,
2024-08-15 11:15:00-04,ND0228,N,46,76.12,2.08%,2,ND0228 - US 301 NB AT HYETTS CORNER,12585.1,2019-01-29 08:27:00-05,
2024-08-15 11:20:00-04,ND0228,N,60,75.38,2.79%,2,ND0228 - US 301 NB AT HYETTS CORNER,12585.1,2019-01-29 08:27:00-05,
2024-08-15 11:25:00-04,ND0228,N,56,75.32,2.77%,2,ND0228 - US 301 NB AT HYETTS CORNER,12585.1,2019-01-29 08:27:00-05,
2024-08-15 11:30:00-04,ND0228,N,75,75.12,3.23%,2,ND0228 - US 301 NB AT HYETTS CORNER,12585.1,2019-01-29 08:27:00-05,
2024-08-15 11:35:00-04,ND0228,N,56,71.73,2.81%,2,ND0228 - US 301 NB AT HYETTS CORNER,12585.1,2019-01-29 08:27:00-05,
2024-08-15 11:40:00-04,ND0228,N,63,74.11,2.83%,2,ND0228 - US 301 NB AT HYETTS CORNER,12585.1,2019-01-29 08:27:00-05,
2024-08-15 11:45:00-04,ND0228,N,54,74.07,2.35%,2,ND0228 - US 301 NB AT HYETTS CORNER,12585.1,2019-01-29 08:27:00-05,
2024-08-15 11:50:00-04,ND0228,N,72,74.77,3.13%,2,ND0228 - US 301 NB AT HYETTS CORNER,12585.1,2019-01-29 08:27:00-05,
2024-08-15 11:55:00-04,ND0228,N,48,75.45,2.71%,2,ND0228 - US 301 NB AT HYETTS CORNER,12585.1,2019-01-29 08:27:00-05,
2024-08-15 12:00:00-04,ND0228,N,52,75.44,2.23%,2,ND0228 - US 301 NB AT HYETTS CORNER,12585.1,2019-01-29 08:27:00-05,
2024-08-15 12:05:00-04,ND0228,N,46,72.09,1.95%,2,ND0228 - US 301 NB AT HYETTS CORNER,12585.1,2019-01-29 08:27:00-05,
2024-08-15 12:10:00-04,ND0228,N,54,74.82,2.73%,2,ND0228 - US 301 NB AT HYETTS CORNER,12585.1,2019-01-29 08:27:00-05,
2024-08-15 12:15:00-04,ND0228,N,59,75.37,3.06%,2,ND0228 - US 301 NB AT HYETTS CORNER,12585.1,2019-01-29 08:27:00-05,
2024-08-15 12:20:00-04,ND0228,N,65,75.07,2.54%,2,ND0228 - US 301 NB AT HYETTS CORNER,12585.1,2019-01-29 08:27:00-05,
2024-08-15 12:25:00-04,ND0228,N,49,74.41,2.26%,2,ND0228 - US 301 NB AT HYETTS CORNER,12585.1,2019-01-29 08:27:00-05,
2024-08-15 12:30:00-04,ND0228,N,43,74.29,1.99%,2,ND0228 - US 301 NB AT HYETTS CORNER,12585.1,2019-01-29 08:27:00-05,
2024-08-15 12:35:00-04,ND0228,N,48,75.74,2.09%,2,ND0228 - US 301 NB AT HYETTS CORNER,12585.1,2019-01-29 08:27:00-05,
2024-08-15 12:40:00-04,ND0228,N,55,75.54,2.45%,2,ND0228 - US 301 NB AT HYETTS CORNER,12585.1,2019-01-29 08:27:00-05,
2024-08-15 12:45:00-04,ND0228,N,60,74.16,3.04%,2,ND0228 - US 301 NB AT HYETTS CORNER,12585.1,2019-01-29 08:27:00-05,
2024-08-15 12:50:00-04,ND0228,N,62,72.99,3.72%,2,ND0228 - US 301 NB AT HYETTS CORNER,12585.1,2019-01-29 08:27:00-05,
2024-08-15 12:55:00-04,ND0228,N,60,74.20,2.80%,2,ND0228 - US 301 NB AT HYETTS CORNER,12585.1,2019-01-29 08:27:00-05,
2024-08-15 13:00:00-04,ND0228,N,51,75.28,2.43%,2,ND0228 - US 301 NB AT HYETTS CORNER,12585.1,2019-01-29 08:27:00-05,
2024-08-15 13:05:00-04,ND0228,N,47,73.18,2.36%,2,ND0228 - US 301 NB AT HYETTS CORNER,12585.1,2019-01-29 08:27:00-05,
2024-08-15 13:10:00-04,ND0228,N,57,71.98,3.26%,2,ND0228 - US 301 NB AT HYETTS CORNER,12585.1,2019-01-29 08:27:00-05,
2024-08-15 13:15:00-04,ND0228,N,60,75.59,2.53%,2,ND0228 - US 301 NB AT HYETTS CORNER,12585.1,2019-01-29 08:27:00-05,
2024-08-15 13:20:00-04,ND0228,N,52,77.40,2.23%,2,ND0228 - US 301 NB AT HYETTS CORNER,12585.1,2019-01-29 08:27:00-05,
2024-08-15 13:25:00-04,ND0228,N,58,75.13,2.72%,2,ND0228 - US 301 NB AT HYETTS CORNER,12585.1,2019-01-29 08:27:00-05,
2024-08-15 13:30:00-04,ND0228,N,53,73.46,2.49%,2,ND0228 - US 301 NB AT HYETTS CORNER,12585.1,2019-01-29 08:27:00-05,
2024-08-15 13:35:00-04,ND0228,N,56,74.91,2.38%,2,ND0228 - US 301 NB AT HYETTS CORNER,12585.1,2019-01-29 08:27:00-05,
2024-08-15 13:40:00-04,ND0228,N,73,74.81,3.59%,2,ND0228 - US 301 NB AT HYETTS CORNER,12585.1,2019-01-29 08:27:00-05,
2024-08-15 13:45:00-04,ND0228,N,40,74.58,1.65%,2,ND0228 - US 301 NB AT HYETTS CORNER,12585.1,2019-01-29 08:27:00-05,
2024-08-15 13:50:00-04,ND0228,N,51,76.00,2.12%,2,ND0228 - US 301 NB AT HYETTS CORNER,12585.1,2019-01-29 08:27:00-05,
2024-08-15 13:55:00-04,ND0228,N,54,76.81,2.50%,2,ND0228 - US 301 NB AT HYETTS CORNER,12585.1,2019-01-29 08:27:00-05,
2024-08-15 14:00:00-04,ND0228,N,61,73.91,2.99%,2,ND0228 - US 301 NB AT HYETTS CORNER,12585.1,2019-01-29 08:27:00-05,
2024-08-15 14:05:00-04,ND0228,N,56,74.68,2.54%,2,ND0228 - US 301 NB AT HYETTS CORNER,12585.1,2019-01-29 08:27:00-05,
2024-08-15 14:10:00-04,ND0228,N,66,75.97,3.29%,2,ND0228 - US 301 NB AT HYETTS CORNER,12585.1,2019-01-29 08:27:00-05,
2024-08-15 14:15:00-04,ND0228,N,65,76.17,2.80%,2,ND0228 - US 301 NB AT HYETTS CORNER,12585.1,2019-01-29 08:27:00-05,
2024-08-15 14:20:00-04,ND0228,N,65,76.74,2.44%,2,ND0228 - US 301 NB AT HYETTS CORNER,12585.1,2019-01-29 08:27:00-05,
2024-08-15 14:25:00-04,ND0228,N,64,73.54,3.14%,2,ND0228 - US 301 NB AT HYETTS CORNER,12585.1,2019-01-29 08:27:00-05,
2024-08-15 14:30:00-04,ND0228,N,78,76.00,3.25%,2,ND0228 - US 301 NB AT HYETTS CORNER,12585.1,2019-01-29 08:27:00-05,
2024-08-15 14:35:00-04,ND0228,N,74,74.56,3.59%,2,ND0228 - US 301 NB AT HYETTS CORNER,12585.1,2019-01-29 08:27:00-05,
2024-08-15 14:40:00-04,ND0228,N,65,76.29,2.86%,2,ND0228 - US 301 NB AT HYETTS CORNER,12585.1,2019-01-29 08:27:00-05,
2024-08-15 14:45:00-04,ND0228,N,63,76.16,2.58%,2,ND0228 - US 301 NB AT HYETTS CORNER,12585.1,2019-01-29 08:27:00-05,
2024-08-15 14:50:00-04,ND0228,N,80,75.34,3.38%,2,ND0228 - US 301 NB AT HYETTS CORNER,12585.1,2019-01-29 08:27:00-05,
2024-08-15 14:55:00-04,ND0228,N,81,76.80,3.21%,2,ND0228 - US 301 NB AT HYETTS CORNER,12585.1,2019-01-29 08:27:00-05,
2024-08-15 15:00:00-04,ND0228,N,61,74.64,2.84%,2,ND0228 - US 301 NB AT HYETTS CORNER,12585.1,2019-01-29 08:27:00-05,
2024-08-15 15:05:00-04,ND0228,N,68,74.37,2.79%,2,ND0228 - US 301 NB AT HYETTS CORNER,12585.1,2019-01-29 08:27:00-05,
2024-08-15 15:10:00-04,ND0228,N,77,72.89,3.32%,2,ND0228 - US 301 NB AT HYETTS CORNER,12585.1,2019-01-29 08:27:00-05,
2024-08-15 15:15:00-04,ND0228,N,67,74.97,2.61%,2,ND0228 - US 301 NB AT HYETTS CORNER,12585.1,2019-01-29 08:27:00-05,
2024-08-15 15:20:00-04,ND0228,N,75,74.89,3.40%,2,ND0228 - US 301 NB AT HYETTS CORNER,12585.1,2019-01-29 08:27:00-05,
2024-08-15 15:25:00-04,ND0228,N,70,74.49,3.00%,2,ND0228 - US 301 NB AT HYETTS CORNER,12585.1,2019-01-29 08:27:00-05,
2024-08-15 15:30:00-04,ND0228,N,79,73.78,3.09%,2,ND0228 - US 301 NB AT HYETTS CORNER,12585.1,2019-01-29 08:27:00-05,
2024-08-15 15:35:00-04,ND0228,N,57,76.70,2.68%,2,ND0228 - US 301 NB AT HYETTS CORNER,12585.1,2019-01-29 08:27:00-05,
2024-08-15 15:40:00-04,ND0228,N,60,75.26,2.86%,2,ND0228 - US 301 NB AT HYETTS CORNER,12585.1,2019-01-29 08:27:00-05,
2024-08-15 15:45:00-04,ND0228,N,85,74.22,3.86%,2,ND0228 - US 301 NB AT HYETTS CORNER,12585.1,2019-01-29 08:27:00-05,
2024-08-15 15:50:00-04,ND0228,N,68,77.63,2.80%,2,ND0228 - US 301 NB AT HYETTS CORNER,12585.1,2019-01-29 08:27:00-05,
2024-08-15 15:55:00-04,ND0228,N,61,74.93,2.66%,2,ND0228 - US 301 NB AT HYETTS CORNER,12585.1,2019-01-29 08:27:00-05,
2024-08-15 16:00:00-04,ND0228,N,93,75.85,3.69%,2,ND0228 - US 301 NB AT HYETTS CORNER,12585.1,2019-01-29 08:27:00-05,
2024-08-15 16:05:00-04,ND0228,N,63,76.07,2.82%,2,ND0228 - US 301 NB AT HYETTS CORNER,12585.1,2019-01-29 08:27:00-05,
2024-08-15 16:10:00-04,ND0228,N,69,74.86,3.14%,2,ND0228 - US 301 NB AT HYETTS CORNER,12585.1,2019-01-29 08:27:00-05,
2024-08-15 16:15:00-04,ND0228,N,65,75.60,2.89%,2,ND0228 - US 301 NB AT HYETTS CORNER,12585.1,2019-01-29 08:27:00-05,
2024-08-15 16:20:00-04,ND0228,N,64,75.08,2.86%,2,ND0228 - US 301 NB AT HYETTS CORNER,12585.1,2019-01-29 08:27:00-05,
2024-08-15 16:25:00-04,ND0228,N,71,76.52,2.77%,2,ND0228 - US 301 NB AT HYETTS CORNER,12585.1,2019-01-29 08:27:00-05,
2024-08-15 16:30:00-04,ND0228,N,56,76.52,2.50%,2,ND0228 - US 301 NB AT HYETTS CORNER,12585.1,2019-01-29 08:27:00-05,
2024-08-15 16:35:00-04,ND0228,N,66,77.74,2.72%,2,ND0228 - US 301 NB AT HYETTS CORNER,12585.1,2019-01-29 08:27:00-05,
2024-08-15 16:40:00-04,ND0228,N,69,75.95,3.17%,2,ND0228 - US 301 NB AT HYETTS CORNER,12585.1,2019-01-29 08:27:00-05,
2024-08-15 16:45:00-04,ND0228,N,67,76.80,2.91%,2,ND0228 - US 301 NB AT HYETTS CORNER,12585.1,2019-01-29 08:27:00-05,
2024-08-15 16:50:00-04,ND0228,N,56,75.21,2.33%,2,ND0228 - US 301 NB AT HYETTS CORNER,12585.1,2019-01-29 08:27:00-05,
2024-08-15 16:55:00-04,ND0228,N,71,76.98,3.12%,2,ND0228 - US 301 NB AT HYETTS CORNER,12585.1,2019-01-29 08:27:00-05,
2024-08-15 17:00:00-04,ND0228,N,56,75.80,2.36%,2,ND0228 - US 301 NB AT HYETTS CORNER,12585.1,2019-01-29 08:27:00-05,
2024-08-15 17:05:00-04,ND0228,N,50,78.48,1.92%,2,ND0228 - US 301 NB AT HYETTS CORNER,12585.1,2019-01-29 08:27:00-05,
2024-08-15 17:10:00-04,ND0228,N,57,76.22,2.36%,2,ND0228 - US 301 NB AT HYETTS CORNER,12585.1,2019-01-29 08:27:00-05,
2024-08-15 17:15:00-04,ND0228,N,96,76.59,3.67%,2,ND0228 - US 301 NB AT HYETTS CORNER,12585.1,2019-01-29 08:27:00-05,
2024-08-15 17:20:00-04,ND0228,N,67,79.08,2.79%,2,ND0228 - US 301 NB AT HYETTS CORNER,12585.1,2019-01-29 08:27:00-05,
2024-08-15 17:25:00-04,ND0228,N,75,78.19,3.02%,2,ND0228 - US 301 NB AT HYETTS CORNER,12585.1,2019-01-29 08:27:00-05,
2024-08-15 17:30:00-04,ND0228,N,57,77.36,2.40%,2,ND0228 - US 301 NB AT HYETTS CORNER,12585.1,2019-01-29 08:27:00-05,
2024-08-15 17:35:00-04,ND0228,N,52,76.96,1.97%,2,ND0228 - US 301 NB AT HYETTS CORNER,12585.1,2019-01-29 08:27:00-05,
2024-08-15 17:40:00-04,ND0228,N,61,79.76,2.64%,2,ND0228 - US 301 NB AT HYETTS CORNER,12585.1,2019-01-29 08:27:00-05,
2024-08-15 17:45:00-04,ND0228,N,55,77.25,2.43%,2,ND0228 - US 301 NB AT HYETTS CORNER,12585.1,2019-01-29 08:27:00-05,
2024-08-15 17:50:00-04,ND0228,N,67,75.34,3.11%,2,ND0228 - US 301 NB AT HYETTS CORNER,12585.1,2019-01-29 08:27:00-05,
2024-08-15 17:55:00-04,ND0228,N,52,72.30,2.16%,2,ND0228 - US 301 NB AT HYETTS CORNER,12585.1,2019-01-29 08:27:00-05,
2024-08-15 18:00:00-04,ND0228,N,54,76.69,2.13%,2,ND0228 - US 301 NB AT HYETTS CORNER,12585.1,2019-01-29 08:27:00-05,
2024-08-15 18:05:00-04,ND0228,N,58,75.87,2.40%,2,ND0228 - US 301 NB AT HYETTS CORNER,12585.1,2019-01-29 08:27:00-05,
2024-08-15 18:10:00-04,ND0228,N,56,76.78,2.54%,2,ND0228 - US 301 NB AT HYETTS CORNER,12585.1,2019-01-29 08:27:00-05,
2024-08-15 18:15:00-04,ND0228,N,60,76.74,2.69%,2,ND0228 - US 301 NB AT HYETTS CORNER,12585.1,2019-01-29 08:27:00-05,
2024-08-15 18:20:00-04,ND0228,N,49,78.80,1.91%,2,ND0228 - US 301 NB AT HYETTS CORNER,12585.1,2019-01-29 08:27:00-05,
2024-08-15 18:25:00-04,ND0228,N,69,78.03,2.78%,2,ND0228 - US 301 NB AT HYETTS CORNER,12585.1,2019-01-29 08:27:00-05,
2024-08-15 18:30:00-04,ND0228,N,55,78.24,2.35%,2,ND0228 - US 301 NB AT HYETTS CORNER,12585.1,2019-01-29 08:27:00-05,
2024-08-15 18:35:00-04,ND0228,N,23,74.96,2.19%,1,ND0228 - US 301 NB AT HYETTS CORNER,12585.1,2019-01-29 08:27:00-05,
2024-08-15 18:40:00-04,ND0228,N,35,79.78,1.29%,2,ND0228 - US 301 NB AT HYETTS CORNER,12585.1,2019-01-29 08:27:00-05,
2024-08-15 18:45:00-04,ND0228,N,60,78.50,2.63%,2,ND0228 - US 301 NB AT HYETTS CORNER,12585.1,2019-01-29 08:27:00-05,
2024-08-15 18:50:00-04,ND0228,N,50,79.03,2.24%,2,ND0228 - US 301 NB AT HYETTS CORNER,12585.1,2019-01-29 08:27:00-05,
2024-08-15 18:55:00-04,ND0228,N,38,77.12,1.84%,2,ND0228 - US 301 NB AT HYETTS CORNER,12585.1,2019-01-29 08:27:00-05,
2024-08-15 19:00:00-04,ND0228,N,41,75.99,1.76%,2,ND0228 - US 301 NB AT HYETTS CORNER,12585.1,2019-01-29 08:27:00-05,
2024-08-15 19:05:00-04,ND0228,N,31,75.85,1.23%,2,ND0228 - US 301 NB AT HYETTS CORNER,12585.1,2019-01-29 08:27:00-05,
2024-08-15 19:10:00-04,ND0228,N,36,78.66,1.56%,2,ND0228 - US 301 NB AT HYETTS CORNER,12585.1,2019-01-29 08:27:00-05,
2024-08-15 19:15:00-04,ND0228,N,26,76.12,1.23%,2,ND0228 - US 301 NB AT HYETTS CORNER,12585.1,2019-01-29 08:27:00-05,
2024-08-15 19:20:00-04,ND0228,N,44,76.54,2.07%,2,ND0228 - US 301 NB AT HYETTS CORNER,12585.1,2019-01-29 08:27:00-05,
2024-08-15 19:25:00-04,ND0228,N,46,77.80,2.18%,2,ND0228 - US 301 NB AT HYETTS CORNER,12585.1,2019-01-29 08:27:00-05,
2024-08-15 19:30:00-04,ND0228,N,52,76.46,2.81%,2,ND0228 - US 301 NB AT HYETTS CORNER,12585.1,2019-01-29 08:27:00-05,
2024-08-15 19:35:00-04,ND0228,N,53,76.71,2.40%,2,ND0228 - US 301 NB AT HYETTS CORNER,12585.1,2019-01-29 08:27:00-05,
2024-08-15 19:40:00-04,ND0228,N,36,72.17,1.96%,2,ND0228 - US 301 NB AT HYETTS CORNER,12585.1,2019-01-29 08:27:00-05,
2024-08-15 19:45:00-04,ND0228,N,38,77.51,1.76%,2,ND0228 - US 301 NB AT HYETTS CORNER,12585.1,2019-01-29 08:27:00-05,
2024-08-15 19:50:00-04,ND0228,N,39,74.93,1.56%,2,ND0228 - US 301 NB AT HYETTS CORNER,12585.1,2019-01-29 08:27:00-05,
2024-08-15 19:55:00-04,ND0228,N,46,76.27,2.53%,2,ND0228 - US 301 NB AT HYETTS CORNER,12585.1,2019-01-29 08:27:00-05,
2024-08-15 20:00:00-04,ND0228,N,35,75.46,1.79%,2,ND0228 - US 301 NB AT HYETTS CORNER,12585.1,2019-01-29 08:27:00-05,
2024-08-15 20:05:00-04,ND0228,N,33,74.43,1.84%,2,ND0228 - US 301 NB AT HYETTS CORNER,12585.1,2019-01-29 08:27:00-05,
2024-08-15 20:10:00-04,ND0228,N,27,77.05,1.34%,2,ND0228 - US 301 NB AT HYETTS CORNER,12585.1,2019-01-29 08:27:00-05,
2024-08-15 20:15:00-04,ND0228,N,32,74.72,1.65%,2,ND0228 - US 301 NB AT HYETTS CORNER,12585.1,2019-01-29 08:27:00-05,
2024-08-15 20:20:00-04,ND0228,N,27,70.87,1.40%,2,ND0228 - US 301 NB AT HYETTS CORNER,12585.1,2019-01-29 08:27:00-05,
2024-08-15 20:25:00-04,ND0228,N,33,75.94,1.51%,2,ND0228 - US 301 NB AT HYETTS CORNER,12585.1,2019-01-29 08:27:00-05,
2024-08-15 20:30:00-04,ND0228,N,38,73.17,2.00%,2,ND0228 - US 301 NB AT HYETTS CORNER,12585.1,2019-01-29 08:27:00-05,
2024-08-15 20:35:00-04,ND0228,N,41,74.13,2.10%,2,ND0228 - US 301 NB AT HYETTS CORNER,12585.1,2019-01-29 08:27:00-05,
2024-08-15 20:40:00-04,ND0228,N,35,73.66,1.78%,2,ND0228 - US 301 NB AT HYETTS CORNER,12585.1,2019-01-29 08:27:00-05,
2024-08-15 20:45:00-04,ND0228,N,30,73.32,1.90%,2,ND0228 - US 301 NB AT HYETTS CORNER,12585.1,2019-01-29 08:27:00-05,
2024-08-15 20:50:00-04,ND0228,N,33,71.66,1.77%,2,ND0228 - US 301 NB AT HYETTS CORNER,12585.1,2019-01-29 08:27:00-05,
2024-08-15 20:55:00-04,ND0228,N,22,71.43,1.37%,2,ND0228 - US 301 NB AT HYETTS CORNER,12585.1,2019-01-29 08:27:00-05,
2024-08-15 21:00:00-04,ND0228,N,27,73.60,1.89%,2,ND0228 - US 301 NB AT HYETTS CORNER,12585.1,2019-01-29 08:27:00-05,
2024-08-15 21:05:00-04,ND0228,N,17,73.61,0.85%,2,ND0228 - US 301 NB AT HYETTS CORNER,12585.1,2019-01-29 08:27:00-05,
2024-08-15 21:10:00-04,ND0228,N,34,73.51,1.71%,2,ND0228 - US 301 NB AT HYETTS CORNER,12585.1,2019-01-29 08:27:00-05,
2024-08-15 21:15:00-04,ND0228,N,29,72.45,1.60%,2,ND0228 - US 301 NB AT HYETTS CORNER,12585.1,2019-01-29 08:27:00-05,
2024-08-15 21:20:00-04,ND0228,N,29,68.67,1.84%,2,ND0228 - US 301 NB AT HYETTS CORNER,12585.1,2019-01-29 08:27:00-05,
2024-08-15 21:25:00-04,ND0228,N,21,73.74,1.11%,2,ND0228 - US 301 NB AT HYETTS CORNER,12585.1,2019-01-29 08:27:00-05,
2024-08-15 21:30:00-04,ND0228,N,15,72.67,0.67%,2,ND0228 - US 301 NB AT HYETTS CORNER,12585.1,2019-01-29 08:27:00-05,
2024-08-15 21:35:00-04,ND0228,N,15,72.54,0.83%,2,ND0228 - US 301 NB AT HYETTS CORNER,12585.1,2019-01-29 08:27:00-05,
2024-08-15 21:40:00-04,ND0228,N,23,73.70,0.95%,2,ND0228 - US 301 NB AT HYETTS CORNER,12585.1,2019-01-29 08:27:00-05,
2024-08-15 21:45:00-04,ND0228,N,16,70.21,1.08%,2,ND0228 - US 301 NB AT HYETTS CORNER,12585.1,2019-01-29 08:27:00-05,
2024-08-15 21:50:00-04,ND0228,N,20,71.31,1.37%,2,ND0228 - US 301 NB AT HYETTS CORNER,12585.1,2019-01-29 08:27:00-05,
2024-08-15 21:55:00-04,ND0228,N,17,73.51,1.23%,2,ND0228 - US 301 NB AT HYETTS CORNER,12585.1,2019-01-29 08:27:00-05,
2024-08-15 22:00:00-04,ND0228,N,18,74.63,0.94%,2,ND0228 - US 301 NB AT HYETTS CORNER,12585.1,2019-01-29 08:27:00-05,
2024-08-15 22:05:00-04,ND0228,N,13,74.46,0.89%,2,ND0228 - US 301 NB AT HYETTS CORNER,12585.1,2019-01-29 08:27:00-05,
2024-08-15 22:10:00-04,ND0228,N,19,70.21,1.37%,2,ND0228 - US 301 NB AT HYETTS CORNER,12585.1,2019-01-29 08:27:00-05,
2024-08-15 22:15:00-04,ND0228,N,24,70.04,1.55%,2,ND0228 - US 301 NB AT HYETTS CORNER,12585.1,2019-01-29 08:27:00-05,
2024-08-15 22:20:00-04,ND0228,N,15,71.60,1.01%,2,ND0228 - US 301 NB AT HYETTS CORNER,12585.1,2019-01-29 08:27:00-05,
2024-08-15 22:25:00-04,ND0228,N,18,69.98,1.43%,2,ND0228 - US 301 NB AT HYETTS CORNER,12585.1,2019-01-29 08:27:00-05,
2024-08-15 22:30:00-04,ND0228,N,23,71.88,1.53%,2,ND0228 - US 301 NB AT HYETTS CORNER,12585.1,2019-01-29 08:27:00-05,
2024-08-15 22:35:00-04,ND0228,N,12,73.48,0.69%,2,ND0228 - US 301 NB AT HYETTS CORNER,12585.1,2019-01-29 08:27:00-05,
2024-08-15 22:40:00-04,ND0228,N,13,74.56,1.02%,2,ND0228 - US 301 NB AT HYETTS CORNER,12585.1,2019-01-29 08:27:00-05,
2024-08-15 22:45:00-04,ND0228,N,17,73.17,1.17%,2,ND0228 - US 301 NB AT HYETTS CORNER,12585.1,2019-01-29 08:27:00-05,
2024-08-15 22:50:00-04,ND0228,N,11,72.92,0.79%,2,ND0228 - US 301 NB AT HYETTS CORNER,12585.1,2019-01-29 08:27:00-05,
2024-08-15 22:55:00-04,ND0228,N,14,70.47,0.91%,2,ND0228 - US 301 NB AT HYETTS CORNER,12585.1,2019-01-29 08:27:00-05,
2024-08-15 23:00:00-04,ND0228,N,14,74.36,1.04%,2,ND0228 - US 301 NB AT HYETTS CORNER,12585.1,2019-01-29 08:27:00-05,
2024-08-15 23:05:00-04,ND0228,N,13,72.54,1.20%,2,ND0228 - US 301 NB AT HYETTS CORNER,12585.1,2019-01-29 08:27:00-05,
2024-08-15 23:10:00-04,ND0228,N,15,71.95,0.96%,2,ND0228 - US 301 NB AT HYETTS CORNER,12585.1,2019-01-29 08:27:00-05,
2024-08-15 23:15:00-04,ND0228,N,8,70.55,0.31%,2,ND0228 - US 301 NB AT HYETTS CORNER,12585.1,2019-01-29 08:27:00-05,
2024-08-15 23:20:00-04,ND0228,N,10,73.09,0.93%,2,ND0228 - US 301 NB AT HYETTS CORNER,12585.1,2019-01-29 08:27:00-05,
2024-08-15 23:25:00-04,ND0228,N,8,68.92,0.70%,2,ND0228 - US 301 NB AT HYETTS CORNER,12585.1,2019-01-29 08:27:00-05,
2024-08-15 23:30:00-04,ND0228,N,6,72.22,0.50%,2,ND0228 - US 301 NB AT HYETTS CORNER,12585.1,2019-01-29 08:27:00-05,
2024-08-15 23:35:00-04,ND0228,N,12,71.38,1.04%,2,ND0228 - US 301 NB AT HYETTS CORNER,12585.1,2019-01-29 08:27:00-05,
2024-08-15 23:40:00-04,ND0228,N,5,65.20,1.30%,1,ND0228 - US 301 NB AT HYETTS CORNER,12585.1,2019-01-29 08:27:00-05,
2024-08-15 23:45:00-04,ND0228,N,8,72.89,1.20%,1,ND0228 - US 301 NB AT HYETTS CORNER,12585.1,2019-01-29 08:27:00-05,
2024-08-15 23:50:00-04,ND0228,N,9,69.02,0.71%,2,ND0228 - US 301 NB AT HYETTS CORNER,12585.1,2019-01-29 08:27:00-05,
2024-08-15 23:55:00-04,ND0228,N,7,73.80,0.54%,2,ND0228 - US 301 NB AT HYETTS CORNER,12585.1,2019-01-29 08:27:00-05,
2024-08-16 00:00:00-04,ND0228,N,8,71.47,0.53%,2,ND0228 - US 301 NB AT HYETTS CORNER,12585.1,2019-01-29 08:27:00-05,
2024-08-16 00:05:00-04,ND0228,N,10,73.55,0.99%,2,ND0228 - US 301 NB AT HYETTS CORNER,12585.1,2019-01-29 08:27:00-05,
2024-08-16 00:10:00-04,ND0228,N,4,65.96,0.72%,1,ND0228 - US 301 NB AT HYETTS CORNER,12585.1,2019-01-29 08:27:00-05,
2024-08-16 00:15:00-04,ND0228,N,8,74.21,0.67%,2,ND0228 - US 301 NB AT HYETTS CORNER,12585.1,2019-01-29 08:27:00-05,
2024-08-16 00:20:00-04,ND0228,N,5,73.45,0.33%,2,ND0228 - US 301 NB AT HYETTS CORNER,12585.1,2019-01-29 08:27:00-05,
2024-08-16 00:25:00-04,ND0228,N,4,75.78,0.23%,2,ND0228 - US 301 NB AT HYETTS CORNER,12585.1,2019-01-29 08:27:00-05,
2024-08-16 00:30:00-04,ND0228,N,11,68.51,1.15%,2,ND0228 - US 301 NB AT HYETTS CORNER,12585.1,2019-01-29 08:27:00-05,
2024-08-16 00:35:00-04,ND0228,N,9,68.20,0.83%,2,ND0228 - US 301 NB AT HYETTS CORNER,12585.1,2019-01-29 08:27:00-05,
2024-08-16 00:40:00-04,ND0228,N,4,70.20,0.45%,2,ND0228 - US 301 NB AT HYETTS CORNER,12585.1,2019-01-29 08:27:00-05,
2024-08-16 00:45:00-04,ND0228,N,8,68.35,1.20%,1,ND0228 - US 301 NB AT HYETTS CORNER,12585.1,2019-01-29 08:27:00-05,
2024-08-16 00:50:00-04,ND0228,N,9,71.46,1.25%,1,ND0228 - US 301 NB AT HYETTS CORNER,12585.1,2019-01-29 08:27:00-05,
2024-08-16 00:55:00-04,ND0228,N,3,70.60,0.28%,2,ND0228 - US 301 NB AT HYETTS CORNER,12585.1,2019-01-29 08:27:00-05,
2024-08-16 01:00:00-04,ND0228,N,5,67.49,0.69%,1,ND0228 - US 301 NB AT HYETTS CORNER,12585.1,2019-01-29 08:27:00-05,
2024-08-16 01:05:00-04,ND0228,N,3,66.13,0.39%,1,ND0228 - US 301 NB AT HYETTS CORNER,12585.1,2019-01-29 08:27:00-05,
2024-08-16 01:10:00-04,ND0228,N,9,72.70,0.62%,2,ND0228 - US 301 NB AT HYETTS CORNER,12585.1,2019-01-29 08:27:00-05,
2024-08-16 01:15:00-04,ND0228,N,8,72.75,0.63%,2,ND0228 - US 301 NB AT HYETTS CORNER,12585.1,2019-01-29 08:27:00-05,
2024-08-16 01:20:00-04,ND0228,N,4,70.25,0.50%,2,ND0228 - US 301 NB AT HYETTS CORNER,12585.1,2019-01-29 08:27:00-05,
2024-08-16 01:25:00-04,ND0228,N,4,68.15,0.95%,1,ND0228 - US 301 NB AT HYETTS CORNER,12585.1,2019-01-29 08:27:00-05,
2024-08-16 01:30:00-04,ND0228,N,5,71.61,1.19%,1,ND0228 - US 301 NB AT HYETTS CORNER,12585.1,2019-01-29 08:27:00-05,
2024-08-16 01:35:00-04,ND0228,N,4,67.79,0.45%,2,ND0228 - US 301 NB AT HYETTS CORNER,12585.1,2019-01-29 08:27:00-05,
2024-08-16 01:40:00-04,ND0228,N,2,60.52,0.18%,2,ND0228 - US 301 NB AT HYETTS CORNER,12585.1,2019-01-29 08:27:00-05,
2024-08-16 01:45:00-04,ND0228,N,5,71.02,0.56%,2,ND0228 - US 301 NB AT HYETTS CORNER,12585.1,2019-01-29 08:27:00-05,
2024-08-16 01:50:00-04,ND0228,N,3,68.40,0.28%,2,ND0228 - US 301 NB AT HYETTS CORNER,12585.1,2019-01-29 08:27:00-05,
2024-08-16 01:55:00-04,ND0228,N,5,69.20,0.44%,2,ND0228 - US 301 NB AT HYETTS CORNER,12585.1,2019-01-29 08:27:00-05,
2024-08-16 02:00:00-04,ND0228,N,5,65.84,0.50%,2,ND0228 - US 301 NB AT HYETTS CORNER,12585.1,2019-01-29 08:27:00-05,
2024-08-16 02:05:00-04,ND0228,N,5,70.31,0.95%,1,ND0228 - US 301 NB AT HYETTS CORNER,12585.1,2019-01-29 08:27:00-05,
2024-08-16 02:10:00-04,ND0228,N,3,63.10,0.93%,1,ND0228 - US 301 NB AT HYETTS CORNER,12585.1,2019-01-29 08:27:00-05,
2024-08-16 02:15:00-04,ND0228,N,5,69.45,0.61%,1,ND0228 - US 301 NB AT HYETTS CORNER,12585.1,2019-01-29 08:27:00-05,
2024-08-16 02:20:00-04,ND0228,N,7,65.88,0.58%,2,ND0228 - US 301 NB AT HYETTS CORNER,12585.1,2019-01-29 08:27:00-05,
2024-08-16 02:25:00-04,ND0228,N,4,75.37,0.41%,2,ND0228 - US 301 NB AT HYETTS CORNER,12585.1,2019-01-29 08:27:00-05,
2024-08-16 02:30:00-04,ND0228,N,2,73.79,0.11%,2,ND0228 - US 301 NB AT HYETTS CORNER,12585.1,2019-01-29 08:27:00-05,
2024-08-16 02:35:00-04,ND0228,N,4,74.84,0.25%,2,ND0228 - US 301 NB AT HYETTS CORNER,12585.1,2019-01-29 08:27:00-05,
2024-08-16 02:40:00-04,ND0228,N,9,69.68,1.06%,2,ND0228 - US 301 NB AT HYETTS CORNER,12585.1,2019-01-29 08:27:00-05,
2024-08-16 02:45:00-04,ND0228,N,2,72.80,0.10%,2,ND0228 - US 301 NB AT HYETTS CORNER,12585.1,2019-01-29 08:27:00-05,
2024-08-16 02:50:00-04,ND0228,N,6,65.77,0.47%,2,ND0228 - US 301 NB AT HYETTS CORNER,12585.1,2019-01-29 08:27:00-05,
2024-08-16 02:55:00-04,ND0228,N,5,67.24,1.12%,1,ND0228 - US 301 NB AT HYETTS CORNER,12585.1,2019-01-29 08:27:00-05,
2024-08-16 03:00:00-04,ND0228,N,6,71.16,0.75%,2,ND0228 - US 301 NB AT HYETTS CORNER,12585.1,2019-01-29 08:27:00-05,
2024-08-16 03:05:00-04,ND0228,N,9,70.37,0.90%,2,ND0228 - US 301 NB AT HYETTS CORNER,12585.1,2019-01-29 08:27:00-05,
2024-08-16 03:10:00-04,ND0228,N,5,71.32,0.54%,2,ND0228 - US 301 NB AT HYETTS CORNER,12585.1,2019-01-29 08:27:00-05,
2024-08-16 03:15:00-04,ND0228,N,6,75.80,0.29%,2,ND0228 - US 301 NB AT HYETTS CORNER,12585.1,2019-01-29 08:27:00-05,
2024-08-16 03:20:00-04,ND0228,N,9,78.48,0.52%,2,ND0228 - US 301 NB AT HYETTS CORNER,12585.1,2019-01-29 08:27:00-05,
2024-08-16 03:25:00-04,ND0228,N,2,69.61,0.18%,2,ND0228 - US 301 NB AT HYETTS CORNER,12585.1,2019-01-29 08:27:00-05,
2024-08-16 03:30:00-04,ND0228,N,9,70.49,0.94%,2,ND0228 - US 301 NB AT HYETTS CORNER,12585.1,2019-01-29 08:27:00-05,
2024-08-16 03:35:00-04,ND0228,N,9,69.29,0.61%,2,ND0228 - US 301 NB AT HYETTS CORNER,12585.1,2019-01-29 08:27:00-05,
2024-08-16 03:40:00-04,ND0228,N,6,73.06,0.54%,2,ND0228 - US 301 NB AT HYETTS CORNER,12585.1,2019-01-29 08:27:00-05,
2024-08-16 03:45:00-04,ND0228,N,2,77.36,0.28%,1,ND0228 - US 301 NB AT HYETTS CORNER,12585.1,2019-01-29 08:27:00-05,
2024-08-16 03:50:00-04,ND0228,N,6,72.55,0.52%,2,ND0228 - US 301 NB AT HYETTS CORNER,12585.1,2019-01-29 08:27:00-05,
2024-08-16 03:55:00-04,ND0228,N,6,69.37,0.38%,2,ND0228 - US 301 NB AT HYETTS CORNER,12585.1,2019-01-29 08:27:00-05,
2024-08-16 04:00:00-04,ND0228,N,8,77.10,0.35%,2,ND0228 - US 301 NB AT HYETTS CORNER,12585.1,2019-01-29 08:27:00-05,
2024-08-16 04:05:00-04,ND0228,N,8,70.41,0.66%,2,ND0228 - US 301 NB AT HYETTS CORNER,12585.1,2019-01-29 08:27:00-05,
2024-08-16 04:10:00-04,ND0228,N,12,69.82,0.81%,2,ND0228 - US 301 NB AT HYETTS CORNER,12585.1,2019-01-29 08:27:00-05,
2024-08-16 04:15:00-04,ND0228,N,8,64.70,0.48%,2,ND0228 - US 301 NB AT HYETTS CORNER,12585.1,2019-01-29 08:27:00-05,
2024-08-16 04:20:00-04,ND0228,N,18,71.00,1.32%,2,ND0228 - US 301 NB AT HYETTS CORNER,12585.1,2019-01-29 08:27:00-05,
2024-08-16 04:25:00-04,ND0228,N,9,68.50,0.95%,2,ND0228 - US 301 NB AT HYETTS CORNER,12585.1,2019-01-29 08:27:00-05,
2024-08-16 04:30:00-04,ND0228,N,9,75.01,0.75%,2,ND0228 - US 301 NB AT HYETTS CORNER,12585.1,2019-01-29 08:27:00-05,
2024-08-16 04:35:00-04,ND0228,N,15,74.57,0.82%,2,ND0228 - US 301 NB AT HYETTS CORNER,12585.1,2019-01-29 08:27:00-05,
2024-08-16 04:40:00-04,ND0228,N,8,74.44,0.30%,2,ND0228 - US 301 NB AT HYETTS CORNER,12585.1,2019-01-29 08:27:00-05,
2024-08-16 04:45:00-04,ND0228,N,12,76.18,0.68%,2,ND0228 - US 301 NB AT HYETTS CORNER,12585.1,2019-01-29 08:27:00-05,
2024-08-16 04:50:00-04,ND0228,N,19,70.11,1.45%,2,ND0228 - US 301 NB AT HYETTS CORNER,12585.1,2019-01-29 08:27:00-05,
2024-08-16 04:55:00-04,ND0228,N,5,69.98,0.32%,2,ND0228 - US 301 NB AT HYETTS CORNER,12585.1,2019-01-29 08:27:00-05,
2024-08-16 05:00:00-04,ND0228,N,15,74.12,0.74%,2,ND0228 - US 301 NB AT HYETTS CORNER,12585.1,2019-01-29 08:27:00-05,
2024-08-16 05:05:00-04,ND0228,N,25,75.24,1.51%,2,ND0228 - US 301 NB AT HYETTS CORNER,12585.1,2019-01-29 08:27:00-05,
2024-08-16 05:10:00-04,ND0228,N,18,78.29,0.80%,2,ND0228 - US 301 NB AT HYETTS CORNER,12585.1,2019-01-29 08:27:00-05,
2024-08-16 05:15:00-04,ND0228,N,23,74.75,1.19%,2,ND0228 - US 301 NB AT HYETTS CORNER,12585.1,2019-01-29 08:27:00-05,
2024-08-16 05:20:00-04,ND0228,N,25,75.56,1.24%,2,ND0228 - US 301 NB AT HYETTS CORNER,12585.1,2019-01-29 08:27:00-05,
2024-08-16 05:25:00-04,ND0228,N,17,77.02,0.97%,2,ND0228 - US 301 NB AT HYETTS CORNER,12585.1,2019-01-29 08:27:00-05,
2024-08-16 05:30:00-04,ND0228,N,17,74.62,0.70%,2,ND0228 - US 301 NB AT HYETTS CORNER,12585.1,2019-01-29 08:27:00-05,
2024-08-16 05:35:00-04,ND0228,N,18,75.49,0.86%,2,ND0228 - US 301 NB AT HYETTS CORNER,12585.1,2019-01-29 08:27:00-05,
2024-08-16 05:40:00-04,ND0228,N,28,74.80,1.26%,2,ND0228 - US 301 NB AT HYETTS CORNER,12585.1,2019-01-29 08:27:00-05,
2024-08-16 05:45:00-04,ND0228,N,40,74.17,1.84%,2,ND0228 - US 301 NB AT HYETTS CORNER,12585.1,2019-01-29 08:27:00-05,
2024-08-16 05:50:00-04,ND0228,N,33,75.30,1.43%,2,ND0228 - US 301 NB AT HYETTS CORNER,12585.1,2019-01-29 08:27:00-05,
2024-08-16 05:55:00-04,ND0228,N,31,75.47,1.40%,2,ND0228 - US 301 NB AT HYETTS CORNER,12585.1,2019-01-29 08:27:00-05,
2024-08-16 06:00:00-04,ND0228,N,33,76.27,1.95%,2,ND0228 - US 301 NB AT HYETTS CORNER,12585.1,2019-01-29 08:27:00-05,
2024-08-16 06:05:00-04,ND0228,N,35,76.22,1.59%,2,ND0228 - US 301 NB AT HYETTS CORNER,12585.1,2019-01-29 08:27:00-05,
2024-08-16 06:10:00-04,ND0228,N,48,74.77,2.66%,2,ND0228 - US 301 NB AT HYETTS CORNER,12585.1,2019-01-29 08:27:00-05,
2024-08-16 06:15:00-04,ND0228,N,46,77.76,2.05%,2,ND0228 - US 301 NB AT HYETTS CORNER,12585.1,2019-01-29 08:27:00-05,
2024-08-16 06:20:00-04,ND0228,N,46,77.01,2.06%,2,ND0228 - US 301 NB AT HYETTS CORNER,12585.1,2019-01-29 08:27:00-05,
2024-08-16 06:25:00-04,ND0228,N,41,78.88,1.67%,2,ND0228 - US 301 NB AT HYETTS CORNER,12585.1,2019-01-29 08:27:00-05,
2024-08-16 06:30:00-04,ND0228,N,72,77.18,2.62%,2,ND0228 - US 301 NB AT HYETTS CORNER,12585.1,2019-01-29 08:27:00-05,
2024-08-16 06:35:00-04,ND0228,N,59,77.59,2.33%,2,ND0228 - US 301 NB AT HYETTS CORNER,12585.1,2019-01-29 08:27:00-05,
2024-08-16 06:40:00-04,ND0228,N,69,78.36,3.03%,2,ND0228 - US 301 NB AT HYETTS CORNER,12585.1,2019-01-29 08:27:00-05,
2024-08-16 06:45:00-04,ND0228,N,50,78.80,1.95%,2,ND0228 - US 301 NB AT HYETTS CORNER,12585.1,2019-01-29 08:27:00-05,
2024-08-16 06:50:00-04,ND0228,N,44,77.77,1.94%,2,ND0228 - US 301 NB AT HYETTS CORNER,12585.1,2019-01-29 08:27:00-05,
2024-08-16 06:55:00-04,ND0228,N,53,76.05,2.46%,2,ND0228 - US 301 NB AT HYETTS CORNER,12585.1,2019-01-29 08:27:00-05,
2024-08-16 07:00:00-04,ND0228,N,55,77.64,2.14%,2,ND0228 - US 301 NB AT HYETTS CORNER,12585.1,2019-01-29 08:27:00-05,
2024-08-16 07:05:00-04,ND0228,N,43,76.64,1.73%,2,ND0228 - US 301 NB AT HYETTS CORNER,12585.1,2019-01-29 08:27:00-05,
2024-08-16 07:10:00-04,ND0228,N,54,76.32,2.41%,2,ND0228 - US 301 NB AT HYETTS CORNER,12585.1,2019-01-29 08:27:00-05,
2024-08-16 07:15:00-04,ND0228,N,61,78.19,2.45%,2,ND0228 - US 301 NB AT HYETTS CORNER,12585.1,2019-01-29 08:27:00-05,
2024-08-16 07:20:00-04,ND0228,N,58,76.56,2.16%,2,ND0228 - US 301 NB AT HYETTS CORNER,12585.1,2019-01-29 08:27:00-05,
2024-08-16 07:25:00-04,ND0228,N,56,76.06,2.50%,2,ND0228 - US 301 NB AT HYETTS CORNER,12585.1,2019-01-29 08:27:00-05,
2024-08-16 07:30:00-04,ND0228,N,64,76.93,2.87%,2,ND0228 - US 301 NB AT HYETTS CORNER,12585.1,2019-01-29 08:27:00-05,
2024-08-16 07:35:00-04,ND0228,N,69,76.25,2.82%,2,ND0228 - US 301 NB AT HYETTS CORNER,12585.1,2019-01-29 08:27:00-05,
2024-08-16 07:40:00-04,ND0228,N,66,77.02,2.87%,2,ND0228 - US 301 NB AT HYETTS CORNER,12585.1,2019-01-29 08:27:00-05,
2024-08-16 07:45:00-04,ND0228,N,65,77.18,2.60%,2,ND0228 - US 301 NB AT HYETTS CORNER,12585.1,2019-01-29 08:27:00-05,
2024-08-16 07:50:00-04,ND0228,N,61,76.17,2.64%,2,ND0228 - US 301 NB AT HYETTS CORNER,12585.1,2019-01-29 08:27:00-05,
2024-08-16 07:55:00-04,ND0228,N,61,76.53,3.07%,2,ND0228 - US 301 NB AT HYETTS CORNER,12585.1,2019-01-29 08:27:00-05,
2024-08-16 08:00:00-04,ND0228,N,63,79.79,2.73%,2,ND0228 - US 301 NB AT HYETTS CORNER,12585.1,2019-01-29 08:27:00-05,
2024-08-16 08:05:00-04,ND0228,N,58,77.12,2.47%,2,ND0228 - US 301 NB AT HYETTS CORNER,12585.1,2019-01-29 08:27:00-05,
2024-08-16 08:10:00-04,ND0228,N,57,78.88,2.27%,2,ND0228 - US 301 NB AT HYETTS CORNER,12585.1,2019-01-29 08:27:00-05,
2024-08-16 08:15:00-04,ND0228,N,64,76.61,2.50%,2,ND0228 - US 301 NB AT HYETTS CORNER,12585.1,2019-01-29 08:27:00-05,
2024-08-16 08:20:00-04,ND0228,N,76,75.40,3.38%,2,ND0228 - US 301 NB AT HYETTS CORNER,12585.1,2019-01-29 08:27:00-05,
2024-08-16 08:25:00-04,ND0228,N,63,76.21,2.59%,2,ND0228 - US 301 NB AT HYETTS CORNER,12585.1,2019-01-29 08:27:00-05,
2024-08-16 08:30:00-04,ND0228,N,56,76.78,2.56%,2,ND0228 - US 301 NB AT HYETTS CORNER,12585.1,2019-01-29 08:27:00-05,
2024-08-16 08:35:00-04,ND0228,N,62,76.15,2.76%,2,ND0228 - US 301 NB AT HYETTS CORNER,12585.1,2019-01-29 08:27:00-05,
2024-08-16 08:40:00-04,ND0228,N,61,74.65,2.79%,2,ND0228 - US 301 NB AT HYETTS CORNER,12585.1,2019-01-29 08:27:00-05,
2024-08-16 08:45:00-04,ND0228,N,65,76.05,2.83%,2,ND0228 - US 301 NB AT HYETTS CORNER,12585.1,2019-01-29 08:27:00-05,
2024-08-16 08:50:00-04,ND0228,N,65,74.14,2.88%,2,ND0228 - US 301 NB AT HYETTS CORNER,12585.1,2019-01-29 08:27:00-05,
2024-08-16 08:55:00-04,ND0228,N,51,75.60,2.44%,2,ND0228 - US 301 NB AT HYETTS CORNER,12585.1,2019-01-29 08:27:00-05,
2024-08-16 09:00:00-04,ND0228,N,48,74.67,2.12%,2,ND0228 - US 301 NB AT HYETTS CORNER,12585.1,2019-01-29 08:27:00-05,
2024-08-16 09:05:00-04,ND0228,N,75,75.10,3.77%,2,ND0228 - US 301 NB AT HYETTS CORNER,12585.1,2019-01-29 08:27:00-05,
2024-08-16 09:10:00-04,ND0228,N,49,76.29,2.02%,2,ND0228 - US 301 NB AT HYETTS CORNER,12585.1,2019-01-29 08:27:00-05,
2024-08-16 09:15:00-04,ND0228,N,51,73.29,2.20%,2,ND0228 - US 301 NB AT HYETTS CORNER,12585.1,2019-01-29 08:27:00-05,
2024-08-16 09:20:00-04,ND0228,N,56,73.05,2.63%,2,ND0228 - US 301 NB AT HYETTS CORNER,12585.1,2019-01-29 08:27:00-05,
2024-08-16 09:25:00-04,ND0228,N,59,73.56,2.42%,2,ND0228 - US 301 NB AT HYETTS CORNER,12585.1,2019-01-29 08:27:00-05,
2024-08-16 09:30:00-04,ND0228,N,67,74.22,2.82%,2,ND0228 - US 301 NB AT HYETTS CORNER,12585.1,2019-01-29 08:27:00-05,
2024-08-16 09:35:00-04,ND0228,N,53,74.83,2.32%,2,ND0228 - US 301 NB AT HYETTS CORNER,12585.1,2019-01-29 08:27:00-05,
2024-08-16 09:40:00-04,ND0228,N,42,76.05,1.73%,2,ND0228 - US 301 NB AT HYETTS CORNER,12585.1,2019-01-29 08:27:00-05,
2024-08-16 09:45:00-04,ND0228,N,44,76.41,1.82%,2,ND0228 - US 301 NB AT HYETTS CORNER,12585.1,2019-01-29 08:27:00-05,
2024-08-16 09:50:00-04,ND0228,N,51,75.33,2.67%,2,ND0228 - US 301 NB AT HYETTS CORNER,12585.1,2019-01-29 08:27:00-05,
2024-08-16 09:55:00-04,ND0228,N,54,74.78,2.49%,2,ND0228 - US 301 NB AT HYETTS CORNER,12585.1,2019-01-29 08:27:00-05,
2024-08-16 10:00:00-04,ND0228,N,50,75.55,2.36%,2,ND0228 - US 301 NB AT HYETTS CORNER,12585.1,2019-01-29 08:27:00-05,
2024-08-16 10:05:00-04,ND0228,N,65,75.46,2.94%,2,ND0228 - US 301 NB AT HYETTS CORNER,12585.1,2019-01-29 08:27:00-05,
2024-08-16 10:10:00-04,ND0228,N,56,74.39,2.17%,2,ND0228 - US 301 NB AT HYETTS CORNER,12585.1,2019-01-29 08:27:00-05,
2024-08-16 10:15:00-04,ND0228,N,60,75.42,2.50%,2,ND0228 - US 301 NB AT HYETTS CORNER,12585.1,2019-01-29 08:27:00-05,
2024-08-16 10:20:00-04,ND0228,N,61,74.83,2.89%,2,ND0228 - US 301 NB AT HYETTS CORNER,12585.1,2019-01-29 08:27:00-05,
2024-08-16 10:25:00-04,ND0228,N,65,73.67,3.00%,2,ND0228 - US 301 NB AT HYETTS CORNER,12585.1,2019-01-29 08:27:00-05,
2024-08-16 10:30:00-04,ND0228,N,61,74.58,2.80%,2,ND0228 - US 301 NB AT HYETTS CORNER,12585.1,2019-01-29 08:27:00-05,
2024-08-16 10:35:00-04,ND0228,N,59,74.72,2.77%,2,ND0228 - US 301 NB AT HYETTS CORNER,12585.1,2019-01-29 08:27:00-05,
2024-08-16 10:40:00-04,ND0228,N,60,74.39,2.70%,2,ND0228 - US 301 NB AT HYETTS CORNER,12585.1,2019-01-29 08:27:00-05,
2024-08-16 10:45:00-04,ND0228,N,62,72.82,2.98%,2,ND0228 - US 301 NB AT HYETTS CORNER,12585.1,2019-01-29 08:27:00-05,
2024-08-16 10:50:00-04,ND0228,N,62,73.50,2.55%,2,ND0228 - US 301 NB AT HYETTS CORNER,12585.1,2019-01-29 08:27:00-05,
2024-08-16 10:55:00-04,ND0228,N,76,73.32,3.24%,2,ND0228 - US 301 NB AT HYETTS CORNER,12585.1,2019-01-29 08:27:00-05,
2024-08-16 11:00:00-04,ND0228,N,55,73.15,2.69%,2,ND0228 - US 301 NB AT HYETTS CORNER,12585.1,2019-01-29 08:27:00-05,
2024-08-16 11:05:00-04,ND0228,N,59,72.71,2.59%,2,ND0228 - US 301 NB AT HYETTS CORNER,12585.1,2019-01-29 08:27:00-05,
2024-08-16 11:10:00-04,ND0228,N,55,72.97,2.61%,2,ND0228 - US 301 NB AT HYETTS CORNER,12585.1,2019-01-29 08:27:00-05,
2024-08-16 11:15:00-04,ND0228,N,60,75.09,2.88%,2,ND0228 - US 301 NB AT HYETTS CORNER,12585.1,2019-01-29 08:27:00-05,
2024-08-16 11:20:00-04,ND0228,N,67,75.13,3.06%,2,ND0228 - US 301 NB AT HYETTS CORNER,12585.1,2019-01-29 08:27:00-05,
2024-08-16 11:25:00-04,ND0228,N,59,74.64,2.38%,2,ND0228 - US 301 NB AT HYETTS CORNER,12585.1,2019-01-29 08:27:00-05,
2024-08-16 11:30:00-04,ND0228,N,57,73.23,2.99%,2,ND0228 - US 301 NB AT HYETTS CORNER,12585.1,2019-01-29 08:27:00-05,
2024-08-16 11:35:00-04,ND0228,N,64,75.39,2.72%,2,ND0228 - US 301 NB AT HYETTS CORNER,12585.1,2019-01-29 08:27:00-05,
2024-08-16 11:40:00-04,ND0228,N,73,72.98,3.31%,2,ND0228 - US 301 NB AT HYETTS CORNER,12585.1,2019-01-29 08:27:00-05,
2024-08-16 11:45:00-04,ND0228,N,75,71.70,3.41%,2,ND0228 - US 301 NB AT HYETTS CORNER,12585.1,2019-01-29 08:27:00-05,
2024-08-16 11:50:00-04,ND0228,N,51,72.92,2.16%,2,ND0228 - US 301 NB AT HYETTS CORNER,12585.1,2019-01-29 08:27:00-05,
2024-08-16 11:55:00-04,ND0228,N,61,71.41,3.01%,2,ND0228 - US 301 NB AT HYETTS CORNER,12585.1,2019-01-29 08:27:00-05,
2024-08-16 12:00:00-04,ND0228,N,61,73.74,2.58%,2,ND0228 - US 301 NB AT HYETTS CORNER,12585.1,2019-01-29 08:27:00-05,
2024-08-16 12:05:00-04,ND0228,N,66,73.88,2.59%,2,ND0228 - US 301 NB AT HYETTS CORNER,12585.1,2019-01-29 08:27:00-05,
2024-08-16 12:10:00-04,ND0228,N,66,72.47,3.10%,2,ND0228 - US 301 NB AT HYETTS CORNER,12585.1,2019-01-29 08:27:00-05,
2024-08-16 12:15:00-04,ND0228,N,80,73.32,4.16%,2,ND0228 - US 301 NB AT HYETTS CORNER,12585.1,2019-01-29 08:27:00-05,
2024-08-16 12:20:00-04,ND0228,N,68,73.46,2.77%,2,ND0228 - US 301 NB AT HYETTS CORNER,12585.1,2019-01-29 08:27:00-05,
2024-08-16 12:25:00-04,ND0228,N,88,74.14,3.66%,2,ND0228 - US 301 NB AT HYETTS CORNER,12585.1,2019-01-29 08:27:00-05,
2024-08-16 12:30:00-04,ND0228,N,58,75.95,2.41%,2,ND0228 - US 301 NB AT HYETTS CORNER,12585.1,2019-01-29 08:27:00-05,
2024-08-16 12:35:00-04,ND0228,N,84,74.19,3.63%,2,ND0228 - US 301 NB AT HYETTS CORNER,12585.1,2019-01-29 08:27:00-05,
2024-08-16 12:40:00-04,ND0228,N,70,75.34,3.16%,2,ND0228 - US 301 NB AT HYETTS CORNER,12585.1,2019-01-29 08:27:00-05,
2024-08-16 12:45:00-04,ND0228,N,92,75.31,3.80%,2,ND0228 - US 301 NB AT HYETTS CORNER,12585.1,2019-01-29 08:27:00-05,
2024-08-16 12:50:00-04,ND0228,N,78,75.01,3.42%,2,ND0228 - US 301 NB AT HYETTS CORNER,12585.1,2019-01-29 08:27:00-05,
2024-08-16 12:55:00-04,ND0228,N,85,72.78,4.13%,2,ND0228 - US 301 NB AT HYETTS CORNER,12585.1,2019-01-29 08:27:00-05,
2024-08-16 13:00:00-04,ND0228,N,69,75.27,2.84%,2,ND0228 - US 301 NB AT HYETTS CORNER,12585.1,2019-01-29 08:27:00-05,
2024-08-16 13:05:00-04,ND0228,N,82,74.64,3.50%,2,ND0228 - US 301 NB AT HYETTS CORNER,12585.1,2019-01-29 08:27:00-05,
2024-08-16 13:10:00-04,ND0228,N,76,73.08,3.21%,2,ND0228 - US 301 NB AT HYETTS CORNER,12585.1,2019-01-29 08:27:00-05,
2024-08-16 13:15:00-04,ND0228,N,78,75.01,3.27%,2,ND0228 - US 301 NB AT HYETTS CORNER,12585.1,2019-01-29 08:27:00-05,
2024-08-16 13:20:00-04,ND0228,N,64,74.12,2.93%,2,ND0228 - US 301 NB AT HYETTS CORNER,12585.1,2019-01-29 08:27:00-05,
2024-08-16 13:25:00-04,ND0228,N,75,76.10,3.14%,2,ND0228 - US 301 NB AT HYETTS CORNER,12585.1,2019-01-29 08:27:00-05,
2024-08-16 13:30:00-04,ND0228,N,78,74.07,3.37%,2,ND0228 - US 301 NB AT HYETTS CORNER,12585.1,2019-01-29 08:27:00-05,
2024-08-16 13:35:00-04,ND0228,N,81,75.19,3.40%,2,ND0228 - US 301 NB AT HYETTS CORNER,12585.1,2019-01-29 08:27:00-05,
2024-08-16 13:40:00-04,ND0228,N,80,75.84,3.07%,2,ND0228 - US 301 NB AT HYETTS CORNER,12585.1,2019-01-29 08:27:00-05,
2024-08-16 13:45:00-04,ND0228,N,68,74.92,2.96%,2,ND0228 - US 301 NB AT HYETTS CORNER,12585.1,2019-01-29 08:27:00-05,
2024-08-16 13:50:00-04,ND0228,N,83,76.70,3.11%,2,ND0228 - US 301 NB AT HYETTS CORNER,12585.1,2019-01-29 08:27:00-05,
2024-08-16 13:55:00-04,ND0228,N,75,74.13,3.27%,2,ND0228 - US 301 NB AT HYETTS CORNER,12585.1,2019-01-29 08:27:00-05,
2024-08-16 14:00:00-04,ND0228,N,86,75.71,3.87%,2,ND0228 - US 301 NB AT HYETTS CORNER,12585.1,2019-01-29 08:27:00-05,
2024-08-16 14:05:00-04,ND0228,N,91,74.40,3.88%,2,ND0228 - US 301 NB AT HYETTS CORNER,12585.1,2019-01-29 08:27:00-05,
2024-08-16 14:10:00-04,ND0228,N,84,75.13,3.39%,2,ND0228 - US 301 NB AT HYETTS CORNER,12585.1,2019-01-29 08:27:00-05,
2024-08-16 14:15:00-04,ND0228,N,81,76.07,3.63%,2,ND0228 - US 301 NB AT HYETTS CORNER,12585.1,2019-01-29 08:27:00-05,
2024-08-16 14:20:00-04,ND0228,N,94,76.18,3.68%,2,ND0228 - US 301 NB AT HYETTS CORNER,12585.1,2019-01-29 08:27:00-05,
2024-08-16 14:25:00-04,ND0228,N,96,75.90,3.78%,2,ND0228 - US 301 NB AT HYETTS CORNER,12585.1,2019-01-29 08:27:00-05,
2024-08-16 14:30:00-04,ND0228,N,90,77.51,3.43%,2,ND0228 - US 301 NB AT HYETTS CORNER,12585.1,2019-01-29 08:27:00-05,
2024-08-16 14:35:00-04,ND0228,N,93,77.08,3.37%,2,ND0228 - US 301 NB AT HYETTS CORNER,12585.1,2019-01-29 08:27:00-05,
2024-08-16 14:40:00-04,ND0228,N,99,77.16,3.81%,2,ND0228 - US 301 NB AT HYETTS CORNER,12585.1,2019-01-29 08:27:00-05,
2024-08-16 14:45:00-04,ND0228,N,83,78.02,3.40%,2,ND0228 - US 301 NB AT HYETTS CORNER,12585.1,2019-01-29 08:27:00-05,
2024-08-16 14:50:00-04,ND0228,N,116,74.32,4.59%,2,ND0228 - US 301 NB AT HYETTS CORNER,12585.1,2019-01-29 08:27:00-05,
2024-08-16 14:55:00-04,ND0228,N,105,77.73,4.07%,2,ND0228 - US 301 NB AT HYETTS CORNER,12585.1,2019-01-29 08:27:00-05,
2024-08-16 15:00:00-04,ND0228,N,78,76.63,3.27%,2,ND0228 - US 301 NB AT HYETTS CORNER,12585.1,2019-01-29 08:27:00-05,
2024-08-16 15:05:00-04,ND0228,N,98,77.42,3.92%,2,ND0228 - US 301 NB AT HYETTS CORNER,12585.1,2019-01-29 08:27:00-05,
2024-08-16 15:10:00-04,ND0228,N,74,73.04,2.91%,2,ND0228 - US 301 NB AT HYETTS CORNER,12585.1,2019-01-29 08:27:00-05,
2024-08-16 15:15:00-04,ND0228,N,89,75.99,3.43%,2,ND0228 - US 301 NB AT HYETTS CORNER,12585.1,2019-01-29 08:27:00-05,
2024-08-16 15:20:00-04,ND0228,N,93,75.82,3.69%,2,ND0228 - US 301 NB AT HYETTS CORNER,12585.1,2019-01-29 08:27:00-05,
2024-08-16 15:25:00-04,ND0228,N,52,75.39,2.15%,2,ND0228 - US 301 NB AT HYETTS CORNER,12585.1,2019-01-29 08:27:00-05,
2024-08-16 15:30:00-04,ND0228,N,100,77.46,4.00%,2,ND0228 - US 301 NB AT HYETTS CORNER,12585.1,2019-01-29 08:27:00-05,
2024-08-16 15:35:00-04,ND0228,N,89,75.93,3.61%,2,ND0228 - US 301 NB AT HYETTS CORNER,12585.1,2019-01-29 08:27:00-05,
2024-08-16 15:40:00-04,ND0228,N,107,75.88,4.08%,2,ND0228 - US 301 NB AT HYETTS CORNER,12585.1,2019-01-29 08:27:00-05,
2024-08-16 15:45:00-04,ND0228,N,83,77.43,3.45%,2,ND0228 - US 301 NB AT HYETTS CORNER,12585.1,2019-01-29 08:27:00-05,
2024-08-16 15:50:00-04,ND0228,N,115,76.71,4.41%,2,ND0228 - US 301 NB AT HYETTS CORNER,12585.1,2019-01-29 08:27:00-05,
2024-08-16 15:55:00-04,ND0228,N,64,78.04,2.52%,2,ND0228 - US 301 NB AT HYETTS CORNER,12585.1,2019-01-29 08:27:00-05,
2024-08-16 16:00:00-04,ND0228,N,100,77.25,3.77%,2,ND0228 - US 301 NB AT HYETTS CORNER,12585.1,2019-01-29 08:27:00-05,
2024-08-16 16:05:00-04,ND0228,N,92,76.61,3.54%,2,ND0228 - US 301 NB AT HYETTS CORNER,12585.1,2019-01-29 08:27:00-05,
2024-08-16 16:10:00-04,ND0228,N,88,75.47,3.48%,2,ND0228 - US 301 NB AT HYETTS CORNER,12585.1,2019-01-29 08:27:00-05,
2024-08-16 16:15:00-04,ND0228,N,81,76.24,3.07%,2,ND0228 - US 301 NB AT HYETTS CORNER,12585.1,2019-01-29 08:27:00-05,
2024-08-16 16:20:00-04,ND0228,N,113,77.25,3.99%,2,ND0228 - US 301 NB AT HYETTS CORNER,12585.1,2019-01-29 08:27:00-05,
2024-08-16 16:25:00-04,ND0228,N,107,77.29,4.31%,2,ND0228 - US 301 NB AT HYETTS CORNER,12585.1,2019-01-29 08:27:00-05,
2024-08-16 16:30:00-04,ND0228,N,74,76.11,2.85%,2,ND0228 - US 301 NB AT HYETTS CORNER,12585.1,2019-01-29 08:27:00-05,
2024-08-16 16:35:00-04,ND0228,N,88,74.77,3.63%,2,ND0228 - US 301 NB AT HYETTS CORNER,12585.1,2019-01-29 08:27:00-05,
2024-08-16 16:40:00-04,ND0228,N,106,76.14,4.26%,2,ND0228 - US 301 NB AT HYETTS CORNER,12585.1,2019-01-29 08:27:00-05,
2024-08-16 16:45:00-04,ND0228,N,91,75.26,3.64%,2,ND0228 - US 301 NB AT HYETTS CORNER,12585.1,2019-01-29 08:27:00-05,
2024-08-16 16:50:00-04,ND0228,N,96,76.13,3.87%,2,ND0228 - US 301 NB AT HYETTS CORNER,12585.1,2019-01-29 08:27:00-05,
2024-08-16 16:55:00-04,ND0228,N,98,75.80,3.93%,2,ND0228 - US 301 NB AT HYETTS CORNER,12585.1,2019-01-29 08:27:00-05,
2024-08-16 17:00:00-04,ND0228,N,106,75.58,4.27%,2,ND0228 - US 301 NB AT HYETTS CORNER,12585.1,2019-01-29 08:27:00-05,
2024-08-16 17:05:00-04,ND0228,N,91,76.83,3.51%,2,ND0228 - US 301 NB AT HYETTS CORNER,12585.1,2019-01-29 08:27:00-05,
2024-08-16 17:10:00-04,ND0228,N,104,74.85,3.83%,2,ND0228 - US 301 NB AT HYETTS CORNER,12585.1,2019-01-29 08:27:00-05,
2024-08-16 17:15:00-04,ND0228,N,112,76.76,4.25%,2,ND0228 - US 301 NB AT HYETTS CORNER,12585.1,2019-01-29 08:27:00-05,
2024-08-16 17:20:00-04,ND0228,N,98,77.68,3.68%,2,ND0228 - US 301 NB AT HYETTS CORNER,12585.1,2019-01-29 08:27:00-05,
2024-08-16 17:25:00-04,ND0228,N,104,76.79,4.32%,2,ND0228 - US 301 NB AT HYETTS CORNER,12585.1,2019-01-29 08:27:00-05,
2024-08-16 17:30:00-04,ND0228,N,99,76.36,3.97%,2,ND0228 - US 301 NB AT HYETTS CORNER,12585.1,2019-01-29 08:27:00-05,
2024-08-16 17:35:00-04,ND0228,N,117,75.65,4.79%,2,ND0228 - US 301 NB AT HYETTS CORNER,12585.1,2019-01-29 08:27:00-05,
2024-08-16 17:40:00-04,ND0228,N,122,76.64,4.85%,2,ND0228 - US 301 NB AT HYETTS CORNER,12585.1,2019-01-29 08:27:00-05,
2024-08-16 17:45:00-04,ND0228,N,83,78.99,3.42%,2,ND0228 - US 301 NB AT HYETTS CORNER,12585.1,2019-01-29 08:27:00-05,
2024-08-16 17:50:00-04,ND0228,N,115,77.22,4.15%,2,ND0228 - US 301 NB AT HYETTS CORNER,12585.1,2019-01-29 08:27:00-05,
2024-08-16 17:55:00-04,ND0228,N,98,74.80,3.72%,2,ND0228 - US 301 NB AT HYETTS CORNER,12585.1,2019-01-29 08:27:00-05,
2024-08-16 18:00:00-04,ND0228,N,91,77.39,3.45%,2,ND0228 - US 301 NB AT HYETTS CORNER,12585.1,2019-01-29 08:27:00-05,
2024-08-16 18:05:00-04,ND0228,N,111,75.88,4.46%,2,ND0228 - US 301 NB AT HYETTS CORNER,12585.1,2019-01-29 08:27:00-05,
2024-08-16 18:10:00-04,ND0228,N,82,77.48,3.26%,2,ND0228 - US 301 NB AT HYETTS CORNER,12585.1,2019-01-29 08:27:00-05,
2024-08-16 18:15:00-04,ND0228,N,110,75.87,4.36%,2,ND0228 - US 301 NB AT HYETTS CORNER,12585.1,2019-01-29 08:27:00-05,
2024-08-16 18:20:00-04,ND0228,N,111,76.58,4.14%,2,ND0228 - US 301 NB AT HYETTS CORNER,12585.1,2019-01-29 08:27:00-05,
2024-08-16 18:25:00-04,ND0228,N,83,77.71,3.06%,2,ND0228 - US 301 NB AT HYETTS CORNER,12585.1,2019-01-29 08:27:00-05,
2024-08-16 18:30:00-04,ND0228,N,88,77.46,3.14%,2,ND0228 - US 301 NB AT HYETTS CORNER,12585.1,2019-01-29 08:27:00-05,
2024-08-16 18:35:00-04,ND0228,N,86,77.81,3.38%,2,ND0228 - US 301 NB AT HYETTS CORNER,12585.1,2019-01-29 08:27:00-05,
2024-08-16 18:40:00-04,ND0228,N,98,77.29,3.50%,2,ND0228 - US 301 NB AT HYETTS CORNER,12585.1,2019-01-29 08:27:00-05,
2024-08-16 18:45:00-04,ND0228,N,93,75.38,4.14%,2,ND0228 - US 301 NB AT HYETTS CORNER,12585.1,2019-01-29 08:27:00-05,
2024-08-16 18:50:00-04,ND0228,N,79,76.88,3.03%,2,ND0228 - US 301 NB AT HYETTS CORNER,12585.1,2019-01-29 08:27:00-05,
2024-08-16 18:55:00-04,ND0228,N,84,77.71,3.30%,2,ND0228 - US 301 NB AT HYETTS CORNER,12585.1,2019-01-29 08:27:00-05,
2024-08-16 19:00:00-04,ND0228,N,64,78.10,2.37%,2,ND0228 - US 301 NB AT HYETTS CORNER,12585.1,2019-01-29 08:27:00-05,
2024-08-16 19:05:00-04,ND0228,N,63,77.80,2.41%,2,ND0228 - US 301 NB AT HYETTS CORNER,12585.1,2019-01-29 08:27:00-05,
2024-08-16 19:10:00-04,ND0228,N,60,76.05,2.41%,2,ND0228 - US 301 NB AT HYETTS CORNER,12585.1,2019-01-29 08:27:00-05,
2024-08-16 19:15:00-04,ND0228,N,57,76.57,2.22%,2,ND0228 - US 301 NB AT HYETTS CORNER,12585.1,2019-01-29 08:27:00-05,
2024-08-16 19:20:00-04,ND0228,N,60,77.31,2.57%,2,ND0228 - US 301 NB AT HYETTS CORNER,12585.1,2019-01-29 08:27:00-05,
2024-08-16 19:25:00-04,ND0228,N,67,76.19,2.61%,2,ND0228 - US 301 NB AT HYETTS CORNER,12585.1,2019-01-29 08:27:00-05,
2024-08-16 19:30:00-04,ND0228,N,60,76.17,2.30%,2,ND0228 - US 301 NB AT HYETTS CORNER,12585.1,2019-01-29 08:27:00-05,
2024-08-16 19:35:00-04,ND0228,N,40,77.55,1.90%,2,ND0228 - US 301 NB AT HYETTS CORNER,12585.1,2019-01-29 08:27:00-05,
2024-08-16 19:40:00-04,ND0228,N,36,75.16,1.73%,2,ND0228 - US 301 NB AT HYETTS CORNER,12585.1,2019-01-29 08:27:00-05,
2024-08-16 19:45:00-04,ND0228,N,49,79.31,2.02%,2,ND0228 - US 301 NB AT HYETTS CORNER,12585.1,2019-01-29 08:27:00-05,
2024-08-16 19:50:00-04,ND0228,N,39,76.44,1.51%,2,ND0228 - US 301 NB AT HYETTS CORNER,12585.1,2019-01-29 08:27:00-05,
2024-08-16 19:55:00-04,ND0228,N,30,73.86,1.30%,2,ND0228 - US 301 NB AT HYETTS CORNER,12585.1,2019-01-29 08:27:00-05,
2024-08-16 20:00:00-04,ND0228,N,57,74.63,2.41%,2,ND0228 - US 301 NB AT HYETTS CORNER,12585.1,2019-01-29 08:27:00-05,
2024-08-16 20:05:00-04,ND0228,N,43,71.98,2.18%,2,ND0228 - US 301 NB AT HYETTS CORNER,12585.1,2019-01-29 08:27:00-05,
2024-08-16 20:10:00-04,ND0228,N,46,74.12,1.90%,2,ND0228 - US 301 NB AT HYETTS CORNER,12585.1,2019-01-29 08:27:00-05,
2024-08-16 20:15:00-04,ND0228,N,25,75.40,1.15%,2,ND0228 - US 301 NB AT HYETTS CORNER,12585.1,2019-01-29 08:27:00-05,
2024-08-16 20:20:00-04,ND0228,N,27,74.00,1.21%,2,ND0228 - US 301 NB AT HYETTS CORNER,12585.1,2019-01-29 08:27:00-05,
2024-08-16 20:25:00-04,ND0228,N,42,74.20,1.84%,2,ND0228 - US 301 NB AT HYETTS CORNER,12585.1,2019-01-29 08:27:00-05,
2024-08-16 20:30:00-04,ND0228,N,28,76.06,1.39%,2,ND0228 - US 301 NB AT HYETTS CORNER,12585.1,2019-01-29 08:27:00-05,
2024-08-16 20:35:00-04,ND0228,N,30,71.89,1.25%,2,ND0228 - US 301 NB AT HYETTS CORNER,12585.1,2019-01-29 08:27:00-05,
2024-08-16 20:40:00-04,ND0228,N,25,68.84,1.00%,2,ND0228 - US 301 NB AT HYETTS CORNER,12585.1,2019-01-29 08:27:00-05,
2024-08-16 20:45:00-04,ND0228,N,27,74.32,1.08%,2,ND0228 - US 301 NB AT HYETTS CORNER,12585.1,2019-01-29 08:27:00-05,
2024-08-16 20:50:00-04,ND0228,N,22,70.88,1.22%,2,ND0228 - US 301 NB AT HYETTS CORNER,12585.1,2019-01-29 08:27:00-05,
2024-08-16 20:55:00-04,ND0228,N,24,74.94,1.17%,2,ND0228 - US 301 NB AT HYETTS CORNER,12585.1,2019-01-29 08:27:00-05,
2024-08-16 21:00:00-04,ND0228,N,24,70.40,1.10%,2,ND0228 - US 301 NB AT HYETTS CORNER,12585.1,2019-01-29 08:27:00-05,
2024-08-16 21:05:00-04,ND0228,N,28,75.52,1.29%,2,ND0228 - US 301 NB AT HYETTS CORNER,12585.1,2019-01-29 08:27:00-05,
2024-08-16 21:10:00-04,ND0228,N,21,73.23,0.94%,2,ND0228 - US 301 NB AT HYETTS CORNER,12585.1,2019-01-29 08:27:00-05,
2024-08-16 21:15:00-04,ND0228,N,19,75.70,0.79%,2,ND0228 - US 301 NB AT HYETTS CORNER,12585.1,2019-01-29 08:27:00-05,
2024-08-16 21:20:00-04,ND0228,N,32,72.92,1.43%,2,ND0228 - US 301 NB AT HYETTS CORNER,12585.1,2019-01-29 08:27:00-05,
2024-08-16 21:25:00-04,ND0228,N,18,73.04,0.85%,2,ND0228 - US 301 NB AT HYETTS CORNER,12585.1,2019-01-29 08:27:00-05,
2024-08-16 21:30:00-04,ND0228,N,21,72.02,0.94%,2,ND0228 - US 301 NB AT HYETTS CORNER,12585.1,2019-01-29 08:27:00-05,
2024-08-16 21:35:00-04,ND0228,N,17,75.71,0.69%,2,ND0228 - US 301 NB AT HYETTS CORNER,12585.1,2019-01-29 08:27:00-05,
2024-08-16 21:40:00-04,ND0228,N,37,73.07,1.89%,2,ND0228 - US 301 NB AT HYETTS CORNER,12585.1,2019-01-29 08:27:00-05,
2024-08-16 21:45:00-04,ND0228,N,17,70.15,0.76%,2,ND0228 - US 301 NB AT HYETTS CORNER,12585.1,2019-01-29 08:27:00-05,
2024-08-16 21:50:00-04,ND0228,N,18,75.97,0.96%,2,ND0228 - US 301 NB AT HYETTS CORNER,12585.1,2019-01-29 08:27:00-05,
2024-08-16 21:55:00-04,ND0228,N,13,77.30,0.56%,2,ND0228 - US 301 NB AT HYETTS CORNER,12585.1,2019-01-29 08:27:00-05,
2024-08-16 22:00:00-04,ND0228,N,20,71.98,1.33%,2,ND0228 - US 301 NB AT HYETTS CORNER,12585.1,2019-01-29 08:27:00-05,
2024-08-16 22:05:00-04,ND0228,N,22,75.64,0.95%,2,ND0228 - US 301 NB AT HYETTS CORNER,12585.1,2019-01-29 08:27:00-05,
2024-08-16 22:10:00-04,ND0228,N,18,75.80,0.87%,2,ND0228 - US 301 NB AT HYETTS CORNER,12585.1,2019-01-29 08:27:00-05,
2024-08-16 22:15:00-04,ND0228,N,15,76.64,0.51%,2,ND0228 - US 301 NB AT HYETTS CORNER,12585.1,2019-01-29 08:27:00-05,
2024-08-16 22:20:00-04,ND0228,N,24,75.07,2.07%,2,ND0228 - US 301 NB AT HYETTS CORNER,12585.1,2019-01-29 08:27:00-05,
2024-08-16 22:25:00-04,ND0228,N,20,72.81,1.37%,2,ND0228 - US 301 NB AT HYETTS CORNER,12585.1,2019-01-29 08:27:00-05,
2024-08-16 22:30:00-04,ND0228,N,15,73.49,0.63%,2,ND0228 - US 301 NB AT HYETTS CORNER,12585.1,2019-01-29 08:27:00-05,
2024-08-16 22:35:00-04,ND0228,N,13,75.11,0.55%,2,ND0228 - US 301 NB AT HYETTS CORNER,12585.1,2019-01-29 08:27:00-05,
2024-08-16 22:40:00-04,ND0228,N,12,73.36,0.63%,2,ND0228 - US 301 NB AT HYETTS CORNER,12585.1,2019-01-29 08:27:00-05,
2024-08-16 22:45:00-04,ND0228,N,14,74.76,1.00%,2,ND0228 - US 301 NB AT HYETTS CORNER,12585.1,2019-01-29 08:27:00-05,
2024-08-16 22:50:00-04,ND0228,N,12,67.82,0.64%,2,ND0228 - US 301 NB AT HYETTS CORNER,12585.1,2019-01-29 08:27:00-05,
2024-08-16 22:55:00-04,ND0228,N,5,70.49,0.30%,2,ND0228 - US 301 NB AT HYETTS CORNER,12585.1,2019-01-29 08:27:00-05,
2024-08-16 23:00:00-04,ND0228,N,7,72.60,0.36%,2,ND0228 - US 301 NB AT HYETTS CORNER,12585.1,2019-01-29 08:27:00-05,
2024-08-16 23:05:00-04,ND0228,N,18,70.14,1.28%,2,ND0228 - US 301 NB AT HYETTS CORNER,12585.1,2019-01-29 08:27:00-05,
2024-08-16 23:10:00-04,ND0228,N,7,70.91,0.47%,2,ND0228 - US 301 NB AT HYETTS CORNER,12585.1,2019-01-29 08:27:00-05,
2024-08-16 23:15:00-04,ND0228,N,11,71.45,0.81%,2,ND0228 - US 301 NB AT HYETTS CORNER,12585.1,2019-01-29 08:27:00-05,
2024-08-16 23:20:00-04,ND0228,N,17,72.67,0.92%,2,ND0228 - US 301 NB AT HYETTS CORNER,12585.1,2019-01-29 08:27:00-05,
2024-08-16 23:25:00-04,ND0228,N,9,71.06,0.66%,2,ND0228 - US 301 NB AT HYETTS CORNER,12585.1,2019-01-29 08:27:00-05,
2024-08-16 23:30:00-04,ND0228,N,6,67.52,0.90%,1,ND0228 - US 301 NB AT HYETTS CORNER,12585.1,2019-01-29 08:27:00-05,
2024-08-16 23:35:00-04,ND0228,N,4,70.66,0.54%,1,ND0228 - US 301 NB AT HYETTS CORNER,12585.1,2019-01-29 08:27:00-05,
2024-08-16 23:40:00-04,ND0228,N,5,70.30,0.57%,1,ND0228 - US 301 NB AT HYETTS CORNER,12585.1,2019-01-29 08:27:00-05,
2024-08-16 23:45:00-04,ND0228,N,7,69.74,0.38%,2,ND0228 - US 301 NB AT HYETTS CORNER,12585.1,2019-01-29 08:27:00-05,
2024-08-16 23:50:00-04,ND0228,N,12,70.60,0.43%,2,ND0228 - US 301 NB AT HYETTS CORNER,12585.1,2019-01-29 08:27:00-05,
2024-08-16 23:55:00-04,ND0228,N,10,70.29,0.59%,2,ND0228 - US 301 NB AT HYETTS CORNER,12585.1,2019-01-29 08:27:00-05,
2024-08-17 00:00:00-04,ND0228,N,12,71.88,0.64%,2,ND0228 - US 301 NB AT HYETTS CORNER,12585.1,2019-01-29 08:27:00-05,
2024-08-17 00:05:00-04,ND0228,N,8,65.16,0.74%,2,ND0228 - US 301 NB AT HYETTS CORNER,12585.1,2019-01-29 08:27:00-05,
2024-08-17 00:10:00-04,ND0228,N,5,61.45,0.43%,2,ND0228 - US 301 NB AT HYETTS CORNER,12585.1,2019-01-29 08:27:00-05,
2024-08-17 00:15:00-04,ND0228,N,11,67.40,0.99%,2,ND0228 - US 301 NB AT HYETTS CORNER,12585.1,2019-01-29 08:27:00-05,
2024-08-17 00:20:00-04,ND0228,N,2,64.01,0.19%,2,ND0228 - US 301 NB AT HYETTS CORNER,12585.1,2019-01-29 08:27:00-05,
2024-08-17 00:25:00-04,ND0228,N,5,73.74,0.46%,2,ND0228 - US 301 NB AT HYETTS CORNER,12585.1,2019-01-29 08:27:00-05,
2024-08-17 00:30:00-04,ND0228,N,4,66.63,0.24%,2,ND0228 - US 301 NB AT HYETTS CORNER,12585.1,2019-01-29 08:27:00-05,
2024-08-17 00:35:00-04,ND0228,N,1,66.86,0.29%,1,ND0228 - US 301 NB AT HYETTS CORNER,12585.1,2019-01-29 08:27:00-05,
2024-08-17 00:40:00-04,ND0228,N,6,77.71,0.43%,2,ND0228 - US 301 NB AT HYETTS CORNER,12585.1,2019-01-29 08:27:00-05,
2024-08-17 00:45:00-04,ND0228,N,8,69.46,1.69%,1,ND0228 - US 301 NB AT HYETTS CORNER,12585.1,2019-01-29 08:27:00-05,
2024-08-17 00:50:00-04,ND0228,N,8,66.25,0.81%,2,ND0228 - US 301 NB AT HYETTS CORNER,12585.1,2019-01-29 08:27:00-05,
2024-08-17 00:55:00-04,ND0228,N,11,70.54,0.85%,2,ND0228 - US 301 NB AT HYETTS CORNER,12585.1,2019-01-29 08:27:00-05,
2024-08-17 01:00:00-04,ND0228,N,6,64.04,0.63%,2,ND0228 - US 301 NB AT HYETTS CORNER,12585.1,2019-01-29 08:27:00-05,
2024-08-17 01:05:00-04,ND0228,N,6,74.65,0.44%,2,ND0228 - US 301 NB AT HYETTS CORNER,12585.1,2019-01-29 08:27:00-05,
2024-08-17 01:10:00-04,ND0228,N,5,75.06,0.25%,2,ND0228 - US 301 NB AT HYETTS CORNER,12585.1,2019-01-29 08:27:00-05,
2024-08-17 01:15:00-04,ND0228,N,5,71.34,0.28%,2,ND0228 - US 301 NB AT HYETTS CORNER,12585.1,2019-01-29 08:27:00-05,
2024-08-17 01:20:00-04,ND0228,N,5,71.50,0.39%,2,ND0228 - US 301 NB AT HYETTS CORNER,12585.1,2019-01-29 08:27:00-05,
2024-08-17 01:25:00-04,ND0228,N,6,66.22,0.48%,2,ND0228 - US 301 NB AT HYETTS CORNER,12585.1,2019-01-29 08:27:00-05,
2024-08-17 01:30:00-04,ND0228,N,4,70.70,0.38%,2,ND0228 - US 301 NB AT HYETTS CORNER,12585.1,2019-01-29 08:27:00-05,
2024-08-17 01:35:00-04,ND0228,N,5,63.22,0.55%,2,ND0228 - US 301 NB AT HYETTS CORNER,12585.1,2019-01-29 08:27:00-05,
2024-08-17 01:40:00-04,ND0228,N,12,76.80,0.92%,2,ND0228 - US 301 NB AT HYETTS CORNER,12585.1,2019-01-29 08:27:00-05,
2024-08-17 01:45:00-04,ND0228,N,5,72.30,0.22%,2,ND0228 - US 301 NB AT HYETTS CORNER,12585.1,2019-01-29 08:27:00-05,
2024-08-17 01:50:00-04,ND0228,N,3,64.25,0.27%,2,ND0228 - US 301 NB AT HYETTS CORNER,12585.1,2019-01-29 08:27:00-05,
2024-08-17 01:55:00-04,ND0228,N,5,70.30,0.34%,2,ND0228 - US 301 NB AT HYETTS CORNER,12585.1,2019-01-29 08:27:00-05,
2024-08-17 02:00:00-04,ND0228,N,3,68.16,0.16%,2,ND0228 - US 301 NB AT HYETTS CORNER,12585.1,2019-01-29 08:27:00-05,
2024-08-17 02:05:00-04,ND0228,N,5,66.82,0.19%,2,ND0228 - US 301 NB AT HYETTS CORNER,12585.1,2019-01-29 08:27:00-05,
2024-08-17 02:10:00-04,ND0228,N,1,80.83,0.06%,1,ND0228 - US 301 NB AT HYETTS CORNER,12585.1,2019-01-29 08:27:00-05,
2024-08-17 02:15:00-04,ND0228,N,4,67.22,0.25%,2,ND0228 - US 301 NB AT HYETTS CORNER,12585.1,2019-01-29 08:27:00-05,
2024-08-17 02:20:00-04,ND0228,N,3,70.74,0.20%,2,ND0228 - US 301 NB AT HYETTS CORNER,12585.1,2019-01-29 08:27:00-05,
2024-08-17 02:25:00-04,ND0228,N,5,70.21,0.82%,1,ND0228 - US 301 NB AT HYETTS CORNER,12585.1,2019-01-29 08:27:00-05,
2024-08-17 02:30:00-04,ND0228,N,1,73.49,0.26%,1,ND0228 - US 301 NB AT HYETTS CORNER,12585.1,2019-01-29 08:27:00-05,
2024-08-17 02:35:00-04,ND0228,N,4,69.78,0.40%,2,ND0228 - US 301 NB AT HYETTS CORNER,12585.1,2019-01-29 08:27:00-05,
2024-08-17 02:40:00-04,ND0228,N,9,68.84,0.76%,2,ND0228 - US 301 NB AT HYETTS CORNER,12585.1,2019-01-29 08:27:00-05,
2024-08-17 02:45:00-04,ND0228,N,1,52.87,0.09%,1,ND0228 - US 301 NB AT HYETTS CORNER,12585.1,2019-01-29 08:27:00-05,
2024-08-17 02:50:00-04,ND0228,N,5,71.05,0.49%,2,ND0228 - US 301 NB AT HYETTS CORNER,12585.1,2019-01-29 08:27:00-05,
2024-08-17 02:55:00-04,ND0228,N,3,74.56,0.17%,2,ND0228 - US 301 NB AT HYETTS CORNER,12585.1,2019-01-29 08:27:00-05,
2024-08-17 03:00:00-04,ND0228,N,6,63.95,0.41%,2,ND0228 - US 301 NB AT HYETTS CORNER,12585.1,2019-01-29 08:27:00-05,
2024-08-17 03:05:00-04,ND0228,N,4,65.55,0.35%,2,ND0228 - US 301 NB AT HYETTS CORNER,12585.1,2019-01-29 08:27:00-05,
2024-08-17 03:10:00-04,ND0228,N,4,70.79,0.42%,2,ND0228 - US 301 NB AT HYETTS CORNER,12585.1,2019-01-29 08:27:00-05,
2024-08-17 03:15:00-04,ND0228,N,3,76.24,0.35%,2,ND0228 - US 301 NB AT HYETTS CORNER,12585.1,2019-01-29 08:27:00-05,
2024-08-17 03:20:00-04,ND0228,N,7,72.82,1.24%,1,ND0228 - US 301 NB AT HYETTS CORNER,12585.1,2019-01-29 08:27:00-05,
2024-08-17 03:25:00-04,ND0228,N,3,60.91,0.58%,1,ND0228 - US 301 NB AT HYETTS CORNER,12585.1,2019-01-29 08:27:00-05,
2024-08-17 03:30:00-04,ND0228,N,2,60.77,0.28%,1,ND0228 - US 301 NB AT HYETTS CORNER,12585.1,2019-01-29 08:27:00-05,
2024-08-17 03:35:00-04,ND0228,N,3,75.98,0.10%,2,ND0228 - US 301 NB AT HYETTS CORNER,12585.1,2019-01-29 08:27:00-05,
2024-08-17 03:40:00-04,ND0228,N,5,78.84,0.28%,2,ND0228 - US 301 NB AT HYETTS CORNER,12585.1,2019-01-29 08:27:00-05,
2024-08-17 03:45:00-04,ND0228,N,5,72.88,0.46%,2,ND0228 - US 301 NB AT HYETTS CORNER,12585.1,2019-01-29 08:27:00-05,
2024-08-17 03:50:00-04,ND0228,N,5,69.54,0.48%,2,ND0228 - US 301 NB AT HYETTS CORNER,12585.1,2019-01-29 08:27:00-05,
2024-08-17 03:55:00-04,ND0228,N,4,71.97,0.24%,2,ND0228 - US 301 NB AT HYETTS CORNER,12585.1,2019-01-29 08:27:00-05,
2024-08-17 04:00:00-04,ND0228,N,7,70.59,0.56%,2,ND0228 - US 301 NB AT HYETTS CORNER,12585.1,2019-01-29 08:27:00-05,
2024-08-17 04:05:00-04,ND0228,N,2,70.12,0.18%,2,ND0228 - US 301 NB AT HYETTS CORNER,12585.1,2019-01-29 08:27:00-05,
2024-08-17 04:10:00-04,ND0228,N,3,76.98,0.18%,2,ND0228 - US 301 NB AT HYETTS CORNER,12585.1,2019-01-29 08:27:00-05,
2024-08-17 04:15:00-04,ND0228,N,4,72.01,0.41%,2,ND0228 - US 301 NB AT HYETTS CORNER,12585.1,2019-01-29 08:27:00-05,
2024-08-17 04:20:00-04,ND0228,N,9,79.39,0.30%,2,ND0228 - US 301 NB AT HYETTS CORNER,12585.1,2019-01-29 08:27:00-05,
2024-08-17 04:25:00-04,ND0228,N,6,71.53,0.51%,2,ND0228 - US 301 NB AT HYETTS CORNER,12585.1,2019-01-29 08:27:00-05,
2024-08-17 04:30:00-04,ND0228,N,1,69.91,0.07%,1,ND0228 - US 301 NB AT HYETTS CORNER,12585.1,2019-01-29 08:27:00-05,
2024-08-17 04:35:00-04,ND0228,N,8,68.44,0.83%,2,ND0228 - US 301 NB AT HYETTS CORNER,12585.1,2019-01-29 08:27:00-05,
2024-08-17 04:40:00-04,ND0228,N,5,72.96,0.39%,2,ND0228 - US 301 NB AT HYETTS CORNER,12585.1,2019-01-29 08:27:00-05,
2024-08-17 04:45:00-04,ND0228,N,3,69.18,0.22%,1,ND0228 - US 301 NB AT HYETTS CORNER,12585.1,2019-01-29 08:27:00-05,
2024-08-17 04:50:00-04,ND0228,N,9,75.48,0.88%,2,ND0228 - US 301 NB AT HYETTS CORNER,12585.1,2019-01-29 08:27:00-05,
2024-08-17 04:55:00-04,ND0228,N,9,78.06,0.31%,2,ND0228 - US 301 NB AT HYETTS CORNER,12585.1,2019-01-29 08:27:00-05,
2024-08-17 05:00:00-04,ND0228,N,7,75.18,0.29%,2,ND0228 - US 301 NB AT HYETTS CORNER,12585.1,2019-01-29 08:27:00-05,
2024-08-17 05:05:00-04,ND0228,N,7,74.63,0.45%,2,ND0228 - US 301 NB AT HYETTS CORNER,12585.1,2019-01-29 08:27:00-05,
2024-08-17 05:10:00-04,ND0228,N,5,75.22,0.20%,2,ND0228 - US 301 NB AT HYETTS CORNER,12585.1,2019-01-29 08:27:00-05,
2024-08-17 05:15:00-04,ND0228,N,11,76.61,0.55%,2,ND0228 - US 301 NB AT HYETTS CORNER,12585.1,2019-01-29 08:27:00-05,
2024-08-17 05:20:00-04,ND0228,N,7,70.31,1.13%,1,ND0228 - US 301 NB AT HYETTS CORNER,12585.1,2019-01-29 08:27:00-05,
2024-08-17 05:25:00-04,ND0228,N,12,74.59,0.46%,2,ND0228 - US 301 NB AT HYETTS CORNER,12585.1,2019-01-29 08:27:00-05,
2024-08-17 05:30:00-04,ND0228,N,14,76.59,0.77%,2,ND0228 - US 301 NB AT HYETTS CORNER,12585.1,2019-01-29 08:27:00-05,
2024-08-17 05:35:00-04,ND0228,N,7,70.23,0.43%,2,ND0228 - US 301 NB AT HYETTS CORNER,12585.1,2019-01-29 08:27:00-05,
2024-08-17 05:40:00-04,ND0228,N,11,70.24,0.67%,2,ND0228 - US 301 NB AT HYETTS CORNER,12585.1,2019-01-29 08:27:00-05,
2024-08-17 05:45:00-04,ND0228,N,13,73.49,0.74%,2,ND0228 - US 301 NB AT HYETTS CORNER,12585.1,2019-01-29 08:27:00-05,
2024-08-17 05:50:00-04,ND0228,N,10,74.40,0.59%,2,ND0228 - US 301 NB AT HYETTS CORNER,12585.1,2019-01-29 08:27:00-05,
2024-08-17 05:55:00-04,ND0228,N,14,74.61,0.81%,2,ND0228 - US 301 NB AT HYETTS CORNER,12585.1,2019-01-29 08:27:00-05,
2024-08-17 06:00:00-04,ND0228,N,11,72.18,0.72%,2,ND0228 - US 301 NB AT HYETTS CORNER,12585.1,2019-01-29 08:27:00-05,
2024-08-17 06:05:00-04,ND0228,N,7,72.42,0.36%,2,ND0228 - US 301 NB AT HYETTS CORNER,12585.1,2019-01-29 08:27:00-05,
2024-08-17 06:10:00-04,ND0228,N,15,72.98,0.71%,2,ND0228 - US 301 NB AT HYETTS CORNER,12585.1,2019-01-29 08:27:00-05,
2024-08-17 06:15:00-04,ND0228,N,18,77.49,0.72%,2,ND0228 - US 301 NB AT HYETTS CORNER,12585.1,2019-01-29 08:27:00-05,
2024-08-17 06:20:00-04,ND0228,N,19,77.34,0.73%,2,ND0228 - US 301 NB AT HYETTS CORNER,12585.1,2019-01-29 08:27:00-05,
2024-08-17 06:25:00-04,ND0228,N,37,78.15,1.34%,2,ND0228 - US 301 NB AT HYETTS CORNER,12585.1,2019-01-29 08:27:00-05,
2024-08-17 06:30:00-04,ND0228,N,21,79.59,0.83%,2,ND0228 - US 301 NB AT HYETTS CORNER,12585.1,2019-01-29 08:27:00-05,
2024-08-17 06:35:00-04,ND0228,N,16,81.19,1.70%,1,ND0228 - US 301 NB AT HYETTS CORNER,12585.1,2019-01-29 08:27:00-05,
2024-08-17 06:40:00-04,ND0228,N,16,76.54,1.10%,1,ND0228 - US 301 NB AT HYETTS CORNER,12585.1,2019-01-29 08:27:00-05,
2024-08-17 06:45:00-04,ND0228,N,27,73.65,1.07%,2,ND0228 - US 301 NB AT HYETTS CORNER,12585.1,2019-01-29 08:27:00-05,
2024-08-17 06:50:00-04,ND0228,N,24,79.54,0.77%,2,ND0228 - US 301 NB AT HYETTS CORNER,12585.1,2019-01-29 08:27:00-05,
2024-08-17 06:55:00-04,ND0228,N,17,77.42,0.72%,2,ND0228 - US 301 NB AT HYETTS CORNER,12585.1,2019-01-29 08:27:00-05,
2024-08-17 07:00:00-04,ND0228,N,19,75.68,0.94%,2,ND0228 - US 301 NB AT HYETTS CORNER,12585.1,2019-01-29 08:27:00-05,
2024-08-17 07:05:00-04,ND0228,N,12,78.35,0.48%,2,ND0228 - US 301 NB AT HYETTS CORNER,12585.1,2019-01-29 08:27:00-05,
2024-08-17 07:10:00-04,ND0228,N,19,75.95,0.81%,2,ND0228 - US 301 NB AT HYETTS CORNER,12585.1,2019-01-29 08:27:00-05,
2024-08-17 07:15:00-04,ND0228,N,26,76.42,1.11%,2,ND0228 - US 301 NB AT HYETTS CORNER,12585.1,2019-01-29 08:27:00-05,
2024-08-17 07:20:00-04,ND0228,N,20,73.54,0.70%,2,ND0228 - US 301 NB AT HYETTS CORNER,12585.1,2019-01-29 08:27:00-05,
2024-08-17 07:25:00-04,ND0228,N,20,72.89,0.88%,2,ND0228 - US 301 NB AT HYETTS CORNER,12585.1,2019-01-29 08:27:00-05,
2024-08-17 07:30:00-04,ND0228,N,30,74.44,1.36%,2,ND0228 - US 301 NB AT HYETTS CORNER,12585.1,2019-01-29 08:27:00-05,
2024-08-17 07:35:00-04,ND0228,N,31,77.03,1.36%,2,ND0228 - US 301 NB AT HYETTS CORNER,12585.1,2019-01-29 08:27:00-05,
2024-08-17 07:40:00-04,ND0228,N,22,75.63,0.96%,2,ND0228 - US 301 NB AT HYETTS CORNER,12585.1,2019-01-29 08:27:00-05,
2024-08-17 07:45:00-04,ND0228,N,25,71.63,1.24%,2,ND0228 - US 301 NB AT HYETTS CORNER,12585.1,2019-01-29 08:27:00-05,
2024-08-17 07:50:00-04,ND0228,N,26,73.14,1.12%,2,ND0228 - US 301 NB AT HYETTS CORNER,12585.1,2019-01-29 08:27:00-05,
2024-08-17 07:55:00-04,ND0228,N,28,72.83,1.05%,2,ND0228 - US 301 NB AT HYETTS CORNER,12585.1,2019-01-29 08:27:00-05,
2024-08-17 08:00:00-04,ND0228,N,17,74.19,0.59%,2,ND0228 - US 301 NB AT HYETTS CORNER,12585.1,2019-01-29 08:27:00-05,
2024-08-17 08:05:00-04,ND0228,N,21,75.06,1.05%,2,ND0228 - US 301 NB AT HYETTS CORNER,12585.1,2019-01-29 08:27:00-05,
2024-08-17 08:10:00-04,ND0228,N,30,72.61,1.21%,2,ND0228 - US 301 NB AT HYETTS CORNER,12585.1,2019-01-29 08:27:00-05,
2024-08-17 08:15:00-04,ND0228,N,35,74.57,1.26%,2,ND0228 - US 301 NB AT HYETTS CORNER,12585.1,2019-01-29 08:27:00-05,
2024-08-17 08:20:00-04,ND0228,N,24,73.27,0.97%,2,ND0228 - US 301 NB AT HYETTS CORNER,12585.1,2019-01-29 08:27:00-05,
2024-08-17 08:25:00-04,ND0228,N,31,73.98,1.36%,2,ND0228 - US 301 NB AT HYETTS CORNER,12585.1,2019-01-29 08:27:00-05,
2024-08-17 08:30:00-04,ND0228,N,33,69.35,1.32%,2,ND0228 - US 301 NB AT HYETTS CORNER,12585.1,2019-01-29 08:27:00-05,
2024-08-17 08:35:00-04,ND0228,N,39,71.34,1.46%,2,ND0228 - US 301 NB AT HYETTS CORNER,12585.1,2019-01-29 08:27:00-05,
2024-08-17 08:40:00-04,ND0228,N,47,69.20,4.13%,2,ND0228 - US 301 NB AT HYETTS CORNER,12585.1,2019-01-29 08:27:00-05,
2024-08-17 08:45:00-04,ND0228,N,32,68.87,1.44%,2,ND0228 - US 301 NB AT HYETTS CORNER,12585.1,2019-01-29 08:27:00-05,
2024-08-17 08:50:00-04,ND0228,N,43,67.12,1.78%,2,ND0228 - US 301 NB AT HYETTS CORNER,12585.1,2019-01-29 08:27:00-05,
2024-08-17 08:55:00-04,ND0228,N,29,70.32,1.13%,2,ND0228 - US 301 NB AT HYETTS CORNER,12585.1,2019-01-29 08:27:00-05,
2024-08-17 09:00:00-04,ND0228,N,36,73.46,1.58%,2,ND0228 - US 301 NB AT HYETTS CORNER,12585.1,2019-01-29 08:27:00-05,
2024-08-17 09:05:00-04,ND0228,N,30,72.46,1.21%,2,ND0228 - US 301 NB AT HYETTS CORNER,12585.1,2019-01-29 08:27:00-05,
2024-08-17 09:10:00-04,ND0228,N,44,74.53,1.74%,2,ND0228 - US 301 NB AT HYETTS CORNER,12585.1,2019-01-29 08:27:00-05,
2024-08-17 09:15:00-04,ND0228,N,42,73.27,1.76%,2,ND0228 - US 301 NB AT HYETTS CORNER,12585.1,2019-01-29 08:27:00-05,
2024-08-17 09:20:00-04,ND0228,N,44,72.31,1.84%,2,ND0228 - US 301 NB AT HYETTS CORNER,12585.1,2019-01-29 08:27:00-05,
2024-08-17 09:25:00-04,ND0228,N,54,74.32,2.17%,2,ND0228 - US 301 NB AT HYETTS CORNER,12585.1,2019-01-29 08:27:00-05,
2024-08-17 09:30:00-04,ND0228,N,42,75.69,1.75%,2,ND0228 - US 301 NB AT HYETTS CORNER,12585.1,2019-01-29 08:27:00-05,
2024-08-17 09:35:00-04,ND0228,N,47,74.21,1.71%,2,ND0228 - US 301 NB AT HYETTS CORNER,12585.1,2019-01-29 08:27:00-05,
2024-08-17 09:40:00-04,ND0228,N,45,73.73,1.77%,2,ND0228 - US 301 NB AT HYETTS CORNER,12585.1,2019-01-29 08:27:00-05,
2024-08-17 09:45:00-04,ND0228,N,55,72.29,2.56%,2,ND0228 - US 301 NB AT HYETTS CORNER,12585.1,2019-01-29 08:27:00-05,
2024-08-17 09:50:00-04,ND0228,N,58,75.89,2.17%,2,ND0228 - US 301 NB AT HYETTS CORNER,12585.1,2019-01-29 08:27:00-05,
2024-08-17 09:55:00-04,ND0228,N,42,75.12,2.15%,2,ND0228 - US 301 NB AT HYETTS CORNER,12585.1,2019-01-29 08:27:00-05,
2024-08-17 10:00:00-04,ND0228,N,56,76.82,2.15%,2,ND0228 - US 301 NB AT HYETTS CORNER,12585.1,2019-01-29 08:27:00-05,
2024-08-17 10:05:00-04,ND0228,N,54,75.47,2.32%,2,ND0228 - US 301 NB AT HYETTS CORNER,12585.1,2019-01-29 08:27:00-05,
2024-08-17 10:10:00-04,ND0228,N,54,76.48,2.15%,2,ND0228 - US 301 NB AT HYETTS CORNER,12585.1,2019-01-29 08:27:00-05,
2024-08-17 10:15:00-04,ND0228,N,55,76.01,2.18%,2,ND0228 - US 301 NB AT HYETTS CORNER,12585.1,2019-01-29 08:27:00-05,
2024-08-17 10:20:00-04,ND0228,N,42,75.48,1.76%,2,ND0228 - US 301 NB AT HYETTS CORNER,12585.1,2019-01-29 08:27:00-05,
2024-08-17 10:25:00-04,ND0228,N,60,78.28,2.08%,2,ND0228 - US 301 NB AT HYETTS CORNER,12585.1,2019-01-29 08:27:00-05,
2024-08-17 10:30:00-04,ND0228,N,81,77.03,2.98%,2,ND0228 - US 301 NB AT HYETTS CORNER,12585.1,2019-01-29 08:27:00-05,
2024-08-17 10:35:00-04,ND0228,N,69,74.97,2.59%,2,ND0228 - US 301 NB AT HYETTS CORNER,12585.1,2019-01-29 08:27:00-05,
2024-08-17 10:40:00-04,ND0228,N,90,73.32,3.53%,2,ND0228 - US 301 NB AT HYETTS CORNER,12585.1,2019-01-29 08:27:00-05,
2024-08-17 10:45:00-04,ND0228,N,86,76.55,3.22%,2,ND0228 - US 301 NB AT HYETTS CORNER,12585.1,2019-01-29 08:27:00-05,
2024-08-17 10:50:00-04,ND0228,N,87,75.05,3.22%,2,ND0228 - US 301 NB AT HYETTS CORNER,12585.1,2019-01-29 08:27:00-05,
2024-08-17 10:55:00-04,ND0228,N,84,75.31,3.25%,2,ND0228 - US 301 NB AT HYETTS CORNER,12585.1,2019-01-29 08:27:00-05,
2024-08-17 11:00:00-04,ND0228,N,91,76.73,3.31%,2,ND0228 - US 301 NB AT HYETTS CORNER,12585.1,2019-01-29 08:27:00-05,
2024-08-17 11:05:00-04,ND0228,N,86,74.28,3.28%,2,ND0228 - US 301 NB AT HYETTS CORNER,12585.1,2019-01-29 08:27:00-05,
2024-08-17 11:10:00-04,ND0228,N,103,74.79,3.83%,2,ND0228 - US 301 NB AT HYETTS CORNER,12585.1,2019-01-29 08:27:00-05,
2024-08-17 11:15:00-04,ND0228,N,61,74.62,2.33%,2,ND0228 - US 301 NB AT HYETTS CORNER,12585.1,2019-01-29 08:27:00-05,
2024-08-17 11:20:00-04,ND0228,N,101,77.16,3.63%,2,ND0228 - US 301 NB AT HYETTS CORNER,12585.1,2019-01-29 08:27:00-05,
2024-08-17 11:25:00-04,ND0228,N,105,73.72,3.98%,2,ND0228 - US 301 NB AT HYETTS CORNER,12585.1,2019-01-29 08:27:00-05,
2024-08-17 11:30:00-04,ND0228,N,103,70.27,4.27%,2,ND0228 - US 301 NB AT HYETTS CORNER,12585.1,2019-01-29 08:27:00-05,
2024-08-17 11:35:00-04,ND0228,N,96,73.24,3.72%,2,ND0228 - US 301 NB AT HYETTS CORNER,12585.1,2019-01-29 08:27:00-05,
2024-08-17 11:40:00-04,ND0228,N,90,72.34,3.42%,2,ND0228 - US 301 NB AT HYETTS CORNER,12585.1,2019-01-29 08:27:00-05,
2024-08-17 11:45:00-04,ND0228,N,92,74.21,3.31%,2,ND0228 - US 301 NB AT HYETTS CORNER,12585.1,2019-01-29 08:27:00-05,
2024-08-17 11:50:00-04,ND0228,N,109,74.49,4.22%,2,ND0228 - US 301 NB AT HYETTS CORNER,12585.1,2019-01-29 08:27:00-05,
2024-08-17 11:55:00-04,ND0228,N,104,75.30,3.89%,2,ND0228 - US 301 NB AT HYETTS CORNER,12585.1,2019-01-29 08:27:00-05,
2024-08-17 12:00:00-04,ND0228,N,104,70.57,7.70%,2,ND0228 - US 301 NB AT HYETTS CORNER,12585.1,2019-01-29 08:27:00-05,
2024-08-17 12:05:00-04,ND0228,N,94,68.06,5.04%,2,ND0228 - US 301 NB AT HYETTS CORNER,12585.1,2019-01-29 08:27:00-05,
2024-08-17 12:10:00-04,ND0228,N,90,73.30,3.78%,2,ND0228 - US 301 NB AT HYETTS CORNER,12585.1,2019-01-29 08:27:00-05,
2024-08-17 12:15:00-04,ND0228,N,96,73.26,3.62%,2,ND0228 - US 301 NB AT HYETTS CORNER,12585.1,2019-01-29 08:27:00-05,
2024-08-17 12:20:00-04,ND0228,N,93,73.74,3.42%,2,ND0228 - US 301 NB AT HYETTS CORNER,12585.1,2019-01-29 08:27:00-05,
2024-08-17 12:25:00-04,ND0228,N,93,74.58,3.42%,2,ND0228 - US 301 NB AT HYETTS CORNER,12585.1,2019-01-29 08:27:00-05,
2024-08-17 12:30:00-04,ND0228,N,87,72.58,3.35%,2,ND0228 - US 301 NB AT HYETTS CORNER,12585.1,2019-01-29 08:27:00-05,
2024-08-17 12:35:00-04,ND0228,N,74,75.94,2.77%,2,ND0228 - US 301 NB AT HYETTS CORNER,12585.1,2019-01-29 08:27:00-05,
2024-08-17 12:40:00-04,ND0228,N,74,76.37,2.89%,2,ND0228 - US 301 NB AT HYETTS CORNER,12585.1,2019-01-29 08:27:00-05,
2024-08-17 12:45:00-04,ND0228,N,73,74.85,2.83%,2,ND0228 - US 301 NB AT HYETTS CORNER,12585.1,2019-01-29 08:27:00-05,
2024-08-17 12:50:00-04,ND0228,N,73,76.67,2.86%,2,ND0228 - US 301 NB AT HYETTS CORNER,12585.1,2019-01-29 08:27:00-05,
2024-08-17 12:55:00-04,ND0228,N,71,75.71,2.89%,2,ND0228 - US 301 NB AT HYETTS CORNER,12585.1,2019-01-29 08:27:00-05,
2024-08-17 13:00:00-04,ND0228,N,81,76.55,2.84%,2,ND0228 - US 301 NB AT HYETTS CORNER,12585.1,2019-01-29 08:27:00-05,
2024-08-17 13:05:00-04,ND0228,N,87,75.88,3.35%,2,ND0228 - US 301 NB AT HYETTS CORNER,12585.1,2019-01-29 08:27:00-05,
2024-08-17 13:10:00-04,ND0228,N,71,75.54,2.63%,2,ND0228 - US 301 NB AT HYETTS CORNER,12585.1,2019-01-29 08:27:00-05,
2024-08-17 13:15:00-04,ND0228,N,67,76.04,2.68%,2,ND0228 - US 301 NB AT HYETTS CORNER,12585.1,2019-01-29 08:27:00-05,
2024-08-17 13:20:00-04,ND0228,N,73,75.13,2.78%,2,ND0228 - US 301 NB AT HYETTS CORNER,12585.1,2019-01-29 08:27:00-05,
2024-08-17 13:25:00-04,ND0228,N,57,75.97,2.14%,2,ND0228 - US 301 NB AT HYETTS CORNER,12585.1,2019-01-29 08:27:00-05,
2024-08-17 13:30:00-04,ND0228,N,82,76.83,3.00%,2,ND0228 - US 301 NB AT HYETTS CORNER,12585.1,2019-01-29 08:27:00-05,
2024-08-17 13:35:00-04,ND0228,N,69,76.48,2.51%,2,ND0228 - US 301 NB AT HYETTS CORNER,12585.1,2019-01-29 08:27:00-05,
2024-08-17 13:40:00-04,ND0228,N,78,77.29,3.27%,2,ND0228 - US 301 NB AT HYETTS CORNER,12585.1,2019-01-29 08:27:00-05,
2024-08-17 13:45:00-04,ND0228,N,85,76.52,3.31%,2,ND0228 - US 301 NB AT HYETTS CORNER,12585.1,2019-01-29 08:27:00-05,
2024-08-17 13:50:00-04,ND0228,N,98,75.30,3.93%,2,ND0228 - US 301 NB AT HYETTS CORNER,12585.1,2019-01-29 08:27:00-05,
2024-08-17 13:55:00-04,ND0228,N,72,75.10,2.67%,2,ND0228 - US 301 NB AT HYETTS CORNER,12585.1,2019-01-29 08:27:00-05,
2024-08-17 14:00:00-04,ND0228,N,79,75.74,3.10%,2,ND0228 - US 301 NB AT HYETTS CORNER,12585.1,2019-01-29 08:27:00-05,
2024-08-17 14:05:00-04,ND0228,N,92,77.14,3.45%,2,ND0228 - US 301 NB AT HYETTS CORNER,12585.1,2019-01-29 08:27:00-05,
2024-08-17 14:10:00-04,ND0228,N,85,76.19,3.27%,2,ND0228 - US 301 NB AT HYETTS CORNER,12585.1,2019-01-29 08:27:00-05,
2024-08-17 14:15:00-04,ND0228,N,64,75.67,2.38%,2,ND0228 - US 301 NB AT HYETTS CORNER,12585.1,2019-01-29 08:27:00-05,
2024-08-17 14:20:00-04,ND0228,N,76,76.09,2.90%,2,ND0228 - US 301 NB AT HYETTS CORNER,12585.1,2019-01-29 08:27:00-05,
2024-08-17 14:25:00-04,ND0228,N,72,76.26,2.87%,2,ND0228 - US 301 NB AT HYETTS CORNER,12585.1,2019-01-29 08:27:00-05,
2024-08-17 14:30:00-04,ND0228,N,60,73.83,2.33%,2,ND0228 - US 301 NB AT HYETTS CORNER,12585.1,2019-01-29 08:27:00-05,
2024-08-17 14:35:00-04,ND0228,N,55,75.96,2.04%,2,ND0228 - US 301 NB AT HYETTS CORNER,12585.1,2019-01-29 08:27:00-05,
2024-08-17 14:40:00-04,ND0228,N,88,76.29,3.39%,2,ND0228 - US 301 NB AT HYETTS CORNER,12585.1,2019-01-29 08:27:00-05,
2024-08-17 14:45:00-04,ND0228,N,62,76.60,2.21%,2,ND0228 - US 301 NB AT HYETTS CORNER,12585.1,2019-01-29 08:27:00-05,
2024-08-17 14:50:00-04,ND0228,N,54,74.60,2.05%,2,ND0228 - US 301 NB AT HYETTS CORNER,12585.1,2019-01-29 08:27:00-05,
2024-08-17 14:55:00-04,ND0228,N,50,75.99,1.75%,2,ND0228 - US 301 NB AT HYETTS CORNER,12585.1,2019-01-29 08:27:00-05,
2024-08-17 15:00:00-04,ND0228,N,69,75.09,2.68%,2,ND0228 - US 301 NB AT HYETTS CORNER,12585.1,2019-01-29 08:27:00-05,
2024-08-17 15:05:00-04,ND0228,N,56,75.34,2.10%,2,ND0228 - US 301 NB AT HYETTS CORNER,12585.1,2019-01-29 08:27:00-05,
2024-08-17 15:10:00-04,ND0228,N,56,77.80,2.42%,2,ND0228 - US 301 NB AT HYETTS CORNER,12585.1,2019-01-29 08:27:00-05,
2024-08-17 15:15:00-04,ND0228,N,35,75.73,1.45%,2,ND0228 - US 301 NB AT HYETTS CORNER,12585.1,2019-01-29 08:27:00-05,
2024-08-17 15:20:00-04,ND0228,N,52,76.89,1.98%,2,ND0228 - US 301 NB AT HYETTS CORNER,12585.1,2019-01-29 08:27:00-05,
2024-08-17 15:25:00-04,ND0228,N,39,77.89,1.45%,2,ND0228 - US 301 NB AT HYETTS CORNER,12585.1,2019-01-29 08:27:00-05,
2024-08-17 15:30:00-04,ND0228,N,45,77.53,1.79%,2,ND0228 - US 301 NB AT HYETTS CORNER,12585.1,2019-01-29 08:27:00-05,
2024-08-17 15:35:00-04,ND0228,N,50,73.97,1.95%,2,ND0228 - US 301 NB AT HYETTS CORNER,12585.1,2019-01-29 08:27:00-05,
2024-08-17 15:40:00-04,ND0228,N,44,75.87,1.63%,2,ND0228 - US 301 NB AT HYETTS CORNER,12585.1,2019-01-29 08:27:00-05,
2024-08-17 15:45:00-04,ND0228,N,48,75.96,1.95%,2,ND0228 - US 301 NB AT HYETTS CORNER,12585.1,2019-01-29 08:27:00-05,
2024-08-17 15:50:00-04,ND0228,N,49,73.30,1.86%,2,ND0228 - US 301 NB AT HYETTS CORNER,12585.1,2019-01-29 08:27:00-05,
2024-08-17 15:55:00-04,ND0228,N,37,73.56,1.73%,2,ND0228 - US 301 NB AT HYETTS CORNER,12585.1,2019-01-29 08:27:00-05,
2024-08-17 16:00:00-04,ND0228,N,36,74.88,1.38%,2,ND0228 - US 301 NB AT HYETTS CORNER,12585.1,2019-01-29 08:27:00-05,
2024-08-17 16:05:00-04,ND0228,N,45,74.32,1.76%,2,ND0228 - US 301 NB AT HYETTS CORNER,12585.1,2019-01-29 08:27:00-05,
2024-08-17 16:10:00-04,ND0228,N,51,75.88,2.08%,2,ND0228 - US 301 NB AT HYETTS CORNER,12585.1,2019-01-29 08:27:00-05,
2024-08-17 16:15:00-04,ND0228,N,51,75.85,1.96%,2,ND0228 - US 301 NB AT HYETTS CORNER,12585.1,2019-01-29 08:27:00-05,
2024-08-17 16:20:00-04,ND0228,N,49,76.40,1.93%,2,ND0228 - US 301 NB AT HYETTS CORNER,12585.1,2019-01-29 08:27:00-05,
2024-08-17 16:25:00-04,ND0228,N,60,75.63,2.50%,2,ND0228 - US 301 NB AT HYETTS CORNER,12585.1,2019-01-29 08:27:00-05,
2024-08-17 16:30:00-04,ND0228,N,44,73.45,1.80%,2,ND0228 - US 301 NB AT HYETTS CORNER,12585.1,2019-01-29 08:27:00-05,
2024-08-17 16:35:00-04,ND0228,N,56,74.00,2.26%,2,ND0228 - US 301 NB AT HYETTS CORNER,12585.1,2019-01-29 08:27:00-05,
2024-08-17 16:40:00-04,ND0228,N,66,76.48,2.46%,2,ND0228 - US 301 NB AT HYETTS CORNER,12585.1,2019-01-29 08:27:00-05,
2024-08-17 16:45:00-04,ND0228,N,44,74.14,2.04%,2,ND0228 - US 301 NB AT HYETTS CORNER,12585.1,2019-01-29 08:27:00-05,
2024-08-17 16:50:00-04,ND0228,N,36,74.74,1.44%,2,ND0228 - US 301 NB AT HYETTS CORNER,12585.1,2019-01-29 08:27:00-05,
2024-08-17 16:55:00-04,ND0228,N,34,74.67,1.43%,2,ND0228 - US 301 NB AT HYETTS CORNER,12585.1,2019-01-29 08:27:00-05,
2024-08-17 17:00:00-04,ND0228,N,45,76.17,1.86%,2,ND0228 - US 301 NB AT HYETTS CORNER,12585.1,2019-01-29 08:27:00-05,
2024-08-17 17:05:00-04,ND0228,N,29,77.31,1.14%,2,ND0228 - US 301 NB AT HYETTS CORNER,12585.1,2019-01-29 08:27:00-05,
2024-08-17 17:10:00-04,ND0228,N,48,76.82,2.07%,2,ND0228 - US 301 NB AT HYETTS CORNER,12585.1,2019-01-29 08:27:00-05,
2024-08-17 17:15:00-04,ND0228,N,53,76.31,2.09%,2,ND0228 - US 301 NB AT HYETTS CORNER,12585.1,2019-01-29 08:27:00-05,
2024-08-17 17:20:00-04,ND0228,N,42,75.82,1.57%,2,ND0228 - US 301 NB AT HYETTS CORNER,12585.1,2019-01-29 08:27:00-05,
2024-08-17 17:25:00-04,ND0228,N,50,74.72,2.08%,2,ND0228 - US 301 NB AT HYETTS CORNER,12585.1,2019-01-29 08:27:00-05,
2024-08-17 17:30:00-04,ND0228,N,49,77.00,1.83%,2,ND0228 - US 301 NB AT HYETTS CORNER,12585.1,2019-01-29 08:27:00-05,
2024-08-17 17:35:00-04,ND0228,N,46,76.56,1.61%,2,ND0228 - US 301 NB AT HYETTS CORNER,12585.1,2019-01-29 08:27:00-05,
2024-08-17 17:40:00-04,ND0228,N,65,76.43,2.61%,2,ND0228 - US 301 NB AT HYETTS CORNER,12585.1,2019-01-29 08:27:00-05,
2024-08-17 17:45:00-04,ND0228,N,40,76.21,1.52%,2,ND0228 - US 301 NB AT HYETTS CORNER,12585.1,2019-01-29 08:27:00-05,
2024-08-17 17:50:00-04,ND0228,N,60,76.86,2.43%,2,ND0228 - US 301 NB AT HYETTS CORNER,12585.1,2019-01-29 08:27:00-05,
2024-08-17 17:55:00-04,ND0228,N,46,75.52,1.85%,2,ND0228 - US 301 NB AT HYETTS CORNER,12585.1,2019-01-29 08:27:00-05,
2024-08-17 18:00:00-04,ND0228,N,49,75.62,1.95%,2,ND0228 - US 301 NB AT HYETTS CORNER,12585.1,2019-01-29 08:27:00-05,
2024-08-17 18:05:00-04,ND0228,N,71,77.79,2.70%,2,ND0228 - US 301 NB AT HYETTS CORNER,12585.1,2019-01-29 08:27:00-05,
2024-08-17 18:10:00-04,ND0228,N,61,75.98,2.42%,2,ND0228 - US 301 NB AT HYETTS CORNER,12585.1,2019-01-29 08:27:00-05,
2024-08-17 18:15:00-04,ND0228,N,58,76.46,2.20%,2,ND0228 - US 301 NB AT HYETTS CORNER,12585.1,2019-01-29 08:27:00-05,
2024-08-17 18:20:00-04,ND0228,N,57,76.03,2.22%,2,ND0228 - US 301 NB AT HYETTS CORNER,12585.1,2019-01-29 08:27:00-05,
2024-08-17 18:25:00-04,ND0228,N,47,76.23,1.83%,2,ND0228 - US 301 NB AT HYETTS CORNER,12585.1,2019-01-29 08:27:00-05,
2024-08-17 18:30:00-04,ND0228,N,44,74.66,2.00%,2,ND0228 - US 301 NB AT HYETTS CORNER,12585.1,2019-01-29 08:27:00-05,
2024-08-17 18:35:00-04,ND0228,N,69,76.60,2.94%,2,ND0228 - US 301 NB AT HYETTS CORNER,12585.1,2019-01-29 08:27:00-05,
2024-08-17 18:40:00-04,ND0228,N,53,77.72,1.88%,2,ND0228 - US 301 NB AT HYETTS CORNER,12585.1,2019-01-29 08:27:00-05,
2024-08-17 18:45:00-04,ND0228,N,58,76.09,2.10%,2,ND0228 - US 301 NB AT HYETTS CORNER,12585.1,2019-01-29 08:27:00-05,
2024-08-17 18:50:00-04,ND0228,N,44,77.72,1.77%,2,ND0228 - US 301 NB AT HYETTS CORNER,12585.1,2019-01-29 08:27:00-05,
2024-08-17 18:55:00-04,ND0228,N,50,77.55,1.85%,2,ND0228 - US 301 NB AT HYETTS CORNER,12585.1,2019-01-29 08:27:00-05,
2024-08-17 19:00:00-04,ND0228,N,54,78.06,1.90%,2,ND0228 - US 301 NB AT HYETTS CORNER,12585.1,2019-01-29 08:27:00-05,
2024-08-17 19:05:00-04,ND0228,N,53,77.32,2.05%,2,ND0228 - US 301 NB AT HYETTS CORNER,12585.1,2019-01-29 08:27:00-05,
2024-08-17 19:10:00-04,ND0228,N,35,73.76,1.33%,2,ND0228 - US 301 NB AT HYETTS CORNER,12585.1,2019-01-29 08:27:00-05,
2024-08-17 19:15:00-04,ND0228,N,52,77.75,1.80%,2,ND0228 - US 301 NB AT HYETTS CORNER,12585.1,2019-01-29 08:27:00-05,
2024-08-17 19:20:00-04,ND0228,N,25,77.51,0.88%,2,ND0228 - US 301 NB AT HYETTS CORNER,12585.1,2019-01-29 08:27:00-05,
2024-08-17 19:25:00-04,ND0228,N,42,78.53,1.76%,2,ND0228 - US 301 NB AT HYETTS CORNER,12585.1,2019-01-29 08:27:00-05,
2024-08-17 19:30:00-04,ND0228,N,45,75.83,1.76%,2,ND0228 - US 301 NB AT HYETTS CORNER,12585.1,2019-01-29 08:27:00-05,
2024-08-17 19:35:00-04,ND0228,N,51,77.49,1.84%,2,ND0228 - US 301 NB AT HYETTS CORNER,12585.1,2019-01-29 08:27:00-05,
2024-08-17 19:40:00-04,ND0228,N,34,80.46,1.41%,2,ND0228 - US 301 NB AT HYETTS CORNER,12585.1,2019-01-29 08:27:00-05,
2024-08-17 19:45:00-04,ND0228,N,34,76.99,1.21%,2,ND0228 - US 301 NB AT HYETTS CORNER,12585.1,2019-01-29 08:27:00-05,
2024-08-17 19:50:00-04,ND0228,N,32,73.79,1.26%,2,ND0228 - US 301 NB AT HYETTS CORNER,12585.1,2019-01-29 08:27:00-05,
2024-08-17 19:55:00-04,ND0228,N,36,78.58,1.27%,2,ND0228 - US 301 NB AT HYETTS CORNER,12585.1,2019-01-29 08:27:00-05,
2024-08-17 20:00:00-04,ND0228,N,43,78.05,1.71%,2,ND0228 - US 301 NB AT HYETTS CORNER,12585.1,2019-01-29 08:27:00-05,
2024-08-17 20:05:00-04,ND0228,N,29,76.14,1.00%,2,ND0228 - US 301 NB AT HYETTS CORNER,12585.1,2019-01-29 08:27:00-05,
2024-08-17 20:10:00-04,ND0228,N,56,72.52,2.15%,2,ND0228 - US 301 NB AT HYETTS CORNER,12585.1,2019-01-29 08:27:00-05,
2024-08-17 20:15:00-04,ND0228,N,51,74.76,1.95%,2,ND0228 - US 301 NB AT HYETTS CORNER,12585.1,2019-01-29 08:27:00-05,
2024-08-17 20:20:00-04,ND0228,N,49,73.89,1.83%,2,ND0228 - US 301 NB AT HYETTS CORNER,12585.1,2019-01-29 08:27:00-05,
2024-08-17 20:25:00-04,ND0228,N,46,77.15,1.71%,2,ND0228 - US 301 NB AT HYETTS CORNER,12585.1,2019-01-29 08:27:00-05,
2024-08-17 20:30:00-04,ND0228,N,44,74.80,1.59%,2,ND0228 - US 301 NB AT HYETTS CORNER,12585.1,2019-01-29 08:27:00-05,
2024-08-17 20:35:00-04,ND0228,N,48,71.85,1.80%,2,ND0228 - US 301 NB AT HYETTS CORNER,12585.1,2019-01-29 08:27:00-05,
2024-08-17 20:40:00-04,ND0228,N,53,73.37,2.03%,2,ND0228 - US 301 NB AT HYETTS CORNER,12585.1,2019-01-29 08:27:00-05,
2024-08-17 20:45:00-04,ND0228,N,57,72.51,2.29%,2,ND0228 - US 301 NB AT HYETTS CORNER,12585.1,2019-01-29 08:27:00-05,
2024-08-17 20:50:00-04,ND0228,N,46,73.13,1.78%,2,ND0228 - US 301 NB AT HYETTS CORNER,12585.1,2019-01-29 08:27:00-05,
2024-08-17 20:55:00-04,ND0228,N,47,72.46,2.11%,2,ND0228 - US 301 NB AT HYETTS CORNER,12585.1,2019-01-29 08:27:00-05,
2024-08-17 21:00:00-04,ND0228,N,53,74.32,2.05%,2,ND0228 - US 301 NB AT HYETTS CORNER,12585.1,2019-01-29 08:27:00-05,
2024-08-17 21:05:00-04,ND0228,N,39,73.44,1.47%,2,ND0228 - US 301 NB AT HYETTS CORNER,12585.1,2019-01-29 08:27:00-05,
2024-08-17 21:10:00-04,ND0228,N,51,72.51,2.27%,2,ND0228 - US 301 NB AT HYETTS CORNER,12585.1,2019-01-29 08:27:00-05,
2024-08-17 21:15:00-04,ND0228,N,46,72.42,1.91%,2,ND0228 - US 301 NB AT HYETTS CORNER,12585.1,2019-01-29 08:27:00-05,
2024-08-17 21:20:00-04,ND0228,N,42,74.04,1.75%,2,ND0228 - US 301 NB AT HYETTS CORNER,12585.1,2019-01-29 08:27:00-05,
2024-08-17 21:25:00-04,ND0228,N,34,70.51,1.74%,2,ND0228 - US 301 NB AT HYETTS CORNER,12585.1,2019-01-29 08:27:00-05,
2024-08-17 21:30:00-04,ND0228,N,28,71.41,1.21%,2,ND0228 - US 301 NB AT HYETTS CORNER,12585.1,2019-01-29 08:27:00-05,
2024-08-17 21:35:00-04,ND0228,N,33,70.57,1.25%,2,ND0228 - US 301 NB AT HYETTS CORNER,12585.1,2019-01-29 08:27:00-05,
2024-08-17 21:40:00-04,ND0228,N,31,70.70,2.08%,2,ND0228 - US 301 NB AT HYETTS CORNER,12585.1,2019-01-29 08:27:00-05,
2024-08-17 21:45:00-04,ND0228,N,41,72.69,1.88%,2,ND0228 - US 301 NB AT HYETTS CORNER,12585.1,2019-01-29 08:27:00-05,
2024-08-17 21:50:00-04,ND0228,N,34,72.27,1.37%,2,ND0228 - US 301 NB AT HYETTS CORNER,12585.1,2019-01-29 08:27:00-05,
2024-08-17 21:55:00-04,ND0228,N,18,75.69,0.87%,2,ND0228 - US 301 NB AT HYETTS CORNER,12585.1,2019-01-29 08:27:00-05,
2024-08-17 22:00:00-04,ND0228,N,29,67.79,1.36%,2,ND0228 - US 301 NB AT HYETTS CORNER,12585.1,2019-01-29 08:27:00-05,
2024-08-17 22:05:00-04,ND0228,N,22,72.52,0.93%,2,ND0228 - US 301 NB AT HYETTS CORNER,12585.1,2019-01-29 08:27:00-05,
2024-08-17 22:10:00-04,ND0228,N,28,72.41,1.51%,2,ND0228 - US 301 NB AT HYETTS CORNER,12585.1,2019-01-29 08:27:00-05,
2024-08-17 22:15:00-04,ND0228,N,27,71.94,1.37%,2,ND0228 - US 301 NB AT HYETTS CORNER,12585.1,2019-01-29 08:27:00-05,
2024-08-17 22:20:00-04,ND0228,N,19,70.40,0.99%,2,ND0228 - US 301 NB AT HYETTS CORNER,12585.1,2019-01-29 08:27:00-05,
2024-08-17 22:25:00-04,ND0228,N,37,72.36,2.14%,2,ND0228 - US 301 NB AT HYETTS CORNER,12585.1,2019-01-29 08:27:00-05,
2024-08-17 22:30:00-04,ND0228,N,19,69.53,0.95%,2,ND0228 - US 301 NB AT HYETTS CORNER,12585.1,2019-01-29 08:27:00-05,
2024-08-17 22:35:00-04,ND0228,N,18,71.25,0.90%,2,ND0228 - US 301 NB AT HYETTS CORNER,12585.1,2019-01-29 08:27:00-05,
2024-08-17 22:40:00-04,ND0228,N,24,73.85,1.46%,2,ND0228 - US 301 NB AT HYETTS CORNER,12585.1,2019-01-29 08:27:00-05,
2024-08-17 22:45:00-04,ND0228,N,16,72.17,0.88%,2,ND0228 - US 301 NB AT HYETTS CORNER,12585.1,2019-01-29 08:27:00-05,
2024-08-17 22:50:00-04,ND0228,N,19,72.09,1.05%,2,ND0228 - US 301 NB AT HYETTS CORNER,12585.1,2019-01-29 08:27:00-05,
2024-08-17 22:55:00-04,ND0228,N,15,70.23,0.98%,2,ND0228 - US 301 NB AT HYETTS CORNER,12585.1,2019-01-29 08:27:00-05,
2024-08-17 23:00:00-04,ND0228,N,17,67.88,1.48%,2,ND0228 - US 301 NB AT HYETTS CORNER,12585.1,2019-01-29 08:27:00-05,
2024-08-17 23:05:00-04,ND0228,N,6,73.24,0.43%,1,ND0228 - US 301 NB AT HYETTS CORNER,12585.1,2019-01-29 08:27:00-05,
2024-08-17 23:10:00-04,ND0228,N,9,73.65,0.39%,2,ND0228 - US 301 NB AT HYETTS CORNER,12585.1,2019-01-29 08:27:00-05,
2024-08-17 23:15:00-04,ND0228,N,8,70.25,0.63%,2,ND0228 - US 301 NB AT HYETTS CORNER,12585.1,2019-01-29 08:27:00-05,
2024-08-17 23:20:00-04,ND0228,N,10,73.25,0.54%,2,ND0228 - US 301 NB AT HYETTS CORNER,12585.1,2019-01-29 08:27:00-05,
2024-08-17 23:25:00-04,ND0228,N,7,76.04,0.35%,2,ND0228 - US 301 NB AT HYETTS CORNER,12585.1,2019-01-29 08:27:00-05,
2024-08-17 23:30:00-04,ND0228,N,15,70.26,0.63%,2,ND0228 - US 301 NB AT HYETTS CORNER,12585.1,2019-01-29 08:27:00-05,
2024-08-17 23:35:00-04,ND0228,N,13,70.01,0.76%,2,ND0228 - US 301 NB AT HYETTS CORNER,12585.1,2019-01-29 08:27:00-05,
2024-08-17 23:40:00-04,ND0228,N,8,71.24,0.29%,2,ND0228 - US 301 NB AT HYETTS CORNER,12585.1,2019-01-29 08:27:00-05,
2024-08-17 23:45:00-04,ND0228,N,9,73.18,0.50%,2,ND0228 - US 301 NB AT HYETTS CORNER,12585.1,2019-01-29 08:27:00-05,
2024-08-17 23:50:00-04,ND0228,N,13,71.57,0.63%,2,ND0228 - US 301 NB AT HYETTS CORNER,12585.1,2019-01-29 08:27:00-05,
2024-08-17 23:55:00-04,ND0228,N,9,72.04,0.43%,2,ND0228 - US 301 NB AT HYETTS CORNER,12585.1,2019-01-29 08:27:00-05,
2024-08-18 00:00:00-04,ND0228,N,7,64.90,0.75%,1,ND0228 - US 301 NB AT HYETTS CORNER,12585.1,2019-01-29 08:27:00-05,
2024-08-18 00:05:00-04,ND0228,N,16,64.48,1.19%,2,ND0228 - US 301 NB AT HYETTS CORNER,12585.1,2019-01-29 08:27:00-05,
2024-08-18 00:10:00-04,ND0228,N,6,64.62,0.35%,2,ND0228 - US 301 NB AT HYETTS CORNER,12585.1,2019-01-29 08:27:00-05,
2024-08-18 00:15:00-04,ND0228,N,10,68.48,0.52%,2,ND0228 - US 301 NB AT HYETTS CORNER,12585.1,2019-01-29 08:27:00-05,
2024-08-18 00:20:00-04,ND0228,N,10,71.49,0.39%,2,ND0228 - US 301 NB AT HYETTS CORNER,12585.1,2019-01-29 08:27:00-05,
2024-08-18 00:25:00-04,ND0228,N,1,73.70,0.07%,1,ND0228 - US 301 NB AT HYETTS CORNER,12585.1,2019-01-29 08:27:00-05,
2024-08-18 00:30:00-04,ND0228,N,7,69.78,0.27%,2,ND0228 - US 301 NB AT HYETTS CORNER,12585.1,2019-01-29 08:27:00-05,
2024-08-18 00:35:00-04,ND0228,N,7,74.46,0.72%,1,ND0228 - US 301 NB AT HYETTS CORNER,12585.1,2019-01-29 08:27:00-05,
2024-08-18 00:40:00-04,ND0228,N,8,69.38,0.40%,2,ND0228 - US 301 NB AT HYETTS CORNER,12585.1,2019-01-29 08:27:00-05,
2024-08-18 00:45:00-04,ND0228,N,6,70.71,0.28%,2,ND0228 - US 301 NB AT HYETTS CORNER,12585.1,2019-01-29 08:27:00-05,
2024-08-18 00:50:00-04,ND0228,N,12,76.84,0.74%,2,ND0228 - US 301 NB AT HYETTS CORNER,12585.1,2019-01-29 08:27:00-05,
2024-08-18 00:55:00-04,ND0228,N,6,67.20,0.33%,2,ND0228 - US 301 NB AT HYETTS CORNER,12585.1,2019-01-29 08:27:00-05,
2024-08-18 01:00:00-04,ND0228,N,4,65.18,0.17%,2,ND0228 - US 301 NB AT HYETTS CORNER,12585.1,2019-01-29 08:27:00-05,
2024-08-18 01:05:00-04,ND0228,N,5,69.56,0.48%,1,ND0228 - US 301 NB AT HYETTS CORNER,12585.1,2019-01-29 08:27:00-05,
2024-08-18 01:10:00-04,ND0228,N,1,80.91,0.06%,1,ND0228 - US 301 NB AT HYETTS CORNER,12585.1,2019-01-29 08:27:00-05,
2024-08-18 01:15:00-04,ND0228,N,8,73.09,0.98%,1,ND0228 - US 301 NB AT HYETTS CORNER,12585.1,2019-01-29 08:27:00-05,
2024-08-18 01:20:00-04,ND0228,N,8,70.60,0.99%,1,ND0228 - US 301 NB AT HYETTS CORNER,12585.1,2019-01-29 08:27:00-05,
2024-08-18 01:25:00-04,ND0228,N,8,70.93,0.29%,2,ND0228 - US 301 NB AT HYETTS CORNER,12585.1,2019-01-29 08:27:00-05,
2024-08-18 01:30:00-04,ND0228,N,7,69.83,0.54%,2,ND0228 - US 301 NB AT HYETTS CORNER,12585.1,2019-01-29 08:27:00-05,
2024-08-18 01:35:00-04,ND0228,N,5,73.03,0.28%,2,ND0228 - US 301 NB AT HYETTS CORNER,12585.1,2019-01-29 08:27:00-05,
2024-08-18 01:40:00-04,ND0228,N,4,68.51,0.29%,2,ND0228 - US 301 NB AT HYETTS CORNER,12585.1,2019-01-29 08:27:00-05,
2024-08-18 01:45:00-04,ND0228,N,6,71.09,0.52%,2,ND0228 - US 301 NB AT HYETTS CORNER,12585.1,2019-01-29 08:27:00-05,
2024-08-18 01:50:00-04,ND0228,N,4,72.19,0.15%,2,ND0228 - US 301 NB AT HYETTS CORNER,12585.1,2019-01-29 08:27:00-05,
2024-08-18 01:55:00-04,ND0228,N,4,73.91,0.34%,2,ND0228 - US 301 NB AT HYETTS CORNER,12585.1,2019-01-29 08:27:00-05,
2024-08-18 02:00:00-04,ND0228,N,3,66.80,0.33%,1,ND0228 - US 301 NB AT HYETTS CORNER,12585.1,2019-01-29 08:27:00-05,
2024-08-18 02:05:00-04,ND0228,N,4,71.71,0.31%,1,ND0228 - US 301 NB AT HYETTS CORNER,12585.1,2019-01-29 08:27:00-05,
2024-08-18 02:10:00-04,ND0228,N,5,73.26,0.57%,1,ND0228 - US 301 NB AT HYETTS CORNER,12585.1,2019-01-29 08:27:00-05,
2024-08-18 02:15:00-04,ND0228,N,7,68.19,0.47%,2,ND0228 - US 301 NB AT HYETTS CORNER,12585.1,2019-01-29 08:27:00-05,
2024-08-18 02:20:00-04,ND0228,N,5,64.64,0.84%,1,ND0228 - US 301 NB AT HYETTS CORNER,12585.1,2019-01-29 08:27:00-05,
2024-08-18 02:25:00-04,ND0228,N,2,63.39,0.16%,1,ND0228 - US 301 NB AT HYETTS CORNER,12585.1,2019-01-29 08:27:00-05,
2024-08-18 02:30:00-04,ND0228,N,2,69.74,0.18%,2,ND0228 - US 301 NB AT HYETTS CORNER,12585.1,2019-01-29 08:27:00-05,
2024-08-18 02:35:00-04,ND0228,N,2,75.82,0.19%,2,ND0228 - US 301 NB AT HYETTS CORNER,12585.1,2019-01-29 08:27:00-05,
2024-08-18 02:40:00-04,ND0228,N,6,73.91,0.42%,2,ND0228 - US 301 NB AT HYETTS CORNER,12585.1,2019-01-29 08:27:00-05,
2024-08-18 02:45:00-04,ND0228,N,9,70.44,0.47%,2,ND0228 - US 301 NB AT HYETTS CORNER,12585.1,2019-01-29 08:27:00-05,
2024-08-18 02:50:00-04,ND0228,N,4,73.16,0.24%,2,ND0228 - US 301 NB AT HYETTS CORNER,12585.1,2019-01-29 08:27:00-05,
2024-08-18 02:55:00-04,ND0228,N,1,73.55,0.07%,1,ND0228 - US 301 NB AT HYETTS CORNER,12585.1,2019-01-29 08:27:00-05,
2024-08-18 03:00:00-04,ND0228,N,1,76.09,0.08%,1,ND0228 - US 301 NB AT HYETTS CORNER,12585.1,2019-01-29 08:27:00-05,
2024-08-18 03:05:00-04,ND0228,N,5,73.01,0.36%,2,ND0228 - US 301 NB AT HYETTS CORNER,12585.1,2019-01-29 08:27:00-05,
2024-08-18 03:10:00-04,ND0228,N,1,68.18,0.28%,1,ND0228 - US 301 NB AT HYETTS CORNER,12585.1,2019-01-29 08:27:00-05,
2024-08-18 03:15:00-04,ND0228,N,1,59.14,0.10%,1,ND0228 - US 301 NB AT HYETTS CORNER,12585.1,2019-01-29 08:27:00-05,
2024-08-18 03:20:00-04,ND0228,N,5,70.45,0.22%,2,ND0228 - US 301 NB AT HYETTS CORNER,12585.1,2019-01-29 08:27:00-05,
2024-08-18 03:25:00-04,ND0228,N,4,64.34,0.44%,2,ND0228 - US 301 NB AT HYETTS CORNER,12585.1,2019-01-29 08:27:00-05,
2024-08-18 03:30:00-04,ND0228,N,3,70.21,0.20%,2,ND0228 - US 301 NB AT HYETTS CORNER,12585.1,2019-01-29 08:27:00-05,
2024-08-18 03:35:00-04,ND0228,N,3,70.09,0.39%,1,ND0228 - US 301 NB AT HYETTS CORNER,12585.1,2019-01-29 08:27:00-05,
2024-08-18 03:40:00-04,ND0228,N,2,73.18,0.24%,2,ND0228 - US 301 NB AT HYETTS CORNER,12585.1,2019-01-29 08:27:00-05,
2024-08-18 03:45:00-04,ND0228,N,3,76.23,0.20%,2,ND0228 - US 301 NB AT HYETTS CORNER,12585.1,2019-01-29 08:27:00-05,
2024-08-18 03:50:00-04,ND0228,N,2,72.91,0.43%,1,ND0228 - US 301 NB AT HYETTS CORNER,12585.1,2019-01-29 08:27:00-05,
2024-08-18 03:55:00-04,ND0228,N,4,72.01,0.14%,2,ND0228 - US 301 NB AT HYETTS CORNER,12585.1,2019-01-29 08:27:00-05,
2024-08-18 04:00:00-04,ND0228,N,12,54.61,1.32%,2,ND0228 - US 301 NB AT HYETTS CORNER,12585.1,2019-01-29 08:27:00-05,
2024-08-18 04:05:00-04,ND0228,N,1,58.89,0.12%,1,ND0228 - US 301 NB AT HYETTS CORNER,12585.1,2019-01-29 08:27:00-05,
2024-08-18 04:10:00-04,ND0228,N,9,61.34,2.19%,2,ND0228 - US 301 NB AT HYETTS CORNER,12585.1,2019-01-29 08:27:00-05,
2024-08-18 04:15:00-04,ND0228,N,4,67.85,0.70%,2,ND0228 - US 301 NB AT HYETTS CORNER,12585.1,2019-01-29 08:27:00-05,
2024-08-18 04:20:00-04,ND0228,N,5,64.01,0.19%,2,ND0228 - US 301 NB AT HYETTS CORNER,12585.1,2019-01-29 08:27:00-05,
2024-08-18 04:25:00-04,ND0228,N,7,70.51,0.38%,2,ND0228 - US 301 NB AT HYETTS CORNER,12585.1,2019-01-29 08:27:00-05,
2024-08-18 04:30:00-04,ND0228,N,6,65.29,0.47%,2,ND0228 - US 301 NB AT HYETTS CORNER,12585.1,2019-01-29 08:27:00-05,
2024-08-18 04:35:00-04,ND0228,N,7,66.30,0.58%,2,ND0228 - US 301 NB AT HYETTS CORNER,12585.1,2019-01-29 08:27:00-05,
2024-08-18 04:40:00-04,ND0228,N,4,62.97,0.39%,1,ND0228 - US 301 NB AT HYETTS CORNER,12585.1,2019-01-29 08:27:00-05,
2024-08-18 04:45:00-04,ND0228,N,3,67.96,0.21%,1,ND0228 - US 301 NB AT HYETTS CORNER,12585.1,2019-01-29 08:27:00-05,
2024-08-18 04:50:00-04,ND0228,N,7,70.23,0.49%,2,ND0228 - US 301 NB AT HYETTS CORNER,12585.1,2019-01-29 08:27:00-05,
2024-08-18 04:55:00-04,ND0228,N,4,70.30,0.69%,1,ND0228 - US 301 NB AT HYETTS CORNER,12585.1,2019-01-29 08:27:00-05,
2024-08-18 05:00:00-04,ND0228,N,7,71.78,0.45%,2,ND0228 - US 301 NB AT HYETTS CORNER,12585.1,2019-01-29 08:27:00-05,
2024-08-18 05:05:00-04,ND0228,N,5,71.23,0.17%,2,ND0228 - US 301 NB AT HYETTS CORNER,12585.1,2019-01-29 08:27:00-05,
2024-08-18 05:10:00-04,ND0228,N,3,75.05,0.21%,1,ND0228 - US 301 NB AT HYETTS CORNER,12585.1,2019-01-29 08:27:00-05,
2024-08-18 05:15:00-04,ND0228,N,6,72.07,0.63%,1,ND0228 - US 301 NB AT HYETTS CORNER,12585.1,2019-01-29 08:27:00-05,
2024-08-18 05:20:00-04,ND0228,N,5,71.34,0.35%,2,ND0228 - US 301 NB AT HYETTS CORNER,12585.1,2019-01-29 08:27:00-05,
2024-08-18 05:25:00-04,ND0228,N,9,72.10,0.34%,2,ND0228 - US 301 NB AT HYETTS CORNER,12585.1,2019-01-29 08:27:00-05,
2024-08-18 05:30:00-04,ND0228,N,4,65.26,0.41%,1,ND0228 - US 301 NB AT HYETTS CORNER,12585.1,2019-01-29 08:27:00-05,
2024-08-18 05:35:00-04,ND0228,N,10,70.94,0.77%,2,ND0228 - US 301 NB AT HYETTS CORNER,12585.1,2019-01-29 08:27:00-05,
2024-08-18 05:40:00-04,ND0228,N,6,69.52,0.22%,2,ND0228 - US 301 NB AT HYETTS CORNER,12585.1,2019-01-29 08:27:00-05,
2024-08-18 05:45:00-04,ND0228,N,1,66.14,0.07%,1,ND0228 - US 301 NB AT HYETTS CORNER,12585.1,2019-01-29 08:27:00-05,
2024-08-18 05:50:00-04,ND0228,N,9,68.88,0.36%,2,ND0228 - US 301 NB AT HYETTS CORNER,12585.1,2019-01-29 08:27:00-05,
2024-08-18 05:55:00-04,ND0228,N,9,72.47,1.04%,1,ND0228 - US 301 NB AT HYETTS CORNER,12585.1,2019-01-29 08:27:00-05,
2024-08-18 06:00:00-04,ND0228,N,10,74.29,0.89%,1,ND0228 - US 301 NB AT HYETTS CORNER,12585.1,2019-01-29 08:27:00-05,
2024-08-18 06:05:00-04,ND0228,N,11,78.95,0.49%,2,ND0228 - US 301 NB AT HYETTS CORNER,12585.1,2019-01-29 08:27:00-05,
2024-08-18 06:10:00-04,ND0228,N,12,71.88,0.67%,2,ND0228 - US 301 NB AT HYETTS CORNER,12585.1,2019-01-29 08:27:00-05,
2024-08-18 06:15:00-04,ND0228,N,10,80.09,0.35%,2,ND0228 - US 301 NB AT HYETTS CORNER,12585.1,2019-01-29 08:27:00-05,
2024-08-18 06:20:00-04,ND0228,N,18,74.90,0.66%,2,ND0228 - US 301 NB AT HYETTS CORNER,12585.1,2019-01-29 08:27:00-05,
2024-08-18 06:25:00-04,ND0228,N,14,76.47,0.57%,2,ND0228 - US 301 NB AT HYETTS CORNER,12585.1,2019-01-29 08:27:00-05,
2024-08-18 06:30:00-04,ND0228,N,14,76.20,0.55%,2,ND0228 - US 301 NB AT HYETTS CORNER,12585.1,2019-01-29 08:27:00-05,
2024-08-18 06:35:00-04,ND0228,N,21,74.72,0.77%,2,ND0228 - US 301 NB AT HYETTS CORNER,12585.1,2019-01-29 08:27:00-05,
2024-08-18 06:40:00-04,ND0228,N,13,77.79,0.53%,2,ND0228 - US 301 NB AT HYETTS CORNER,12585.1,2019-01-29 08:27:00-05,
2024-08-18 06:45:00-04,ND0228,N,17,77.00,0.76%,2,ND0228 - US 301 NB AT HYETTS CORNER,12585.1,2019-01-29 08:27:00-05,
2024-08-18 06:50:00-04,ND0228,N,17,79.30,0.66%,2,ND0228 - US 301 NB AT HYETTS CORNER,12585.1,2019-01-29 08:27:00-05,
2024-08-18 06:55:00-04,ND0228,N,13,77.38,0.46%,2,ND0228 - US 301 NB AT HYETTS CORNER,12585.1,2019-01-29 08:27:00-05,
2024-08-18 07:00:00-04,ND0228,N,18,79.42,0.80%,2,ND0228 - US 301 NB AT HYETTS CORNER,12585.1,2019-01-29 08:27:00-05,
2024-08-18 07:05:00-04,ND0228,N,14,74.40,0.81%,2,ND0228 - US 301 NB AT HYETTS CORNER,12585.1,2019-01-29 08:27:00-05,
2024-08-18 07:10:00-04,ND0228,N,16,77.86,0.96%,2,ND0228 - US 301 NB AT HYETTS CORNER,12585.1,2019-01-29 08:27:00-05,
2024-08-18 07:15:00-04,ND0228,N,15,75.45,0.92%,2,ND0228 - US 301 NB AT HYETTS CORNER,12585.1,2019-01-29 08:27:00-05,
2024-08-18 07:20:00-04,ND0228,N,17,75.34,0.72%,2,ND0228 - US 301 NB AT HYETTS CORNER,12585.1,2019-01-29 08:27:00-05,
2024-08-18 07:25:00-04,ND0228,N,10,78.85,0.33%,2,ND0228 - US 301 NB AT HYETTS CORNER,12585.1,2019-01-29 08:27:00-05,
2024-08-18 07:30:00-04,ND0228,N,24,74.26,0.90%,2,ND0228 - US 301 NB AT HYETTS CORNER,12585.1,2019-01-29 08:27:00-05,
2024-08-18 07:35:00-04,ND0228,N,23,77.92,0.84%,2,ND0228 - US 301 NB AT HYETTS CORNER,12585.1,2019-01-29 08:27:00-05,
2024-08-18 07:40:00-04,ND0228,N,17,75.85,0.72%,2,ND0228 - US 301 NB AT HYETTS CORNER,12585.1,2019-01-29 08:27:00-05,
2024-08-18 07:45:00-04,ND0228,N,26,78.04,1.15%,2,ND0228 - US 301 NB AT HYETTS CORNER,12585.1,2019-01-29 08:27:00-05,
2024-08-18 07:50:00-04,ND0228,N,19,73.77,1.02%,2,ND0228 - US 301 NB AT HYETTS CORNER,12585.1,2019-01-29 08:27:00-05,
2024-08-18 07:55:00-04,ND0228,N,21,76.01,1.03%,2,ND0228 - US 301 NB AT HYETTS CORNER,12585.1,2019-01-29 08:27:00-05,
2024-08-18 08:00:00-04,ND0228,N,15,78.54,0.59%,2,ND0228 - US 301 NB AT HYETTS CORNER,12585.1,2019-01-29 08:27:00-05,
2024-08-18 08:05:00-04,ND0228,N,25,74.86,0.95%,2,ND0228 - US 301 NB AT HYETTS CORNER,12585.1,2019-01-29 08:27:00-05,
2024-08-18 08:10:00-04,ND0228,N,23,69.33,1.24%,2,ND0228 - US 301 NB AT HYETTS CORNER,12585.1,2019-01-29 08:27:00-05,
2024-08-18 08:15:00-04,ND0228,N,19,73.32,0.80%,2,ND0228 - US 301 NB AT HYETTS CORNER,12585.1,2019-01-29 08:27:00-05,
2024-08-18 08:20:00-04,ND0228,N,25,74.07,1.01%,2,ND0228 - US 301 NB AT HYETTS CORNER,12585.1,2019-01-29 08:27:00-05,
2024-08-18 08:25:00-04,ND0228,N,28,75.70,1.10%,2,ND0228 - US 301 NB AT HYETTS CORNER,12585.1,2019-01-29 08:27:00-05,
2024-08-18 08:30:00-04,ND0228,N,39,76.22,1.52%,2,ND0228 - US 301 NB AT HYETTS CORNER,12585.1,2019-01-29 08:27:00-05,
2024-08-18 08:35:00-04,ND0228,N,31,77.84,1.17%,2,ND0228 - US 301 NB AT HYETTS CORNER,12585.1,2019-01-29 08:27:00-05,
2024-08-18 08:40:00-04,ND0228,N,31,76.53,1.07%,2,ND0228 - US 301 NB AT HYETTS CORNER,12585.1,2019-01-29 08:27:00-05,
2024-08-18 08:45:00-04,ND0228,N,40,75.22,1.40%,2,ND0228 - US 301 NB AT HYETTS CORNER,12585.1,2019-01-29 08:27:00-05,
2024-08-18 08:50:00-04,ND0228,N,47,77.10,1.78%,2,ND0228 - US 301 NB AT HYETTS CORNER,12585.1,2019-01-29 08:27:00-05,
2024-08-18 08:55:00-04,ND0228,N,44,76.34,1.76%,2,ND0228 - US 301 NB AT HYETTS CORNER,12585.1,2019-01-29 08:27:00-05,
2024-08-18 09:00:00-04,ND0228,N,36,74.13,1.62%,2,ND0228 - US 301 NB AT HYETTS CORNER,12585.1,2019-01-29 08:27:00-05,
2024-08-18 09:05:00-04,ND0228,N,44,74.65,2.03%,2,ND0228 - US 301 NB AT HYETTS CORNER,12585.1,2019-01-29 08:27:00-05,
2024-08-18 09:10:00-04,ND0228,N,37,74.88,1.42%,2,ND0228 - US 301 NB AT HYETTS CORNER,12585.1,2019-01-29 08:27:00-05,
2024-08-18 09:15:00-04,ND0228,N,24,76.63,1.02%,2,ND0228 - US 301 NB AT HYETTS CORNER,12585.1,2019-01-29 08:27:00-05,
2024-08-18 09:20:00-04,ND0228,N,43,74.07,1.66%,2,ND0228 - US 301 NB AT HYETTS CORNER,12585.1,2019-01-29 08:27:00-05,
2024-08-18 09:25:00-04,ND0228,N,48,75.76,1.94%,2,ND0228 - US 301 NB AT HYETTS CORNER,12585.1,2019-01-29 08:27:00-05,
2024-08-18 09:30:00-04,ND0228,N,41,75.73,1.48%,2,ND0228 - US 301 NB AT HYETTS CORNER,12585.1,2019-01-29 08:27:00-05,
2024-08-18 09:35:00-04,ND0228,N,53,75.43,1.96%,2,ND0228 - US 301 NB AT HYETTS CORNER,12585.1,2019-01-29 08:27:00-05,
2024-08-18 09:40:00-04,ND0228,N,61,75.04,2.41%,2,ND0228 - US 301 NB AT HYETTS CORNER,12585.1,2019-01-29 08:27:00-05,
2024-08-18 09:45:00-04,ND0228,N,48,75.23,1.72%,2,ND0228 - US 301 NB AT HYETTS CORNER,12585.1,2019-01-29 08:27:00-05,
2024-08-18 09:50:00-04,ND0228,N,60,77.66,2.13%,2,ND0228 - US 301 NB AT HYETTS CORNER,12585.1,2019-01-29 08:27:00-05,
2024-08-18 09:55:00-04,ND0228,N,51,76.50,1.96%,2,ND0228 - US 301 NB AT HYETTS CORNER,12585.1,2019-01-29 08:27:00-05,
2024-08-18 10:00:00-04,ND0228,N,58,75.27,2.39%,2,ND0228 - US 301 NB AT HYETTS CORNER,12585.1,2019-01-29 08:27:00-05,
2024-08-18 10:05:00-04,ND0228,N,43,77.89,1.65%,2,ND0228 - US 301 NB AT HYETTS CORNER,12585.1,2019-01-29 08:27:00-05,
2024-08-18 10:10:00-04,ND0228,N,60,77.15,2.06%,2,ND0228 - US 301 NB AT HYETTS CORNER,12585.1,2019-01-29 08:27:00-05,
2024-08-18 10:15:00-04,ND0228,N,67,75.66,2.91%,2,ND0228 - US 301 NB AT HYETTS CORNER,12585.1,2019-01-29 08:27:00-05,
2024-08-18 10:20:00-04,ND0228,N,57,76.61,2.36%,2,ND0228 - US 301 NB AT HYETTS CORNER,12585.1,2019-01-29 08:27:00-05,
2024-08-18 10:25:00-04,ND0228,N,60,75.46,2.21%,2,ND0228 - US 301 NB AT HYETTS CORNER,12585.1,2019-01-29 08:27:00-05,
2024-08-18 10:30:00-04,ND0228,N,60,76.97,2.08%,2,ND0228 - US 301 NB AT HYETTS CORNER,12585.1,2019-01-29 08:27:00-05,
2024-08-18 10:35:00-04,ND0228,N,75,76.38,2.66%,2,ND0228 - US 301 NB AT HYETTS CORNER,12585.1,2019-01-29 08:27:00-05,
2024-08-18 10:40:00-04,ND0228,N,69,75.64,2.95%,2,ND0228 - US 301 NB AT HYETTS CORNER,12585.1,2019-01-29 08:27:00-05,
2024-08-18 10:45:00-04,ND0228,N,54,76.39,2.20%,2,ND0228 - US 301 NB AT HYETTS CORNER,12585.1,2019-01-29 08:27:00-05,
2024-08-18 10:50:00-04,ND0228,N,67,76.38,2.41%,2,ND0228 - US 301 NB AT HYETTS CORNER,12585.1,2019-01-29 08:27:00-05,
2024-08-18 10:55:00-04,ND0228,N,56,74.86,2.14%,2,ND0228 - US 301 NB AT HYETTS CORNER,12585.1,2019-01-29 08:27:00-05,
2024-08-18 11:00:00-04,ND0228,N,75,75.79,2.92%,2,ND0228 - US 301 NB AT HYETTS CORNER,12585.1,2019-01-29 08:27:00-05,
2024-08-18 11:05:00-04,ND0228,N,60,74.66,2.31%,2,ND0228 - US 301 NB AT HYETTS CORNER,12585.1,2019-01-29 08:27:00-05,
2024-08-18 11:10:00-04,ND0228,N,69,74.84,2.88%,2,ND0228 - US 301 NB AT HYETTS CORNER,12585.1,2019-01-29 08:27:00-05,
2024-08-18 11:15:00-04,ND0228,N,72,76.28,2.75%,2,ND0228 - US 301 NB AT HYETTS CORNER,12585.1,2019-01-29 08:27:00-05,
2024-08-18 11:20:00-04,ND0228,N,79,75.64,3.27%,2,ND0228 - US 301 NB AT HYETTS CORNER,12585.1,2019-01-29 08:27:00-05,
2024-08-18 11:25:00-04,ND0228,N,58,75.97,2.28%,2,ND0228 - US 301 NB AT HYETTS CORNER,12585.1,2019-01-29 08:27:00-05,
2024-08-18 11:30:00-04,ND0228,N,82,76.18,3.48%,2,ND0228 - US 301 NB AT HYETTS CORNER,12585.1,2019-01-29 08:27:00-05,
2024-08-18 11:35:00-04,ND0228,N,76,75.91,3.01%,2,ND0228 - US 301 NB AT HYETTS CORNER,12585.1,2019-01-29 08:27:00-05,
2024-08-18 11:40:00-04,ND0228,N,80,75.53,3.13%,2,ND0228 - US 301 NB AT HYETTS CORNER,12585.1,2019-01-29 08:27:00-05,
2024-08-18 11:45:00-04,ND0228,N,88,76.08,3.31%,2,ND0228 - US 301 NB AT HYETTS CORNER,12585.1,2019-01-29 08:27:00-05,
2024-08-18 11:50:00-04,ND0228,N,96,75.99,3.91%,2,ND0228 - US 301 NB AT HYETTS CORNER,12585.1,2019-01-29 08:27:00-05,
2024-08-18 11:55:00-04,ND0228,N,95,76.52,3.70%,2,ND0228 - US 301 NB AT HYETTS CORNER,12585.1,2019-01-29 08:27:00-05,
2024-08-18 12:00:00-04,ND0228,N,75,76.28,2.84%,2,ND0228 - US 301 NB AT HYETTS CORNER,12585.1,2019-01-29 08:27:00-05,
2024-08-18 12:05:00-04,ND0228,N,86,75.42,3.24%,2,ND0228 - US 301 NB AT HYETTS CORNER,12585.1,2019-01-29 08:27:00-05,
2024-08-18 12:10:00-04,ND0228,N,94,75.73,3.54%,2,ND0228 - US 301 NB AT HYETTS CORNER,12585.1,2019-01-29 08:27:00-05,
2024-08-18 12:15:00-04,ND0228,N,90,76.02,3.41%,2,ND0228 - US 301 NB AT HYETTS CORNER,12585.1,2019-01-29 08:27:00-05,
2024-08-18 12:20:00-04,ND0228,N,86,76.35,3.39%,2,ND0228 - US 301 NB AT HYETTS CORNER,12585.1,2019-01-29 08:27:00-05,
2024-08-18 12:25:00-04,ND0228,N,73,78.25,2.65%,2,ND0228 - US 301 NB AT HYETTS CORNER,12585.1,2019-01-29 08:27:00-05,
2024-08-18 12:30:00-04,ND0228,N,86,77.68,3.10%,2,ND0228 - US 301 NB AT HYETTS CORNER,12585.1,2019-01-29 08:27:00-05,
2024-08-18 12:35:00-04,ND0228,N,86,75.79,3.11%,2,ND0228 - US 301 NB AT HYETTS CORNER,12585.1,2019-01-29 08:27:00-05,
2024-08-18 12:40:00-04,ND0228,N,65,77.04,2.52%,2,ND0228 - US 301 NB AT HYETTS CORNER,12585.1,2019-01-29 08:27:00-05,
2024-08-18 12:45:00-04,ND0228,N,73,77.37,2.58%,2,ND0228 - US 301 NB AT HYETTS CORNER,12585.1,2019-01-29 08:27:00-05,
2024-08-18 12:50:00-04,ND0228,N,61,78.67,2.29%,2,ND0228 - US 301 NB AT HYETTS CORNER,12585.1,2019-01-29 08:27:00-05,
2024-08-18 12:55:00-04,ND0228,N,65,75.45,2.46%,2,ND0228 - US 301 NB AT HYETTS CORNER,12585.1,2019-01-29 08:27:00-05,
2024-08-18 13:00:00-04,ND0228,N,85,77.90,3.11%,2,ND0228 - US 301 NB AT HYETTS CORNER,12585.1,2019-01-29 08:27:00-05,
2024-08-18 13:05:00-04,ND0228,N,74,75.19,3.05%,2,ND0228 - US 301 NB AT HYETTS CORNER,12585.1,2019-01-29 08:27:00-05,
2024-08-18 13:10:00-04,ND0228,N,99,76.37,3.86%,2,ND0228 - US 301 NB AT HYETTS CORNER,12585.1,2019-01-29 08:27:00-05,
2024-08-18 13:15:00-04,ND0228,N,66,75.71,2.58%,2,ND0228 - US 301 NB AT HYETTS CORNER,12585.1,2019-01-29 08:27:00-05,
2024-08-18 13:20:00-04,ND0228,N,108,77.96,3.96%,2,ND0228 - US 301 NB AT HYETTS CORNER,12585.1,2019-01-29 08:27:00-05,
2024-08-18 13:25:00-04,ND0228,N,74,77.30,2.83%,2,ND0228 - US 301 NB AT HYETTS CORNER,12585.1,2019-01-29 08:27:00-05,
2024-08-18 13:30:00-04,ND0228,N,86,76.75,3.16%,2,ND0228 - US 301 NB AT HYETTS CORNER,12585.1,2019-01-29 08:27:00-05,
2024-08-18 13:35:00-04,ND0228,N,85,77.61,3.26%,2,ND0228 - US 301 NB AT HYETTS CORNER,12585.1,2019-01-29 08:27:00-05,
2024-08-18 13:40:00-04,ND0228,N,91,75.77,3.57%,2,ND0228 - US 301 NB AT HYETTS CORNER,12585.1,2019-01-29 08:27:00-05,
2024-08-18 13:45:00-04,ND0228,N,69,76.01,2.61%,2,ND0228 - US 301 NB AT HYETTS CORNER,12585.1,2019-01-29 08:27:00-05,
2024-08-18 13:50:00-04,ND0228,N,85,77.21,3.35%,2,ND0228 - US 301 NB AT HYETTS CORNER,12585.1,2019-01-29 08:27:00-05,
2024-08-18 13:55:00-04,ND0228,N,73,76.06,3.40%,2,ND0228 - US 301 NB AT HYETTS CORNER,12585.1,2019-01-29 08:27:00-05,
2024-08-18 14:00:00-04,ND0228,N,81,73.23,3.35%,2,ND0228 - US 301 NB AT HYETTS CORNER,12585.1,2019-01-29 08:27:00-05,
2024-08-18 14:05:00-04,ND0228,N,82,77.12,3.34%,2,ND0228 - US 301 NB AT HYETTS CORNER,12585.1,2019-01-29 08:27:00-05,
2024-08-18 14:10:00-04,ND0228,N,56,76.30,2.18%,2,ND0228 - US 301 NB AT HYETTS CORNER,12585.1,2019-01-29 08:27:00-05,
2024-08-18 14:15:00-04,ND0228,N,72,74.64,2.77%,2,ND0228 - US 301 NB AT HYETTS CORNER,12585.1,2019-01-29 08:27:00-05,
2024-08-18 14:20:00-04,ND0228,N,79,75.40,3.21%,2,ND0228 - US 301 NB AT HYETTS CORNER,12585.1,2019-01-29 08:27:00-05,
2024-08-18 14:25:00-04,ND0228,N,64,74.05,2.63%,2,ND0228 - US 301 NB AT HYETTS CORNER,12585.1,2019-01-29 08:27:00-05,
2024-08-18 14:30:00-04,ND0228,N,66,75.19,2.73%,2,ND0228 - US 301 NB AT HYETTS CORNER,12585.1,2019-01-29 08:27:00-05,
2024-08-18 14:35:00-04,ND0228,N,78,76.71,2.92%,2,ND0228 - US 301 NB AT HYETTS CORNER,12585.1,2019-01-29 08:27:00-05,
2024-08-18 14:40:00-04,ND0228,N,81,70.60,3.32%,2,ND0228 - US 301 NB AT HYETTS CORNER,12585.1,2019-01-29 08:27:00-05,
2024-08-18 14:45:00-04,ND0228,N,88,72.83,3.37%,2,ND0228 - US 301 NB AT HYETTS CORNER,12585.1,2019-01-29 08:27:00-05,
2024-08-18 14:50:00-04,ND0228,N,96,74.24,3.75%,2,ND0228 - US 301 NB AT HYETTS CORNER,12585.1,2019-01-29 08:27:00-05,
2024-08-18 14:55:00-04,ND0228,N,88,76.32,3.27%,2,ND0228 - US 301 NB AT HYETTS CORNER,12585.1,2019-01-29 08:27:00-05,
2024-08-18 15:00:00-04,ND0228,N,91,73.97,3.52%,2,ND0228 - US 301 NB AT HYETTS CORNER,12585.1,2019-01-29 08:27:00-05,
2024-08-18 15:05:00-04,ND0228,N,93,76.83,3.48%,2,ND0228 - US 301 NB AT HYETTS CORNER,12585.1,2019-01-29 08:27:00-05,
2024-08-18 15:10:00-04,ND0228,N,102,74.93,3.99%,2,ND0228 - US 301 NB AT HYETTS CORNER,12585.1,2019-01-29 08:27:00-05,
2024-08-18 15:15:00-04,ND0228,N,113,74.81,3.94%,2,ND0228 - US 301 NB AT HYETTS CORNER,12585.1,2019-01-29 08:27:00-05,
2024-08-18 15:20:00-04,ND0228,N,103,71.04,4.06%,2,ND0228 - US 301 NB AT HYETTS CORNER,12585.1,2019-01-29 08:27:00-05,
2024-08-18 15:25:00-04,ND0228,N,132,71.74,5.25%,2,ND0228 - US 301 NB AT HYETTS CORNER,12585.1,2019-01-29 08:27:00-05,
2024-08-18 15:30:00-04,ND0228,N,117,72.63,4.54%,2,ND0228 - US 301 NB AT HYETTS CORNER,12585.1,2019-01-29 08:27:00-05,
2024-08-18 15:35:00-04,ND0228,N,100,72.15,4.05%,2,ND0228 - US 301 NB AT HYETTS CORNER,12585.1,2019-01-29 08:27:00-05,
2024-08-18 15:40:00-04,ND0228,N,111,75.38,4.13%,2,ND0228 - US 301 NB AT HYETTS CORNER,12585.1,2019-01-29 08:27:00-05,
2024-08-18 15:45:00-04,ND0228,N,73,75.45,2.69%,2,ND0228 - US 301 NB AT HYETTS CORNER,12585.1,2019-01-29 08:27:00-05,
2024-08-18 15:50:00-04,ND0228,N,100,74.46,4.17%,2,ND0228 - US 301 NB AT HYETTS CORNER,12585.1,2019-01-29 08:27:00-05,
2024-08-18 15:55:00-04,ND0228,N,86,79.72,3.02%,2,ND0228 - US 301 NB AT HYETTS CORNER,12585.1,2019-01-29 08:27:00-05,
2024-08-18 16:00:00-04,ND0228,N,76,76.89,2.77%,2,ND0228 - US 301 NB AT HYETTS CORNER,12585.1,2019-01-29 08:27:00-05,
2024-08-18 16:05:00-04,ND0228,N,84,78.34,3.04%,2,ND0228 - US 301 NB AT HYETTS CORNER,12585.1,2019-01-29 08:27:00-05,
2024-08-18 16:10:00-04,ND0228,N,82,76.75,3.06%,2,ND0228 - US 301 NB AT HYETTS CORNER,12585.1,2019-01-29 08:27:00-05,
2024-08-18 16:15:00-04,ND0228,N,79,76.29,3.24%,2,ND0228 - US 301 NB AT HYETTS CORNER,12585.1,2019-01-29 08:27:00-05,
2024-08-18 16:20:00-04,ND0228,N,91,76.98,3.23%,2,ND0228 - US 301 NB AT HYETTS CORNER,12585.1,2019-01-29 08:27:00-05,
2024-08-18 16:25:00-04,ND0228,N,80,76.40,3.15%,2,ND0228 - US 301 NB AT HYETTS CORNER,12585.1,2019-01-29 08:27:00-05,
2024-08-18 16:30:00-04,ND0228,N,65,76.91,2.52%,2,ND0228 - US 301 NB AT HYETTS CORNER,12585.1,2019-01-29 08:27:00-05,
2024-08-18 16:35:00-04,ND0228,N,82,75.59,2.99%,2,ND0228 - US 301 NB AT HYETTS CORNER,12585.1,2019-01-29 08:27:00-05,
2024-08-18 16:40:00-04,ND0228,N,86,77.97,3.30%,2,ND0228 - US 301 NB AT HYETTS CORNER,12585.1,2019-01-29 08:27:00-05,
2024-08-18 16:45:00-04,ND0228,N,64,77.66,2.42%,2,ND0228 - US 301 NB AT HYETTS CORNER,12585.1,2019-01-29 08:27:00-05,
2024-08-18 16:50:00-04,ND0228,N,69,76.95,3.01%,2,ND0228 - US 301 NB AT HYETTS CORNER,12585.1,2019-01-29 08:27:00-05,
2024-08-18 16:55:00-04,ND0228,N,75,76.52,3.04%,2,ND0228 - US 301 NB AT HYETTS CORNER,12585.1,2019-01-29 08:27:00-05,
2024-08-18 17:00:00-04,ND0228,N,92,72.98,3.88%,2,ND0228 - US 301 NB AT HYETTS CORNER,12585.1,2019-01-29 08:27:00-05,
2024-08-18 17:05:00-04,ND0228,N,73,75.76,2.70%,2,ND0228 - US 301 NB AT HYETTS CORNER,12585.1,2019-01-29 08:27:00-05,
2024-08-18 17:10:00-04,ND0228,N,95,77.12,3.59%,2,ND0228 - US 301 NB AT HYETTS CORNER,12585.1,2019-01-29 08:27:00-05,
2024-08-18 17:15:00-04,ND0228,N,86,76.63,3.24%,2,ND0228 - US 301 NB AT HYETTS CORNER,12585.1,2019-01-29 08:27:00-05,
2024-08-18 17:20:00-04,ND0228,N,86,76.16,3.40%,2,ND0228 - US 301 NB AT HYETTS CORNER,12585.1,2019-01-29 08:27:00-05,
2024-08-18 17:25:00-04,ND0228,N,86,75.35,3.26%,2,ND0228 - US 301 NB AT HYETTS CORNER,12585.1,2019-01-29 08:27:00-05,
2024-08-18 17:30:00-04,ND0228,N,112,74.49,4.65%,2,ND0228 - US 301 NB AT HYETTS CORNER,12585.1,2019-01-29 08:27:00-05,
2024-08-18 17:35:00-04,ND0228,N,101,74.97,3.89%,2,ND0228 - US 301 NB AT HYETTS CORNER,12585.1,2019-01-29 08:27:00-05,
2024-08-18 17:40:00-04,ND0228,N,101,72.74,4.00%,2,ND0228 - US 301 NB AT HYETTS CORNER,12585.1,2019-01-29 08:27:00-05,
2024-08-18 17:45:00-04,ND0228,N,84,69.96,4.04%,2,ND0228 - US 301 NB AT HYETTS CORNER,12585.1,2019-01-29 08:27:00-05,
2024-08-18 17:50:00-04,ND0228,N,79,73.95,3.09%,2,ND0228 - US 301 NB AT HYETTS CORNER,12585.1,2019-01-29 08:27:00-05,
2024-08-18 17:55:00-04,ND0228,N,92,75.14,3.78%,2,ND0228 - US 301 NB AT HYETTS CORNER,12585.1,2019-01-29 08:27:00-05,
2024-08-18 18:00:00-04,ND0228,N,72,74.98,2.54%,2,ND0228 - US 301 NB AT HYETTS CORNER,12585.1,2019-01-29 08:27:00-05,
2024-08-18 18:05:00-04,ND0228,N,67,78.04,2.72%,2,ND0228 - US 301 NB AT HYETTS CORNER,12585.1,2019-01-29 08:27:00-05,
2024-08-18 18:10:00-04,ND0228,N,75,75.73,2.86%,2,ND0228 - US 301 NB AT HYETTS CORNER,12585.1,2019-01-29 08:27:00-05,
2024-08-18 18:15:00-04,ND0228,N,75,76.25,2.99%,2,ND0228 - US 301 NB AT HYETTS CORNER,12585.1,2019-01-29 08:27:00-05,
2024-08-18 18:20:00-04,ND0228,N,75,76.38,2.81%,2,ND0228 - US 301 NB AT HYETTS CORNER,12585.1,2019-01-29 08:27:00-05,
2024-08-18 18:25:00-04,ND0228,N,105,76.61,4.08%,2,ND0228 - US 301 NB AT HYETTS CORNER,12585.1,2019-01-29 08:27:00-05,
2024-08-18 18:30:00-04,ND0228,N,65,78.87,2.31%,2,ND0228 - US 301 NB AT HYETTS CORNER,12585.1,2019-01-29 08:27:00-05,
2024-08-18 18:35:00-04,ND0228,N,62,77.24,2.33%,2,ND0228 - US 301 NB AT HYETTS CORNER,12585.1,2019-01-29 08:27:00-05,
2024-08-18 18:40:00-04,ND0228,N,60,77.98,2.21%,2,ND0228 - US 301 NB AT HYETTS CORNER,12585.1,2019-01-29 08:27:00-05,
2024-08-18 18:45:00-04,ND0228,N,60,79.18,2.40%,2,ND0228 - US 301 NB AT HYETTS CORNER,12585.1,2019-01-29 08:27:00-05,
2024-08-18 18:50:00-04,ND0228,N,62,77.48,2.36%,2,ND0228 - US 301 NB AT HYETTS CORNER,12585.1,2019-01-29 08:27:00-05,
2024-08-18 18:55:00-04,ND0228,N,56,77.25,2.20%,2,ND0228 - US 301 NB AT HYETTS CORNER,12585.1,2019-01-29 08:27:00-05,
2024-08-18 19:00:00-04,ND0228,N,72,76.59,2.60%,2,ND0228 - US 301 NB AT HYETTS CORNER,12585.1,2019-01-29 08:27:00-05,
2024-08-18 19:05:00-04,ND0228,N,54,78.43,2.21%,2,ND0228 - US 301 NB AT HYETTS CORNER,12585.1,2019-01-29 08:27:00-05,
2024-08-18 19:10:00-04,ND0228,N,67,78.66,2.63%,2,ND0228 - US 301 NB AT HYETTS CORNER,12585.1,2019-01-29 08:27:00-05,
2024-08-18 19:15:00-04,ND0228,N,40,76.90,1.67%,2,ND0228 - US 301 NB AT HYETTS CORNER,12585.1,2019-01-29 08:27:00-05,
2024-08-18 19:20:00-04,ND0228,N,56,74.45,2.36%,2,ND0228 - US 301 NB AT HYETTS CORNER,12585.1,2019-01-29 08:27:00-05,
2024-08-18 19:25:00-04,ND0228,N,60,75.68,2.96%,2,ND0228 - US 301 NB AT HYETTS CORNER,12585.1,2019-01-29 08:27:00-05,
2024-08-18 19:30:00-04,ND0228,N,58,75.55,2.43%,2,ND0228 - US 301 NB AT HYETTS CORNER,12585.1,2019-01-29 08:27:00-05,
2024-08-18 19:35:00-04,ND0228,N,43,73.99,2.06%,2,ND0228 - US 301 NB AT HYETTS CORNER,12585.1,2019-01-29 08:27:00-05,
2024-08-18 19:40:00-04,ND0228,N,43,77.68,1.73%,2,ND0228 - US 301 NB AT HYETTS CORNER,12585.1,2019-01-29 08:27:00-05,
2024-08-18 19:45:00-04,ND0228,N,46,77.23,1.79%,2,ND0228 - US 301 NB AT HYETTS CORNER,12585.1,2019-01-29 08:27:00-05,
2024-08-18 19:50:00-04,ND0228,N,38,75.27,1.49%,2,ND0228 - US 301 NB AT HYETTS CORNER,12585.1,2019-01-29 08:27:00-05,
2024-08-18 19:55:00-04,ND0228,N,39,74.29,1.49%,2,ND0228 - US 301 NB AT HYETTS CORNER,12585.1,2019-01-29 08:27:00-05,
2024-08-18 20:00:00-04,ND0228,N,33,76.72,1.40%,2,ND0228 - US 301 NB AT HYETTS CORNER,12585.1,2019-01-29 08:27:00-05,
2024-08-18 20:05:00-04,ND0228,N,44,75.13,1.69%,2,ND0228 - US 301 NB AT HYETTS CORNER,12585.1,2019-01-29 08:27:00-05,
2024-08-18 20:10:00-04,ND0228,N,32,75.17,1.51%,2,ND0228 - US 301 NB AT HYETTS CORNER,12585.1,2019-01-29 08:27:00-05,
2024-08-18 20:15:00-04,ND0228,N,25,75.93,1.05%,2,ND0228 - US 301 NB AT HYETTS CORNER,12585.1,2019-01-29 08:27:00-05,
2024-08-18 20:20:00-04,ND0228,N,39,73.43,1.64%,2,ND0228 - US 301 NB AT HYETTS CORNER,12585.1,2019-01-29 08:27:00-05,
2024-08-18 20:25:00-04,ND0228,N,18,70.14,0.68%,2,ND0228 - US 301 NB AT HYETTS CORNER,12585.1,2019-01-29 08:27:00-05,
2024-08-18 20:30:00-04,ND0228,N,20,73.38,0.95%,2,ND0228 - US 301 NB AT HYETTS CORNER,12585.1,2019-01-29 08:27:00-05,
2024-08-18 20:35:00-04,ND0228,N,27,73.23,1.17%,2,ND0228 - US 301 NB AT HYETTS CORNER,12585.1,2019-01-29 08:27:00-05,
2024-08-18 20:40:00-04,ND0228,N,30,73.24,1.38%,2,ND0228 - US 301 NB AT HYETTS CORNER,12585.1,2019-01-29 08:27:00-05,
2024-08-18 20:45:00-04,ND0228,N,27,71.75,1.62%,2,ND0228 - US 301 NB AT HYETTS CORNER,12585.1,2019-01-29 08:27:00-05,
2024-08-18 20:50:00-04,ND0228,N,18,73.65,1.13%,2,ND0228 - US 301 NB AT HYETTS CORNER,12585.1,2019-01-29 08:27:00-05,
2024-08-18 20:55:00-04,ND0228,N,18,71.62,1.15%,2,ND0228 - US 301 NB AT HYETTS CORNER,12585.1,2019-01-29 08:27:00-05,
2024-08-18 21:00:00-04,ND0228,N,26,73.24,1.27%,2,ND0228 - US 301 NB AT HYETTS CORNER,12585.1,2019-01-29 08:27:00-05,
2024-08-18 21:05:00-04,ND0228,N,27,73.34,1.37%,2,ND0228 - US 301 NB AT HYETTS CORNER,12585.1,2019-01-29 08:27:00-05,
2024-08-18 21:10:00-04,ND0228,N,17,70.17,0.83%,2,ND0228 - US 301 NB AT HYETTS CORNER,12585.1,2019-01-29 08:27:00-05,
2024-08-18 21:15:00-04,ND0228,N,26,71.71,1.08%,2,ND0228 - US 301 NB AT HYETTS CORNER,12585.1,2019-01-29 08:27:00-05,
2024-08-18 21:20:00-04,ND0228,N,24,71.22,1.21%,2,ND0228 - US 301 NB AT HYETTS CORNER,12585.1,2019-01-29 08:27:00-05,
2024-08-18 21:25:00-04,ND0228,N,34,71.99,1.49%,2,ND0228 - US 301 NB AT HYETTS CORNER,12585.1,2019-01-29 08:27:00-05,
2024-08-18 21:30:00-04,ND0228,N,22,74.70,0.81%,2,ND0228 - US 301 NB AT HYETTS CORNER,12585.1,2019-01-29 08:27:00-05,
2024-08-18 21:35:00-04,ND0228,N,27,72.26,1.38%,2,ND0228 - US 301 NB AT HYETTS CORNER,12585.1,2019-01-29 08:27:00-05,
2024-08-18 21:40:00-04,ND0228,N,27,71.77,1.23%,2,ND0228 - US 301 NB AT HYETTS CORNER,12585.1,2019-01-29 08:27:00-05,
2024-08-18 21:45:00-04,ND0228,N,24,69.55,1.43%,2,ND0228 - US 301 NB AT HYETTS CORNER,12585.1,2019-01-29 08:27:00-05,
2024-08-18 21:50:00-04,ND0228,N,26,67.28,1.13%,2,ND0228 - US 301 NB AT HYETTS CORNER,12585.1,2019-01-29 08:27:00-05,
2024-08-18 21:55:00-04,ND0228,N,21,70.27,0.91%,2,ND0228 - US 301 NB AT HYETTS CORNER,12585.1,2019-01-29 08:27:00-05,
2024-08-18 22:00:00-04,ND0228,N,16,68.09,0.88%,2,ND0228 - US 301 NB AT HYETTS CORNER,12585.1,2019-01-29 08:27:00-05,
2024-08-18 22:05:00-04,ND0228,N,22,77.24,0.86%,2,ND0228 - US 301 NB AT HYETTS CORNER,12585.1,2019-01-29 08:27:00-05,
2024-08-18 22:10:00-04,ND0228,N,31,69.48,1.65%,2,ND0228 - US 301 NB AT HYETTS CORNER,12585.1,2019-01-29 08:27:00-05,
2024-08-18 22:15:00-04,ND0228,N,20,70.96,0.77%,2,ND0228 - US 301 NB AT HYETTS CORNER,12585.1,2019-01-29 08:27:00-05,
2024-08-18 22:20:00-04,ND0228,N,27,69.41,1.33%,2,ND0228 - US 301 NB AT HYETTS CORNER,12585.1,2019-01-29 08:27:00-05,
2024-08-18 22:25:00-04,ND0228,N,31,69.79,1.62%,2,ND0228 - US 301 NB AT HYETTS CORNER,12585.1,2019-01-29 08:27:00-05,
2024-08-18 22:30:00-04,ND0228,N,27,71.96,1.51%,2,ND0228 - US 301 NB AT HYETTS CORNER,12585.1,2019-01-29 08:27:00-05,
2024-08-18 22:35:00-04,ND0228,N,48,72.99,2.33%,2,ND0228 - US 301 NB AT HYETTS CORNER,12585.1,2019-01-29 08:27:00-05,
2024-08-18 22:40:00-04,ND0228,N,28,71.46,1.35%,2,ND0228 - US 301 NB AT HYETTS CORNER,12585.1,2019-01-29 08:27:00-05,
2024-08-18 22:45:00-04,ND0228,N,27,72.31,1.29%,2,ND0228 - US 301 NB AT HYETTS CORNER,12585.1,2019-01-29 08:27:00-05,
2024-08-18 22:50:00-04,ND0228,N,36,70.41,1.87%,2,ND0228 - US 301 NB AT HYETTS CORNER,12585.1,2019-01-29 08:27:00-05,
2024-08-18 22:55:00-04,ND0228,N,36,71.18,1.80%,2,ND0228 - US 301 NB AT HYETTS CORNER,12585.1,2019-01-29 08:27:00-05,
2024-08-18 23:00:00-04,ND0228,N,31,71.69,1.91%,2,ND0228 - US 301 NB AT HYETTS CORNER,12585.1,2019-01-29 08:27:00-05,
2024-08-18 23:05:00-04,ND0228,N,22,69.64,1.34%,2,ND0228 - US 301 NB AT HYETTS CORNER,12585.1,2019-01-29 08:27:00-05,
2024-08-18 23:10:00-04,ND0228,N,17,69.89,0.85%,2,ND0228 - US 301 NB AT HYETTS CORNER,12585.1,2019-01-29 08:27:00-05,
2024-08-18 23:15:00-04,ND0228,N,11,68.86,0.71%,2,ND0228 - US 301 NB AT HYETTS CORNER,12585.1,2019-01-29 08:27:00-05,
2024-08-18 23:20:00-04,ND0228,N,13,66.73,0.78%,2,ND0228 - US 301 NB AT HYETTS CORNER,12585.1,2019-01-29 08:27:00-05,
2024-08-18 23:25:00-04,ND0228,N,10,67.17,0.50%,2,ND0228 - US 301 NB AT HYETTS CORNER,12585.1,2019-01-29 08:27:00-05,
2024-08-18 23:30:00-04,ND0228,N,13,73.41,0.45%,2,ND0228 - US 301 NB AT HYETTS CORNER,12585.1,2019-01-29 08:27:00-05,
2024-08-18 23:35:00-04,ND0228,N,11,70.94,0.50%,2,ND0228 - US 301 NB AT HYETTS CORNER,12585.1,2019-01-29 08:27:00-05,
2024-08-18 23:40:00-04,ND0228,N,22,72.11,1.09%,2,ND0228 - US 301 NB AT HYETTS CORNER,12585.1,2019-01-29 08:27:00-05,
2024-08-18 23:45:00-04,ND0228,N,17,78.70,0.89%,2,ND0228 - US 301 NB AT HYETTS CORNER,12585.1,2019-01-29 08:27:00-05,
2024-08-18 23:50:00-04,ND0228,N,14,74.04,0.51%,2,ND0228 - US 301 NB AT HYETTS CORNER,12585.1,2019-01-29 08:27:00-05,
2024-08-18 23:55:00-04,ND0228,N,12,74.72,0.51%,2,ND0228 - US 301 NB AT HYETTS CORNER,12585.1,2019-01-29 08:27:00-05,
2024-08-19 00:00:00-04,ND0228,N,13,73.20,0.51%,2,ND0228 - US 301 NB AT HYETTS CORNER,12585.1,2019-01-29 08:27:00-05,
2024-08-19 00:05:00-04,ND0228,N,15,74.27,1.00%,2,ND0228 - US 301 NB AT HYETTS CORNER,12585.1,2019-01-29 08:27:00-05,
2024-08-19 00:10:00-04,ND0228,N,13,73.01,0.50%,2,ND0228 - US 301 NB AT HYETTS CORNER,12585.1,2019-01-29 08:27:00-05,
2024-08-19 00:15:00-04,ND0228,N,9,67.49,0.33%,2,ND0228 - US 301 NB AT HYETTS CORNER,12585.1,2019-01-29 08:27:00-05,
2024-08-19 00:20:00-04,ND0228,N,9,69.70,0.44%,2,ND0228 - US 301 NB AT HYETTS CORNER,12585.1,2019-01-29 08:27:00-05,
2024-08-19 00:25:00-04,ND0228,N,15,72.47,0.76%,2,ND0228 - US 301 NB AT HYETTS CORNER,12585.1,2019-01-29 08:27:00-05,
2024-08-19 00:30:00-04,ND0228,N,10,75.91,0.42%,2,ND0228 - US 301 NB AT HYETTS CORNER,12585.1,2019-01-29 08:27:00-05,
2024-08-19 00:35:00-04,ND0228,N,14,70.65,0.76%,2,ND0228 - US 301 NB AT HYETTS CORNER,12585.1,2019-01-29 08:27:00-05,
2024-08-19 00:40:00-04,ND0228,N,10,70.57,0.38%,2,ND0228 - US 301 NB AT HYETTS CORNER,12585.1,2019-01-29 08:27:00-05,
2024-08-19 00:45:00-04,ND0228,N,13,70.27,0.69%,2,ND0228 - US 301 NB AT HYETTS CORNER,12585.1,2019-01-29 08:27:00-05,
2024-08-19 00:50:00-04,ND0228,N,12,72.77,0.61%,2,ND0228 - US 301 NB AT HYETTS CORNER,12585.1,2019-01-29 08:27:00-05,
2024-08-19 00:55:00-04,ND0228,N,20,70.98,1.28%,2,ND0228 - US 301 NB AT HYETTS CORNER,12585.1,2019-01-29 08:27:00-05,
2024-08-19 01:00:00-04,ND0228,N,8,72.27,0.38%,2,ND0228 - US 301 NB AT HYETTS CORNER,12585.1,2019-01-29 08:27:00-05,
2024-08-19 01:05:00-04,ND0228,N,11,65.44,0.64%,2,ND0228 - US 301 NB AT HYETTS CORNER,12585.1,2019-01-29 08:27:00-05,
2024-08-19 01:10:00-04,ND0228,N,11,68.46,0.62%,2,ND0228 - US 301 NB AT HYETTS CORNER,12585.1,2019-01-29 08:27:00-05,
2024-08-19 01:15:00-04,ND0228,N,5,72.77,0.34%,2,ND0228 - US 301 NB AT HYETTS CORNER,12585.1,2019-01-29 08:27:00-05,
2024-08-19 01:20:00-04,ND0228,N,11,69.99,0.74%,2,ND0228 - US 301 NB AT HYETTS CORNER,12585.1,2019-01-29 08:27:00-05,
2024-08-19 01:25:00-04,ND0228,N,10,72.78,0.56%,2,ND0228 - US 301 NB AT HYETTS CORNER,12585.1,2019-01-29 08:27:00-05,
2024-08-19 01:30:00-04,ND0228,N,9,71.50,0.34%,2,ND0228 - US 301 NB AT HYETTS CORNER,12585.1,2019-01-29 08:27:00-05,
2024-08-19 01:35:00-04,ND0228,N,7,73.33,0.37%,2,ND0228 - US 301 NB AT HYETTS CORNER,12585.1,2019-01-29 08:27:00-05,
2024-08-19 01:40:00-04,ND0228,N,17,75.14,0.93%,2,ND0228 - US 301 NB AT HYETTS CORNER,12585.1,2019-01-29 08:27:00-05,
2024-08-19 01:45:00-04,ND0228,N,5,68.03,0.23%,2,ND0228 - US 301 NB AT HYETTS CORNER,12585.1,2019-01-29 08:27:00-05,
2024-08-19 01:50:00-04,ND0228,N,10,70.27,0.57%,2,ND0228 - US 301 NB AT HYETTS CORNER,12585.1,2019-01-29 08:27:00-05,
2024-08-19 01:55:00-04,ND0228,N,7,68.99,0.39%,2,ND0228 - US 301 NB AT HYETTS CORNER,12585.1,2019-01-29 08:27:00-05,
2024-08-19 02:00:00-04,ND0228,N,3,68.98,0.20%,2,ND0228 - US 301 NB AT HYETTS CORNER,12585.1,2019-01-29 08:27:00-05,
2024-08-19 02:05:00-04,ND0228,N,3,67.12,0.23%,2,ND0228 - US 301 NB AT HYETTS CORNER,12585.1,2019-01-29 08:27:00-05,
2024-08-19 02:10:00-04,ND0228,N,3,75.00,0.19%,1,ND0228 - US 301 NB AT HYETTS CORNER,12585.1,2019-01-29 08:27:00-05,
2024-08-19 02:15:00-04,ND0228,N,6,70.67,0.33%,2,ND0228 - US 301 NB AT HYETTS CORNER,12585.1,2019-01-29 08:27:00-05,
2024-08-19 02:20:00-04,ND0228,N,9,72.97,0.41%,2,ND0228 - US 301 NB AT HYETTS CORNER,12585.1,2019-01-29 08:27:00-05,
2024-08-19 02:25:00-04,ND0228,N,4,70.39,0.25%,2,ND0228 - US 301 NB AT HYETTS CORNER,12585.1,2019-01-29 08:27:00-05,
2024-08-19 02:30:00-04,ND0228,N,7,75.30,0.34%,2,ND0228 - US 301 NB AT HYETTS CORNER,12585.1,2019-01-29 08:27:00-05,
2024-08-19 02:35:00-04,ND0228,N,7,70.39,0.26%,2,ND0228 - US 301 NB AT HYETTS CORNER,12585.1,2019-01-29 08:27:00-05,
2024-08-19 02:40:00-04,ND0228,N,5,67.04,0.82%,1,ND0228 - US 301 NB AT HYETTS CORNER,12585.1,2019-01-29 08:27:00-05,
2024-08-19 02:45:00-04,ND0228,N,5,76.02,0.29%,2,ND0228 - US 301 NB AT HYETTS CORNER,12585.1,2019-01-29 08:27:00-05,
2024-08-19 02:50:00-04,ND0228,N,7,72.88,0.50%,2,ND0228 - US 301 NB AT HYETTS CORNER,12585.1,2019-01-29 08:27:00-05,
2024-08-19 02:55:00-04,ND0228,N,9,71.35,0.73%,2,ND0228 - US 301 NB AT HYETTS CORNER,12585.1,2019-01-29 08:27:00-05,
2024-08-19 03:00:00-04,ND0228,N,3,76.46,0.13%,2,ND0228 - US 301 NB AT HYETTS CORNER,12585.1,2019-01-29 08:27:00-05,
2024-08-19 03:05:00-04,ND0228,N,7,74.41,0.32%,2,ND0228 - US 301 NB AT HYETTS CORNER,12585.1,2019-01-29 08:27:00-05,
2024-08-19 03:10:00-04,ND0228,N,6,73.06,0.40%,2,ND0228 - US 301 NB AT HYETTS CORNER,12585.1,2019-01-29 08:27:00-05,
2024-08-19 03:15:00-04,ND0228,N,3,74.31,0.42%,1,ND0228 - US 301 NB AT HYETTS CORNER,12585.1,2019-01-29 08:27:00-05,
2024-08-19 03:20:00-04,ND0228,N,14,69.77,1.01%,2,ND0228 - US 301 NB AT HYETTS CORNER,12585.1,2019-01-29 08:27:00-05,
2024-08-19 03:25:00-04,ND0228,N,4,68.63,0.35%,2,ND0228 - US 301 NB AT HYETTS CORNER,12585.1,2019-01-29 08:27:00-05,
2024-08-19 03:30:00-04,ND0228,N,13,76.12,0.64%,2,ND0228 - US 301 NB AT HYETTS CORNER,12585.1,2019-01-29 08:27:00-05,
2024-08-19 03:35:00-04,ND0228,N,8,74.14,0.30%,2,ND0228 - US 301 NB AT HYETTS CORNER,12585.1,2019-01-29 08:27:00-05,
2024-08-19 03:40:00-04,ND0228,N,11,67.20,0.58%,2,ND0228 - US 301 NB AT HYETTS CORNER,12585.1,2019-01-29 08:27:00-05,
2024-08-19 03:45:00-04,ND0228,N,3,65.73,0.46%,1,ND0228 - US 301 NB AT HYETTS CORNER,12585.1,2019-01-29 08:27:00-05,
2024-08-19 03:50:00-04,ND0228,N,7,70.50,0.64%,2,ND0228 - US 301 NB AT HYETTS CORNER,12585.1,2019-01-29 08:27:00-05,
2024-08-19 03:55:00-04,ND0228,N,12,77.37,0.76%,2,ND0228 - US 301 NB AT HYETTS CORNER,12585.1,2019-01-29 08:27:00-05,
2024-08-19 04:00:00-04,ND0228,N,10,73.68,0.50%,2,ND0228 - US 301 NB AT HYETTS CORNER,12585.1,2019-01-29 08:27:00-05,
2024-08-19 04:05:00-04,ND0228,N,12,76.37,0.67%,2,ND0228 - US 301 NB AT HYETTS CORNER,12585.1,2019-01-29 08:27:00-05,
2024-08-19 04:10:00-04,ND0228,N,12,73.38,0.45%,2,ND0228 - US 301 NB AT HYETTS CORNER,12585.1,2019-01-29 08:27:00-05,
2024-08-19 04:15:00-04,ND0228,N,7,77.81,0.32%,2,ND0228 - US 301 NB AT HYETTS CORNER,12585.1,2019-01-29 08:27:00-05,
2024-08-19 04:20:00-04,ND0228,N,13,77.21,0.65%,2,ND0228 - US 301 NB AT HYETTS CORNER,12585.1,2019-01-29 08:27:00-05,
2024-08-19 04:25:00-04,ND0228,N,5,73.47,0.20%,2,ND0228 - US 301 NB AT HYETTS CORNER,12585.1,2019-01-29 08:27:00-05,
2024-08-19 04:30:00-04,ND0228,N,18,74.40,0.93%,2,ND0228 - US 301 NB AT HYETTS CORNER,12585.1,2019-01-29 08:27:00-05,
2024-08-19 04:35:00-04,ND0228,N,12,71.19,0.84%,2,ND0228 - US 301 NB AT HYETTS CORNER,12585.1,2019-01-29 08:27:00-05,
2024-08-19 04:40:00-04,ND0228,N,8,73.14,0.42%,2,ND0228 - US 301 NB AT HYETTS CORNER,12585.1,2019-01-29 08:27:00-05,
2024-08-19 04:45:00-04,ND0228,N,18,73.08,1.11%,2,ND0228 - US 301 NB AT HYETTS CORNER,12585.1,2019-01-29 08:27:00-05,
2024-08-19 04:50:00-04,ND0228,N,10,78.97,0.37%,2,ND0228 - US 301 NB AT HYETTS CORNER,12585.1,2019-01-29 08:27:00-05,
2024-08-19 04:55:00-04,ND0228,N,18,74.84,1.03%,2,ND0228 - US 301 NB AT HYETTS CORNER,12585.1,2019-01-29 08:27:00-05,
2024-08-19 05:00:00-04,ND0228,N,14,76.80,0.68%,2,ND0228 - US 301 NB AT HYETTS CORNER,12585.1,2019-01-29 08:27:00-05,
2024-08-19 05:05:00-04,ND0228,N,17,73.08,0.93%,2,ND0228 - US 301 NB AT HYETTS CORNER,12585.1,2019-01-29 08:27:00-05,
2024-08-19 05:10:00-04,ND0228,N,26,74.84,1.24%,2,ND0228 - US 301 NB AT HYETTS CORNER,12585.1,2019-01-29 08:27:00-05,
2024-08-19 05:15:00-04,ND0228,N,24,77.35,0.97%,2,ND0228 - US 301 NB AT HYETTS CORNER,12585.1,2019-01-29 08:27:00-05,
2024-08-19 05:20:00-04,ND0228,N,29,78.31,1.19%,2,ND0228 - US 301 NB AT HYETTS CORNER,12585.1,2019-01-29 08:27:00-05,
2024-08-19 05:25:00-04,ND0228,N,36,76.34,1.46%,2,ND0228 - US 301 NB AT HYETTS CORNER,12585.1,2019-01-29 08:27:00-05,
2024-08-19 05:30:00-04,ND0228,N,29,75.43,1.17%,2,ND0228 - US 301 NB AT HYETTS CORNER,12585.1,2019-01-29 08:27:00-05,
2024-08-19 05:35:00-04,ND0228,N,34,73.86,1.61%,2,ND0228 - US 301 NB AT HYETTS CORNER,12585.1,2019-01-29 08:27:00-05,
2024-08-19 05:40:00-04,ND0228,N,32,75.15,1.72%,2,ND0228 - US 301 NB AT HYETTS CORNER,12585.1,2019-01-29 08:27:00-05,
2024-08-19 05:45:00-04,ND0228,N,42,75.74,1.90%,2,ND0228 - US 301 NB AT HYETTS CORNER,12585.1,2019-01-29 08:27:00-05,
2024-08-19 05:50:00-04,ND0228,N,42,74.41,1.63%,2,ND0228 - US 301 NB AT HYETTS CORNER,12585.1,2019-01-29 08:27:00-05,
2024-08-19 05:55:00-04,ND0228,N,30,77.10,1.38%,2,ND0228 - US 301 NB AT HYETTS CORNER,12585.1,2019-01-29 08:27:00-05,
2024-08-19 06:00:00-04,ND0228,N,37,77.06,1.42%,2,ND0228 - US 301 NB AT HYETTS CORNER,12585.1,2019-01-29 08:27:00-05,
2024-08-19 06:05:00-04,ND0228,N,33,74.76,1.27%,2,ND0228 - US 301 NB AT HYETTS CORNER,12585.1,2019-01-29 08:27:00-05,
2024-08-19 06:10:00-04,ND0228,N,38,77.25,1.43%,2,ND0228 - US 301 NB AT HYETTS CORNER,12585.1,2019-01-29 08:27:00-05,
2024-08-19 06:15:00-04,ND0228,N,77,76.15,3.34%,2,ND0228 - US 301 NB AT HYETTS CORNER,12585.1,2019-01-29 08:27:00-05,
2024-08-19 06:20:00-04,ND0228,N,39,75.52,1.75%,2,ND0228 - US 301 NB AT HYETTS CORNER,12585.1,2019-01-29 08:27:00-05,
2024-08-19 06:25:00-04,ND0228,N,53,77.46,2.03%,2,ND0228 - US 301 NB AT HYETTS CORNER,12585.1,2019-01-29 08:27:00-05,
2024-08-19 06:30:00-04,ND0228,N,67,77.19,2.57%,2,ND0228 - US 301 NB AT HYETTS CORNER,12585.1,2019-01-29 08:27:00-05,
2024-08-19 06:35:00-04,ND0228,N,72,77.71,2.77%,2,ND0228 - US 301 NB AT HYETTS CORNER,12585.1,2019-01-29 08:27:00-05,
2024-08-19 06:40:00-04,ND0228,N,69,75.94,2.66%,2,ND0228 - US 301 NB AT HYETTS CORNER,12585.1,2019-01-29 08:27:00-05,
2024-08-19 06:45:00-04,ND0228,N,67,79.29,2.43%,2,ND0228 - US 301 NB AT HYETTS CORNER,12585.1,2019-01-29 08:27:00-05,
2024-08-19 06:50:00-04,ND0228,N,78,77.32,3.05%,2,ND0228 - US 301 NB AT HYETTS CORNER,12585.1,2019-01-29 08:27:00-05,
2024-08-19 06:55:00-04,ND0228,N,50,77.24,2.16%,2,ND0228 - US 301 NB AT HYETTS CORNER,12585.1,2019-01-29 08:27:00-05,
2024-08-19 07:00:00-04,ND0228,N,48,79.05,1.90%,2,ND0228 - US 301 NB AT HYETTS CORNER,12585.1,2019-01-29 08:27:00-05,
2024-08-19 07:05:00-04,ND0228,N,64,77.87,2.51%,2,ND0228 - US 301 NB AT HYETTS CORNER,12585.1,2019-01-29 08:27:00-05,
2024-08-19 07:10:00-04,ND0228,N,98,77.33,3.97%,2,ND0228 - US 301 NB AT HYETTS CORNER,12585.1,2019-01-29 08:27:00-05,
2024-08-19 07:15:00-04,ND0228,N,80,76.84,3.37%,2,ND0228 - US 301 NB AT HYETTS CORNER,12585.1,2019-01-29 08:27:00-05,
2024-08-19 07:20:00-04,ND0228,N,77,78.89,2.63%,2,ND0228 - US 301 NB AT HYETTS CORNER,12585.1,2019-01-29 08:27:00-05,
2024-08-19 07:25:00-04,ND0228,N,80,76.54,3.38%,2,ND0228 - US 301 NB AT HYETTS CORNER,12585.1,2019-01-29 08:27:00-05,
2024-08-19 07:30:00-04,ND0228,N,86,76.61,3.62%,2,ND0228 - US 301 NB AT HYETTS CORNER,12585.1,2019-01-29 08:27:00-05,
2024-08-19 07:35:00-04,ND0228,N,92,77.09,3.34%,2,ND0228 - US 301 NB AT HYETTS CORNER,12585.1,2019-01-29 08:27:00-05,
2024-08-19 07:40:00-04,ND0228,N,68,77.34,2.80%,2,ND0228 - US 301 NB AT HYETTS CORNER,12585.1,2019-01-29 08:27:00-05,
2024-08-19 07:45:00-04,ND0228,N,77,77.13,3.18%,2,ND0228 - US 301 NB AT HYETTS CORNER,12585.1,2019-01-29 08:27:00-05,
2024-08-19 07:50:00-04,ND0228,N,71,77.08,2.81%,2,ND0228 - US 301 NB AT HYETTS CORNER,12585.1,2019-01-29 08:27:00-05,
2024-08-19 07:55:00-04,ND0228,N,73,77.56,3.02%,2,ND0228 - US 301 NB AT HYETTS CORNER,12585.1,2019-01-29 08:27:00-05,
2024-08-19 08:00:00-04,ND0228,N,77,75.05,3.69%,2,ND0228 - US 301 NB AT HYETTS CORNER,12585.1,2019-01-29 08:27:00-05,
2024-08-19 08:05:00-04,ND0228,N,68,79.13,2.73%,2,ND0228 - US 301 NB AT HYETTS CORNER,12585.1,2019-01-29 08:27:00-05,
2024-08-19 08:10:00-04,ND0228,N,68,79.32,3.07%,2,ND0228 - US 301 NB AT HYETTS CORNER,12585.1,2019-01-29 08:27:00-05,
2024-08-19 08:15:00-04,ND0228,N,60,77.87,2.58%,2,ND0228 - US 301 NB AT HYETTS CORNER,12585.1,2019-01-29 08:27:00-05,
2024-08-19 08:20:00-04,ND0228,N,80,77.61,3.03%,2,ND0228 - US 301 NB AT HYETTS CORNER,12585.1,2019-01-29 08:27:00-05,
2024-08-19 08:25:00-04,ND0228,N,74,76.37,2.87%,2,ND0228 - US 301 NB AT HYETTS CORNER,12585.1,2019-01-29 08:27:00-05,
2024-08-19 08:30:00-04,ND0228,N,63,77.45,2.62%,2,ND0228 - US 301 NB AT HYETTS CORNER,12585.1,2019-01-29 08:27:00-05,
2024-08-19 08:35:00-04,ND0228,N,63,75.65,2.63%,2,ND0228 - US 301 NB AT HYETTS CORNER,12585.1,2019-01-29 08:27:00-05,
2024-08-19 08:40:00-04,ND0228,N,67,76.23,2.78%,2,ND0228 - US 301 NB AT HYETTS CORNER,12585.1,2019-01-29 08:27:00-05,
2024-08-19 08:45:00-04,ND0228,N,69,75.11,2.89%,2,ND0228 - US 301 NB AT HYETTS CORNER,12585.1,2019-01-29 08:27:00-05,
2024-08-19 08:50:00-04,ND0228,N,59,76.87,2.51%,2,ND0228 - US 301 NB AT HYETTS CORNER,12585.1,2019-01-29 08:27:00-05,
2024-08-19 08:55:00-04,ND0228,N,51,76.26,2.07%,2,ND0228 - US 301 NB AT HYETTS CORNER,12585.1,2019-01-29 08:27:00-05,
2024-08-19 09:00:00-04,ND0228,N,48,75.25,1.76%,2,ND0228 - US 301 NB AT HYETTS CORNER,12585.1,2019-01-29 08:27:00-05,
2024-08-19 09:05:00-04,ND0228,N,54,76.54,2.55%,2,ND0228 - US 301 NB AT HYETTS CORNER,12585.1,2019-01-29 08:27:00-05,
2024-08-19 09:10:00-04,ND0228,N,59,77.43,2.48%,2,ND0228 - US 301 NB AT HYETTS CORNER,12585.1,2019-01-29 08:27:00-05,
2024-08-19 09:15:00-04,ND0228,N,57,76.51,2.31%,2,ND0228 - US 301 NB AT HYETTS CORNER,12585.1,2019-01-29 08:27:00-05,
2024-08-19 09:20:00-04,ND0228,N,62,75.70,2.52%,2,ND0228 - US 301 NB AT HYETTS CORNER,12585.1,2019-01-29 08:27:00-05,
2024-08-19 09:25:00-04,ND0228,N,55,74.77,2.46%,2,ND0228 - US 301 NB AT HYETTS CORNER,12585.1,2019-01-29 08:27:00-05,
2024-08-19 09:30:00-04,ND0228,N,58,76.30,2.20%,2,ND0228 - US 301 NB AT HYETTS CORNER,12585.1,2019-01-29 08:27:00-05,
2024-08-19 09:35:00-04,ND0228,N,63,74.96,2.66%,2,ND0228 - US 301 NB AT HYETTS CORNER,12585.1,2019-01-29 08:27:00-05,
2024-08-19 09:40:00-04,ND0228,N,55,75.69,2.53%,2,ND0228 - US 301 NB AT HYETTS CORNER,12585.1,2019-01-29 08:27:00-05,
2024-08-19 09:45:00-04,ND0228,N,55,74.42,2.33%,2,ND0228 - US 301 NB AT HYETTS CORNER,12585.1,2019-01-29 08:27:00-05,
2024-08-19 09:50:00-04,ND0228,N,47,73.54,2.25%,2,ND0228 - US 301 NB AT HYETTS CORNER,12585.1,2019-01-29 08:27:00-05,
2024-08-19 09:55:00-04,ND0228,N,57,75.40,2.52%,2,ND0228 - US 301 NB AT HYETTS CORNER,12585.1,2019-01-29 08:27:00-05,
2024-08-19 10:00:00-04,ND0228,N,58,76.36,2.43%,2,ND0228 - US 301 NB AT HYETTS CORNER,12585.1,2019-01-29 08:27:00-05,
2024-08-19 10:05:00-04,ND0228,N,67,72.70,3.33%,2,ND0228 - US 301 NB AT HYETTS CORNER,12585.1,2019-01-29 08:27:00-05,
2024-08-19 10:10:00-04,ND0228,N,70,75.39,3.07%,2,ND0228 - US 301 NB AT HYETTS CORNER,12585.1,2019-01-29 08:27:00-05,
2024-08-19 10:15:00-04,ND0228,N,61,75.48,2.51%,2,ND0228 - US 301 NB AT HYETTS CORNER,12585.1,2019-01-29 08:27:00-05,
2024-08-19 10:20:00-04,ND0228,N,63,73.04,2.66%,2,ND0228 - US 301 NB AT HYETTS CORNER,12585.1,2019-01-29 08:27:00-05,
2024-08-19 10:25:00-04,ND0228,N,49,74.71,2.38%,2,ND0228 - US 301 NB AT HYETTS CORNER,12585.1,2019-01-29 08:27:00-05,
2024-08-19 10:30:00-04,ND0228,N,66,76.07,2.85%,2,ND0228 - US 301 NB AT HYETTS CORNER,12585.1,2019-01-29 08:27:00-05,
2024-08-19 10:35:00-04,ND0228,N,59,76.05,2.46%,2,ND0228 - US 301 NB AT HYETTS CORNER,12585.1,2019-01-29 08:27:00-05,
2024-08-19 10:40:00-04,ND0228,N,56,76.20,2.50%,2,ND0228 - US 301 NB AT HYETTS CORNER,12585.1,2019-01-29 08:27:00-05,
2024-08-19 10:45:00-04,ND0228,N,43,75.40,1.83%,2,ND0228 - US 301 NB AT HYETTS CORNER,12585.1,2019-01-29 08:27:00-05,
2024-08-19 10:50:00-04,ND0228,N,66,74.56,3.40%,2,ND0228 - US 301 NB AT HYETTS CORNER,12585.1,2019-01-29 08:27:00-05,
2024-08-19 10:55:00-04,ND0228,N,59,75.42,2.42%,2,ND0228 - US 301 NB AT HYETTS CORNER,12585.1,2019-01-29 08:27:00-05,
2024-08-19 11:00:00-04,ND0228,N,61,75.16,2.92%,2,ND0228 - US 301 NB AT HYETTS CORNER,12585.1,2019-01-29 08:27:00-05,
2024-08-19 11:05:00-04,ND0228,N,58,72.91,2.63%,2,ND0228 - US 301 NB AT HYETTS CORNER,12585.1,2019-01-29 08:27:00-05,
2024-08-19 11:10:00-04,ND0228,N,56,75.11,2.61%,2,ND0228 - US 301 NB AT HYETTS CORNER,12585.1,2019-01-29 08:27:00-05,
2024-08-19 11:15:00-04,ND0228,N,57,75.90,2.39%,2,ND0228 - US 301 NB AT HYETTS CORNER,12585.1,2019-01-29 08:27:00-05,
2024-08-19 11:20:00-04,ND0228,N,46,74.98,1.90%,2,ND0228 - US 301 NB AT HYETTS CORNER,12585.1,2019-01-29 08:27:00-05,
2024-08-19 11:25:00-04,ND0228,N,61,74.29,2.79%,2,ND0228 - US 301 NB AT HYETTS CORNER,12585.1,2019-01-29 08:27:00-05,
2024-08-19 11:30:00-04,ND0228,N,60,76.49,2.31%,2,ND0228 - US 301 NB AT HYETTS CORNER,12585.1,2019-01-29 08:27:00-05,
2024-08-19 11:35:00-04,ND0228,N,49,75.89,2.18%,2,ND0228 - US 301 NB AT HYETTS CORNER,12585.1,2019-01-29 08:27:00-05,
2024-08-19 11:40:00-04,ND0228,N,59,76.10,2.74%,2,ND0228 - US 301 NB AT HYETTS CORNER,12585.1,2019-01-29 08:27:00-05,
2024-08-19 11:45:00-04,ND0228,N,49,78.04,2.07%,2,ND0228 - US 301 NB AT HYETTS CORNER,12585.1,2019-01-29 08:27:00-05,
2024-08-19 11:50:00-04,ND0228,N,51,74.79,2.27%,2,ND0228 - US 301 NB AT HYETTS CORNER,12585.1,2019-01-29 08:27:00-05,
2024-08-19 11:55:00-04,ND0228,N,55,74.22,2.44%,2,ND0228 - US 301 NB AT HYETTS CORNER,12585.1,2019-01-29 08:27:00-05,
2024-08-19 12:00:00-04,ND0228,N,40,75.45,1.73%,2,ND0228 - US 301 NB AT HYETTS CORNER,12585.1,2019-01-29 08:27:00-05,
2024-08-19 12:05:00-04,ND0228,N,48,75.78,2.04%,2,ND0228 - US 301 NB AT HYETTS CORNER,12585.1,2019-01-29 08:27:00-05,
2024-08-19 12:10:00-04,ND0228,N,50,75.84,2.70%,2,ND0228 - US 301 NB AT HYETTS CORNER,12585.1,2019-01-29 08:27:00-05,
2024-08-19 12:15:00-04,ND0228,N,52,74.59,2.63%,2,ND0228 - US 301 NB AT HYETTS CORNER,12585.1,2019-01-29 08:27:00-05,
2024-08-19 12:20:00-04,ND0228,N,59,73.87,2.94%,2,ND0228 - US 301 NB AT HYETTS CORNER,12585.1,2019-01-29 08:27:00-05,
2024-08-19 12:25:00-04,ND0228,N,53,73.62,2.52%,2,ND0228 - US 301 NB AT HYETTS CORNER,12585.1,2019-01-29 08:27:00-05,
2024-08-19 12:30:00-04,ND0228,N,51,75.17,2.53%,2,ND0228 - US 301 NB AT HYETTS CORNER,12585.1,2019-01-29 08:27:00-05,
2024-08-19 12:35:00-04,ND0228,N,50,75.73,2.14%,2,ND0228 - US 301 NB AT HYETTS CORNER,12585.1,2019-01-29 08:27:00-05,
2024-08-19 12:40:00-04,ND0228,N,65,75.13,2.69%,2,ND0228 - US 301 NB AT HYETTS CORNER,12585.1,2019-01-29 08:27:00-05,
2024-08-19 12:45:00-04,ND0228,N,55,74.57,2.33%,2,ND0228 - US 301 NB AT HYETTS CORNER,12585.1,2019-01-29 08:27:00-05,
2024-08-19 12:50:00-04,ND0228,N,47,73.42,2.49%,2,ND0228 - US 301 NB AT HYETTS CORNER,12585.1,2019-01-29 08:27:00-05,
2024-08-19 12:55:00-04,ND0228,N,58,75.68,2.46%,2,ND0228 - US 301 NB AT HYETTS CORNER,12585.1,2019-01-29 08:27:00-05,
2024-08-19 13:00:00-04,ND0228,N,45,75.67,2.28%,2,ND0228 - US 301 NB AT HYETTS CORNER,12585.1,2019-01-29 08:27:00-05,
2024-08-19 13:05:00-04,ND0228,N,58,74.60,2.68%,2,ND0228 - US 301 NB AT HYETTS CORNER,12585.1,2019-01-29 08:27:00-05,
2024-08-19 13:10:00-04,ND0228,N,44,74.35,1.84%,2,ND0228 - US 301 NB AT HYETTS CORNER,12585.1,2019-01-29 08:27:00-05,
2024-08-19 13:15:00-04,ND0228,N,61,74.57,3.20%,2,ND0228 - US 301 NB AT HYETTS CORNER,12585.1,2019-01-29 08:27:00-05,
2024-08-19 13:20:00-04,ND0228,N,52,74.70,2.09%,2,ND0228 - US 301 NB AT HYETTS CORNER,12585.1,2019-01-29 08:27:00-05,
2024-08-19 13:25:00-04,ND0228,N,50,74.83,2.05%,2,ND0228 - US 301 NB AT HYETTS CORNER,12585.1,2019-01-29 08:27:00-05,
2024-08-19 13:30:00-04,ND0228,N,60,76.05,2.77%,2,ND0228 - US 301 NB AT HYETTS CORNER,12585.1,2019-01-29 08:27:00-05,
2024-08-19 13:35:00-04,ND0228,N,42,74.63,1.62%,2,ND0228 - US 301 NB AT HYETTS CORNER,12585.1,2019-01-29 08:27:00-05,
2024-08-19 13:40:00-04,ND0228,N,55,76.13,2.43%,2,ND0228 - US 301 NB AT HYETTS CORNER,12585.1,2019-01-29 08:27:00-05,
2024-08-19 13:45:00-04,ND0228,N,56,78.42,2.27%,2,ND0228 - US 301 NB AT HYETTS CORNER,12585.1,2019-01-29 08:27:00-05,
2024-08-19 13:50:00-04,ND0228,N,64,76.88,2.67%,2,ND0228 - US 301 NB AT HYETTS CORNER,12585.1,2019-01-29 08:27:00-05,
2024-08-19 13:55:00-04,ND0228,N,53,77.57,2.53%,2,ND0228 - US 301 NB AT HYETTS CORNER,12585.1,2019-01-29 08:27:00-05,
2024-08-19 14:00:00-04,ND0228,N,49,73.62,2.22%,2,ND0228 - US 301 NB AT HYETTS CORNER,12585.1,2019-01-29 08:27:00-05,
2024-08-19 14:05:00-04,ND0228,N,42,77.15,1.91%,2,ND0228 - US 301 NB AT HYETTS CORNER,12585.1,2019-01-29 08:27:00-05,
2024-08-19 14:10:00-04,ND0228,N,53,74.63,2.48%,2,ND0228 - US 301 NB AT HYETTS CORNER,12585.1,2019-01-29 08:27:00-05,
2024-08-19 14:15:00-04,ND0228,N,61,76.25,2.43%,2,ND0228 - US 301 NB AT HYETTS CORNER,12585.1,2019-01-29 08:27:00-05,
2024-08-19 14:20:00-04,ND0228,N,51,75.67,2.14%,2,ND0228 - US 301 NB AT HYETTS CORNER,12585.1,2019-01-29 08:27:00-05,
2024-08-19 14:25:00-04,ND0228,N,42,74.44,2.03%,2,ND0228 - US 301 NB AT HYETTS CORNER,12585.1,2019-01-29 08:27:00-05,
2024-08-19 14:30:00-04,ND0228,N,43,75.16,2.03%,2,ND0228 - US 301 NB AT HYETTS CORNER,12585.1,2019-01-29 08:27:00-05,
2024-08-19 14:35:00-04,ND0228,N,70,75.33,3.33%,2,ND0228 - US 301 NB AT HYETTS CORNER,12585.1,2019-01-29 08:27:00-05,
2024-08-19 14:40:00-04,ND0228,N,57,76.29,2.40%,2,ND0228 - US 301 NB AT HYETTS CORNER,12585.1,2019-01-29 08:27:00-05,
2024-08-19 14:45:00-04,ND0228,N,60,78.16,2.71%,2,ND0228 - US 301 NB AT HYETTS CORNER,12585.1,2019-01-29 08:27:00-05,
2024-08-19 14:50:00-04,ND0228,N,54,78.54,2.37%,2,ND0228 - US 301 NB AT HYETTS CORNER,12585.1,2019-01-29 08:27:00-05,
2024-08-19 14:55:00-04,ND0228,N,60,74.85,2.66%,2,ND0228 - US 301 NB AT HYETTS CORNER,12585.1,2019-01-29 08:27:00-05,
2024-08-19 15:00:00-04,ND0228,N,61,76.63,2.82%,2,ND0228 - US 301 NB AT HYETTS CORNER,12585.1,2019-01-29 08:27:00-05,
2024-08-19 15:05:00-04,ND0228,N,48,75.99,1.90%,2,ND0228 - US 301 NB AT HYETTS CORNER,12585.1,2019-01-29 08:27:00-05,
2024-08-19 15:10:00-04,ND0228,N,48,78.38,1.88%,2,ND0228 - US 301 NB AT HYETTS CORNER,12585.1,2019-01-29 08:27:00-05,
2024-08-19 15:15:00-04,ND0228,N,67,78.26,2.67%,2,ND0228 - US 301 NB AT HYETTS CORNER,12585.1,2019-01-29 08:27:00-05,
2024-08-19 15:20:00-04,ND0228,N,47,76.41,1.80%,2,ND0228 - US 301 NB AT HYETTS CORNER,12585.1,2019-01-29 08:27:00-05,
2024-08-19 15:25:00-04,ND0228,N,50,78.49,2.05%,2,ND0228 - US 301 NB AT HYETTS CORNER,12585.1,2019-01-29 08:27:00-05,
2024-08-19 15:30:00-04,ND0228,N,54,77.43,2.32%,2,ND0228 - US 301 NB AT HYETTS CORNER,12585.1,2019-01-29 08:27:00-05,
2024-08-19 15:35:00-04,ND0228,N,54,79.39,2.10%,2,ND0228 - US 301 NB AT HYETTS CORNER,12585.1,2019-01-29 08:27:00-05,
2024-08-19 15:40:00-04,ND0228,N,75,76.91,3.21%,2,ND0228 - US 301 NB AT HYETTS CORNER,12585.1,2019-01-29 08:27:00-05,
2024-08-19 15:45:00-04,ND0228,N,84,76.81,3.66%,2,ND0228 - US 301 NB AT HYETTS CORNER,12585.1,2019-01-29 08:27:00-05,
2024-08-19 15:50:00-04,ND0228,N,77,77.76,3.10%,2,ND0228 - US 301 NB AT HYETTS CORNER,12585.1,2019-01-29 08:27:00-05,
2024-08-19 15:55:00-04,ND0228,N,63,76.44,2.67%,2,ND0228 - US 301 NB AT HYETTS CORNER,12585.1,2019-01-29 08:27:00-05,
2024-08-19 16:00:00-04,ND0228,N,84,75.50,3.59%,2,ND0228 - US 301 NB AT HYETTS CORNER,12585.1,2019-01-29 08:27:00-05,
2024-08-19 16:05:00-04,ND0228,N,49,77.86,1.91%,2,ND0228 - US 301 NB AT HYETTS CORNER,12585.1,2019-01-29 08:27:00-05,
2024-08-19 16:10:00-04,ND0228,N,58,76.84,2.60%,2,ND0228 - US 301 NB AT HYETTS CORNER,12585.1,2019-01-29 08:27:00-05,
2024-08-19 16:15:00-04,ND0228,N,57,79.80,2.32%,2,ND0228 - US 301 NB AT HYETTS CORNER,12585.1,2019-01-29 08:27:00-05,
2024-08-19 16:20:00-04,ND0228,N,73,76.75,2.78%,2,ND0228 - US 301 NB AT HYETTS CORNER,12585.1,2019-01-29 08:27:00-05,
2024-08-19 16:25:00-04,ND0228,N,82,70.94,4.53%,2,ND0228 - US 301 NB AT HYETTS CORNER,12585.1,2019-01-29 08:27:00-05,
2024-08-19 16:30:00-04,ND0228,N,70,67.62,5.82%,2,ND0228 - US 301 NB AT HYETTS CORNER,12585.1,2019-01-29 08:27:00-05,
2024-08-19 16:35:00-04,ND0228,N,59,70.06,3.20%,2,ND0228 - US 301 NB AT HYETTS CORNER,12585.1,2019-01-29 08:27:00-05,
2024-08-19 16:40:00-04,ND0228,N,72,73.14,3.13%,2,ND0228 - US 301 NB AT HYETTS CORNER,12585.1,2019-01-29 08:27:00-05,
2024-08-19 16:45:00-04,ND0228,N,51,74.21,2.02%,2,ND0228 - US 301 NB AT HYETTS CORNER,12585.1,2019-01-29 08:27:00-05,
2024-08-19 16:50:00-04,ND0228,N,71,73.31,2.97%,2,ND0228 - US 301 NB AT HYETTS CORNER,12585.1,2019-01-29 08:27:00-05,
2024-08-19 16:55:00-04,ND0228,N,55,72.85,2.11%,2,ND0228 - US 301 NB AT HYETTS CORNER,12585.1,2019-01-29 08:27:00-05,
2024-08-19 17:00:00-04,ND0228,N,46,72.11,2.12%,2,ND0228 - US 301 NB AT HYETTS CORNER,12585.1,2019-01-29 08:27:00-05,
2024-08-19 17:05:00-04,ND0228,N,52,74.17,2.18%,2,ND0228 - US 301 NB AT HYETTS CORNER,12585.1,2019-01-29 08:27:00-05,
2024-08-19 17:10:00-04,ND0228,N,61,74.87,2.71%,2,ND0228 - US 301 NB AT HYETTS CORNER,12585.1,2019-01-29 08:27:00-05,
2024-08-19 17:15:00-04,ND0228,N,71,72.36,3.38%,2,ND0228 - US 301 NB AT HYETTS CORNER,12585.1,2019-01-29 08:27:00-05,
2024-08-19 17:20:00-04,ND0228,N,62,73.62,2.79%,2,ND0228 - US 301 NB AT HYETTS CORNER,12585.1,2019-01-29 08:27:00-05,
2024-08-19 17:25:00-04,ND0228,N,65,73.42,2.68%,2,ND0228 - US 301 NB AT HYETTS CORNER,12585.1,2019-01-29 08:27:00-05,
2024-08-19 17:30:00-04,ND0228,N,51,75.40,2.04%,2,ND0228 - US 301 NB AT HYETTS CORNER,12585.1,2019-01-29 08:27:00-05,
2024-08-19 17:35:00-04,ND0228,N,70,74.41,3.54%,2,ND0228 - US 301 NB AT HYETTS CORNER,12585.1,2019-01-29 08:27:00-05,
2024-08-19 17:40:00-04,ND0228,N,51,78.31,1.87%,2,ND0228 - US 301 NB AT HYETTS CORNER,12585.1,2019-01-29 08:27:00-05,
2024-08-19 17:45:00-04,ND0228,N,55,77.67,2.17%,2,ND0228 - US 301 NB AT HYETTS CORNER,12585.1,2019-01-29 08:27:00-05,
2024-08-19 17:50:00-04,ND0228,N,55,77.47,1.97%,2,ND0228 - US 301 NB AT HYETTS CORNER,12585.1,2019-01-29 08:27:00-05,
2024-08-19 17:55:00-04,ND0228,N,44,75.91,1.67%,2,ND0228 - US 301 NB AT HYETTS CORNER,12585.1,2019-01-29 08:27:00-05,
2024-08-19 18:00:00-04,ND0228,N,52,77.35,2.36%,2,ND0228 - US 301 NB AT HYETTS CORNER,12585.1,2019-01-29 08:27:00-05,
2024-08-19 18:05:00-04,ND0228,N,61,77.16,2.43%,2,ND0228 - US 301 NB AT HYETTS CORNER,12585.1,2019-01-29 08:27:00-05,
2024-08-19 18:10:00-04,ND0228,N,50,77.18,1.79%,2,ND0228 - US 301 NB AT HYETTS CORNER,12585.1,2019-01-29 08:27:00-05,
2024-08-19 18:15:00-04,ND0228,N,60,74.06,2.53%,2,ND0228 - US 301 NB AT HYETTS CORNER,12585.1,2019-01-29 08:27:00-05,
2024-08-19 18:20:00-04,ND0228,N,62,76.18,2.66%,2,ND0228 - US 301 NB AT HYETTS CORNER,12585.1,2019-01-29 08:27:00-05,
2024-08-19 18:25:00-04,ND0228,N,75,77.37,3.24%,2,ND0228 - US 301 NB AT HYETTS CORNER,12585.1,2019-01-29 08:27:00-05,
2024-08-19 18:30:00-04,ND0228,N,63,75.60,2.56%,2,ND0228 - US 301 NB AT HYETTS CORNER,12585.1,2019-01-29 08:27:00-05,
2024-08-19 18:35:00-04,ND0228,N,70,75.86,3.07%,2,ND0228 - US 301 NB AT HYETTS CORNER,12585.1,2019-01-29 08:27:00-05,
2024-08-19 18:40:00-04,ND0228,N,84,76.39,3.92%,2,ND0228 - US 301 NB AT HYETTS CORNER,12585.1,2019-01-29 08:27:00-05,
2024-08-19 18:45:00-04,ND0228,N,62,74.40,3.39%,2,ND0228 - US 301 NB AT HYETTS CORNER,12585.1,2019-01-29 08:27:00-05,
2024-08-19 18:50:00-04,ND0228,N,56,76.00,2.06%,2,ND0228 - US 301 NB AT HYETTS CORNER,12585.1,2019-01-29 08:27:00-05,
2024-08-19 18:55:00-04,ND0228,N,42,75.56,2.20%,2,ND0228 - US 301 NB AT HYETTS CORNER,12585.1,2019-01-29 08:27:00-05,
2024-08-19 19:00:00-04,ND0228,N,57,76.54,2.36%,2,ND0228 - US 301 NB AT HYETTS CORNER,12585.1,2019-01-29 08:27:00-05,
2024-08-19 19:05:00-04,ND0228,N,53,77.08,2.37%,2,ND0228 - US 301 NB AT HYETTS CORNER,12585.1,2019-01-29 08:27:00-05,
2024-08-19 19:10:00-04,ND0228,N,44,79.75,1.79%,2,ND0228 - US 301 NB AT HYETTS CORNER,12585.1,2019-01-29 08:27:00-05,
2024-08-19 19:15:00-04,ND0228,N,48,78.80,1.84%,2,ND0228 - US 301 NB AT HYETTS CORNER,12585.1,2019-01-29 08:27:00-05,
2024-08-19 19:20:00-04,ND0228,N,48,75.83,1.82%,2,ND0228 - US 301 NB AT HYETTS CORNER,12585.1,2019-01-29 08:27:00-05,
2024-08-19 19:25:00-04,ND0228,N,50,77.46,1.95%,2,ND0228 - US 301 NB AT HYETTS CORNER,12585.1,2019-01-29 08:27:00-05,
2024-08-19 19:30:00-04,ND0228,N,33,76.72,1.45%,2,ND0228 - US 301 NB AT HYETTS CORNER,12585.1,2019-01-29 08:27:00-05,
2024-08-19 19:35:00-04,ND0228,N,29,75.65,1.37%,2,ND0228 - US 301 NB AT HYETTS CORNER,12585.1,2019-01-29 08:27:00-05,
2024-08-19 19:40:00-04,ND0228,N,31,73.09,1.24%,2,ND0228 - US 301 NB AT HYETTS CORNER,12585.1,2019-01-29 08:27:00-05,
2024-08-19 19:45:00-04,ND0228,N,27,75.53,1.40%,2,ND0228 - US 301 NB AT HYETTS CORNER,12585.1,2019-01-29 08:27:00-05,
2024-08-19 19:50:00-04,ND0228,N,44,76.90,1.83%,2,ND0228 - US 301 NB AT HYETTS CORNER,12585.1,2019-01-29 08:27:00-05,
2024-08-19 19:55:00-04,ND0228,N,24,76.07,1.11%,2,ND0228 - US 301 NB AT HYETTS CORNER,12585.1,2019-01-29 08:27:00-05,
2024-08-19 20:00:00-04,ND0228,N,29,74.61,1.77%,2,ND0228 - US 301 NB AT HYETTS CORNER,12585.1,2019-01-29 08:27:00-05,
2024-08-19 20:05:00-04,ND0228,N,26,76.08,1.39%,2,ND0228 - US 301 NB AT HYETTS CORNER,12585.1,2019-01-29 08:27:00-05,
2024-08-19 20:10:00-04,ND0228,N,34,73.53,1.58%,2,ND0228 - US 301 NB AT HYETTS CORNER,12585.1,2019-01-29 08:27:00-05,
2024-08-19 20:15:00-04,ND0228,N,20,74.58,1.14%,2,ND0228 - US 301 NB AT HYETTS CORNER,12585.1,2019-01-29 08:27:00-05,
2024-08-19 20:20:00-04,ND0228,N,26,73.84,1.09%,2,ND0228 - US 301 NB AT HYETTS CORNER,12585.1,2019-01-29 08:27:00-05,
2024-08-19 20:25:00-04,ND0228,N,19,70.22,1.13%,2,ND0228 - US 301 NB AT HYETTS CORNER,12585.1,2019-01-29 08:27:00-05,
2024-08-19 20:30:00-04,ND0228,N,17,68.96,0.93%,2,ND0228 - US 301 NB AT HYETTS CORNER,12585.1,2019-01-29 08:27:00-05,
2024-08-19 20:35:00-04,ND0228,N,28,69.20,1.51%,2,ND0228 - US 301 NB AT HYETTS CORNER,12585.1,2019-01-29 08:27:00-05,
2024-08-19 20:40:00-04,ND0228,N,22,67.39,1.56%,2,ND0228 - US 301 NB AT HYETTS CORNER,12585.1,2019-01-29 08:27:00-05,
2024-08-19 20:45:00-04,ND0228,N,22,71.42,1.20%,2,ND0228 - US 301 NB AT HYETTS CORNER,12585.1,2019-01-29 08:27:00-05,
2024-08-19 20:50:00-04,ND0228,N,23,68.87,1.40%,2,ND0228 - US 301 NB AT HYETTS CORNER,12585.1,2019-01-29 08:27:00-05,
2024-08-19 20:55:00-04,ND0228,N,18,71.04,0.80%,2,ND0228 - US 301 NB AT HYETTS CORNER,12585.1,2019-01-29 08:27:00-05,
2024-08-19 21:00:00-04,ND0228,N,19,70.98,1.06%,2,ND0228 - US 301 NB AT HYETTS CORNER,12585.1,2019-01-29 08:27:00-05,
2024-08-19 21:05:00-04,ND0228,N,20,68.47,1.06%,2,ND0228 - US 301 NB AT HYETTS CORNER,12585.1,2019-01-29 08:27:00-05,
2024-08-19 21:10:00-04,ND0228,N,15,67.75,0.98%,2,ND0228 - US 301 NB AT HYETTS CORNER,12585.1,2019-01-29 08:27:00-05,
2024-08-19 21:15:00-04,ND0228,N,12,73.75,0.56%,2,ND0228 - US 301 NB AT HYETTS CORNER,12585.1,2019-01-29 08:27:00-05,
2024-08-19 21:20:00-04,ND0228,N,19,74.03,1.03%,2,ND0228 - US 301 NB AT HYETTS CORNER,12585.1,2019-01-29 08:27:00-05,
2024-08-19 21:25:00-04,ND0228,N,15,75.48,0.64%,2,ND0228 - US 301 NB AT HYETTS CORNER,12585.1,2019-01-29 08:27:00-05,
2024-08-19 21:30:00-04,ND0228,N,23,74.20,1.56%,2,ND0228 - US 301 NB AT HYETTS CORNER,12585.1,2019-01-29 08:27:00-05,
2024-08-19 21:35:00-04,ND0228,N,17,71.51,1.27%,2,ND0228 - US 301 NB AT HYETTS CORNER,12585.1,2019-01-29 08:27:00-05,
2024-08-19 21:40:00-04,ND0228,N,14,74.08,0.82%,2,ND0228 - US 301 NB AT HYETTS CORNER,12585.1,2019-01-29 08:27:00-05,
2024-08-19 21:45:00-04,ND0228,N,16,69.90,0.79%,2,ND0228 - US 301 NB AT HYETTS CORNER,12585.1,2019-01-29 08:27:00-05,
2024-08-19 21:50:00-04,ND0228,N,16,77.06,0.95%,2,ND0228 - US 301 NB AT HYETTS CORNER,12585.1,2019-01-29 08:27:00-05,
2024-08-19 21:55:00-04,ND0228,N,17,77.92,1.26%,2,ND0228 - US 301 NB AT HYETTS CORNER,12585.1,2019-01-29 08:27:00-05,
2024-08-19 22:00:00-04,ND0228,N,8,71.71,0.50%,2,ND0228 - US 301 NB AT HYETTS CORNER,12585.1,2019-01-29 08:27:00-05,
2024-08-19 22:05:00-04,ND0228,N,10,74.39,0.58%,2,ND0228 - US 301 NB AT HYETTS CORNER,12585.1,2019-01-29 08:27:00-05,
2024-08-19 22:10:00-04,ND0228,N,5,67.46,0.47%,2,ND0228 - US 301 NB AT HYETTS CORNER,12585.1,2019-01-29 08:27:00-05,
2024-08-19 22:15:00-04,ND0228,N,18,69.50,1.56%,2,ND0228 - US 301 NB AT HYETTS CORNER,12585.1,2019-01-29 08:27:00-05,
2024-08-19 22:20:00-04,ND0228,N,12,67.96,1.15%,2,ND0228 - US 301 NB AT HYETTS CORNER,12585.1,2019-01-29 08:27:00-05,
2024-08-19 22:25:00-04,ND0228,N,8,69.90,0.54%,2,ND0228 - US 301 NB AT HYETTS CORNER,12585.1,2019-01-29 08:27:00-05,
2024-08-19 22:30:00-04,ND0228,N,11,73.03,0.55%,2,ND0228 - US 301 NB AT HYETTS CORNER,12585.1,2019-01-29 08:27:00-05,
2024-08-19 22:35:00-04,ND0228,N,10,72.88,0.92%,2,ND0228 - US 301 NB AT HYETTS CORNER,12585.1,2019-01-29 08:27:00-05,
2024-08-19 22:40:00-04,ND0228,N,19,69.22,1.47%,2,ND0228 - US 301 NB AT HYETTS CORNER,12585.1,2019-01-29 08:27:00-05,
2024-08-19 22:45:00-04,ND0228,N,15,74.21,0.91%,2,ND0228 - US 301 NB AT HYETTS CORNER,12585.1,2019-01-29 08:27:00-05,
2024-08-19 22:50:00-04,ND0228,N,7,73.19,0.35%,2,ND0228 - US 301 NB AT HYETTS CORNER,12585.1,2019-01-29 08:27:00-05,
2024-08-19 22:55:00-04,ND0228,N,4,70.42,0.66%,1,ND0228 - US 301 NB AT HYETTS CORNER,12585.1,2019-01-29 08:27:00-05,
2024-08-19 23:00:00-04,ND0228,N,13,71.43,1.11%,2,ND0228 - US 301 NB AT HYETTS CORNER,12585.1,2019-01-29 08:27:00-05,
2024-08-19 23:05:00-04,ND0228,N,13,68.21,1.20%,2,ND0228 - US 301 NB AT HYETTS CORNER,12585.1,2019-01-29 08:27:00-05,
2024-08-19 23:10:00-04,ND0228,N,5,66.52,0.39%,2,ND0228 - US 301 NB AT HYETTS CORNER,12585.1,2019-01-29 08:27:00-05,
2024-08-19 23:15:00-04,ND0228,N,6,67.78,0.80%,1,ND0228 - US 301 NB AT HYETTS CORNER,12585.1,2019-01-29 08:27:00-05,
2024-08-19 23:20:00-04,ND0228,N,11,71.36,0.92%,2,ND0228 - US 301 NB AT HYETTS CORNER,12585.1,2019-01-29 08:27:00-05,
2024-08-19 23:25:00-04,ND0228,N,8,73.60,0.38%,2,ND0228 - US 301 NB AT HYETTS CORNER,12585.1,2019-01-29 08:27:00-05,
2024-08-19 23:30:00-04,ND0228,N,10,75.87,1.14%,2,ND0228 - US 301 NB AT HYETTS CORNER,12585.1,2019-01-29 08:27:00-05,
2024-08-19 23:35:00-04,ND0228,N,5,67.02,1.02%,1,ND0228 - US 301 NB AT HYETTS CORNER,12585.1,2019-01-29 08:27:00-05,
2024-08-19 23:40:00-04,ND0228,N,6,75.92,0.30%,2,ND0228 - US 301 NB AT HYETTS CORNER,12585.1,2019-01-29 08:27:00-05,
2024-08-19 23:45:00-04,ND0228,N,7,77.25,0.54%,2,ND0228 - US 301 NB AT HYETTS CORNER,12585.1,2019-01-29 08:27:00-05,
2024-08-19 23:50:00-04,ND0228,N,8,74.42,0.96%,1,ND0228 - US 301 NB AT HYETTS CORNER,12585.1,2019-01-29 08:27:00-05,
2024-08-19 23:55:00-04,ND0228,N,4,68.70,0.89%,1,ND0228 - US 301 NB AT HYETTS CORNER,12585.1,2019-01-29 08:27:00-05,
2024-08-20 00:00:00-04,ND0228,N,7,69.01,0.39%,2,ND0228 - US 301 NB AT HYETTS CORNER,12585.1,2019-01-29 08:27:00-05,
2024-08-20 00:05:00-04,ND0228,N,3,69.22,0.84%,1,ND0228 - US 301 NB AT HYETTS CORNER,12585.1,2019-01-29 08:27:00-05,
2024-08-20 00:10:00-04,ND0228,N,3,76.13,0.20%,1,ND0228 - US 301 NB AT HYETTS CORNER,12585.1,2019-01-29 08:27:00-05,
2024-08-20 00:15:00-04,ND0228,N,3,72.64,0.57%,1,ND0228 - US 301 NB AT HYETTS CORNER,12585.1,2019-01-29 08:27:00-05,
2024-08-20 00:20:00-04,ND0228,N,5,72.59,0.39%,2,ND0228 - US 301 NB AT HYETTS CORNER,12585.1,2019-01-29 08:27:00-05,
2024-08-20 00:25:00-04,ND0228,N,5,69.50,0.42%,2,ND0228 - US 301 NB AT HYETTS CORNER,12585.1,2019-01-29 08:27:00-05,
2024-08-20 00:30:00-04,ND0228,N,14,66.34,0.99%,2,ND0228 - US 301 NB AT HYETTS CORNER,12585.1,2019-01-29 08:27:00-05,
2024-08-20 00:35:00-04,ND0228,N,3,69.73,0.28%,2,ND0228 - US 301 NB AT HYETTS CORNER,12585.1,2019-01-29 08:27:00-05,
2024-08-20 00:40:00-04,ND0228,N,4,62.24,0.28%,2,ND0228 - US 301 NB AT HYETTS CORNER,12585.1,2019-01-29 08:27:00-05,
2024-08-20 00:45:00-04,ND0228,N,3,66.56,0.21%,2,ND0228 - US 301 NB AT HYETTS CORNER,12585.1,2019-01-29 08:27:00-05,
2024-08-20 00:50:00-04,ND0228,N,3,67.47,0.41%,2,ND0228 - US 301 NB AT HYETTS CORNER,12585.1,2019-01-29 08:27:00-05,
2024-08-20 00:55:00-04,ND0228,N,5,70.34,0.52%,2,ND0228 - US 301 NB AT HYETTS CORNER,12585.1,2019-01-29 08:27:00-05,
2024-08-20 01:00:00-04,ND0228,N,4,66.30,0.72%,1,ND0228 - US 301 NB AT HYETTS CORNER,12585.1,2019-01-29 08:27:00-05,
2024-08-20 01:05:00-04,ND0228,N,5,68.56,0.36%,2,ND0228 - US 301 NB AT HYETTS CORNER,12585.1,2019-01-29 08:27:00-05,
2024-08-20 01:10:00-04,ND0228,N,4,66.81,0.89%,1,ND0228 - US 301 NB AT HYETTS CORNER,12585.1,2019-01-29 08:27:00-05,
2024-08-20 01:15:00-04,ND0228,N,5,67.44,0.47%,2,ND0228 - US 301 NB AT HYETTS CORNER,12585.1,2019-01-29 08:27:00-05,
2024-08-20 01:20:00-04,ND0228,N,6,65.77,0.79%,2,ND0228 - US 301 NB AT HYETTS CORNER,12585.1,2019-01-29 08:27:00-05,
2024-08-20 01:25:00-04,ND0228,N,6,71.94,0.54%,2,ND0228 - US 301 NB AT HYETTS CORNER,12585.1,2019-01-29 08:27:00-05,
2024-08-20 01:35:00-04,ND0228,N,3,66.73,0.84%,1,ND0228 - US 301 NB AT HYETTS CORNER,12585.1,2019-01-29 08:27:00-05,
2024-08-20 01:40:00-04,ND0228,N,4,70.70,0.54%,1,ND0228 - US 301 NB AT HYETTS CORNER,12585.1,2019-01-29 08:27:00-05,
2024-08-20 01:45:00-04,ND0228,N,6,75.08,0.61%,2,ND0228 - US 301 NB AT HYETTS CORNER,12585.1,2019-01-29 08:27:00-05,
2024-08-20 01:50:00-04,ND0228,N,4,71.19,0.24%,2,ND0228 - US 301 NB AT HYETTS CORNER,12585.1,2019-01-29 08:27:00-05,
2024-08-20 01:55:00-04,ND0228,N,6,67.96,1.47%,1,ND0228 - US 301 NB AT HYETTS CORNER,12585.1,2019-01-29 08:27:00-05,
2024-08-20 02:00:00-04,ND0228,N,5,72.96,0.47%,2,ND0228 - US 301 NB AT HYETTS CORNER,12585.1,2019-01-29 08:27:00-05,
2024-08-20 02:05:00-04,ND0228,N,1,70.68,0.21%,1,ND0228 - US 301 NB AT HYETTS CORNER,12585.1,2019-01-29 08:27:00-05,
2024-08-20 02:10:00-04,ND0228,N,3,71.22,0.61%,1,ND0228 - US 301 NB AT HYETTS CORNER,12585.1,2019-01-29 08:27:00-05,
2024-08-20 02:15:00-04,ND0228,N,4,73.75,0.46%,2,ND0228 - US 301 NB AT HYETTS CORNER,12585.1,2019-01-29 08:27:00-05,
2024-08-20 02:20:00-04,ND0228,N,3,69.76,0.28%,2,ND0228 - US 301 NB AT HYETTS CORNER,12585.1,2019-01-29 08:27:00-05,
2024-08-20 02:25:00-04,ND0228,N,2,75.93,0.17%,2,ND0228 - US 301 NB AT HYETTS CORNER,12585.1,2019-01-29 08:27:00-05,
2024-08-20 02:30:00-04,ND0228,N,3,67.52,0.73%,1,ND0228 - US 301 NB AT HYETTS CORNER,12585.1,2019-01-29 08:27:00-05,
2024-08-20 02:35:00-04,ND0228,N,6,68.07,0.52%,2,ND0228 - US 301 NB AT HYETTS CORNER,12585.1,2019-01-29 08:27:00-05,
2024-08-20 02:40:00-04,ND0228,N,3,68.70,0.86%,1,ND0228 - US 301 NB AT HYETTS CORNER,12585.1,2019-01-29 08:27:00-05,
2024-08-20 02:45:00-04,ND0228,N,5,70.81,0.59%,2,ND0228 - US 301 NB AT HYETTS CORNER,12585.1,2019-01-29 08:27:00-05,
2024-08-20 02:50:00-04,ND0228,N,5,70.80,0.32%,2,ND0228 - US 301 NB AT HYETTS CORNER,12585.1,2019-01-29 08:27:00-05,
2024-08-20 02:55:00-04,ND0228,N,4,68.93,0.25%,2,ND0228 - US 301 NB AT HYETTS CORNER,12585.1,2019-01-29 08:27:00-05,
2024-08-20 03:00:00-04,ND0228,N,3,69.42,0.43%,1,ND0228 - US 301 NB AT HYETTS CORNER,12585.1,2019-01-29 08:27:00-05,
2024-08-20 03:05:00-04,ND0228,N,7,71.00,1.28%,1,ND0228 - US 301 NB AT HYETTS CORNER,12585.1,2019-01-29 08:27:00-05,
2024-08-20 03:10:00-04,ND0228,N,6,70.34,0.46%,2,ND0228 - US 301 NB AT HYETTS CORNER,12585.1,2019-01-29 08:27:00-05,
2024-08-20 03:15:00-04,ND0228,N,7,76.21,0.54%,2,ND0228 - US 301 NB AT HYETTS CORNER,12585.1,2019-01-29 08:27:00-05,
2024-08-20 03:20:00-04,ND0228,N,10,71.75,0.65%,2,ND0228 - US 301 NB AT HYETTS CORNER,12585.1,2019-01-29 08:27:00-05,
2024-08-20 03:25:00-04,ND0228,N,7,71.44,0.35%,2,ND0228 - US 301 NB AT HYETTS CORNER,12585.1,2019-01-29 08:27:00-05,
2024-08-20 03:30:00-04,ND0228,N,6,70.96,0.51%,2,ND0228 - US 301 NB AT HYETTS CORNER,12585.1,2019-01-29 08:27:00-05,
2024-08-20 03:35:00-04,ND0228,N,8,74.15,0.47%,2,ND0228 - US 301 NB AT HYETTS CORNER,12585.1,2019-01-29 08:27:00-05,
2024-08-20 03:40:00-04,ND0228,N,7,68.66,0.40%,2,ND0228 - US 301 NB AT HYETTS CORNER,12585.1,2019-01-29 08:27:00-05,
2024-08-20 03:45:00-04,ND0228,N,6,72.62,0.45%,2,ND0228 - US 301 NB AT HYETTS CORNER,12585.1,2019-01-29 08:27:00-05,
2024-08-20 03:50:00-04,ND0228,N,8,72.86,1.16%,1,ND0228 - US 301 NB AT HYETTS CORNER,12585.1,2019-01-29 08:27:00-05,
2024-08-20 03:55:00-04,ND0228,N,11,72.04,1.01%,2,ND0228 - US 301 NB AT HYETTS CORNER,12585.1,2019-01-29 08:27:00-05,
2024-08-20 04:00:00-04,ND0228,N,3,68.21,0.25%,1,ND0228 - US 301 NB AT HYETTS CORNER,12585.1,2019-01-29 08:27:00-05,
2024-08-20 04:05:00-04,ND0228,N,7,74.86,0.37%,2,ND0228 - US 301 NB AT HYETTS CORNER,12585.1,2019-01-29 08:27:00-05,
2024-08-20 04:10:00-04,ND0228,N,15,72.29,0.86%,2,ND0228 - US 301 NB AT HYETTS CORNER,12585.1,2019-01-29 08:27:00-05,
2024-08-20 04:15:00-04,ND0228,N,5,74.62,0.24%,2,ND0228 - US 301 NB AT HYETTS CORNER,12585.1,2019-01-29 08:27:00-05,
2024-08-20 04:20:00-04,ND0228,N,14,75.15,1.14%,2,ND0228 - US 301 NB AT HYETTS CORNER,12585.1,2019-01-29 08:27:00-05,
2024-08-20 04:25:00-04,ND0228,N,7,71.80,0.74%,2,ND0228 - US 301 NB AT HYETTS CORNER,12585.1,2019-01-29 08:27:00-05,
2024-08-20 04:30:00-04,ND0228,N,10,75.47,0.48%,2,ND0228 - US 301 NB AT HYETTS CORNER,12585.1,2019-01-29 08:27:00-05,
2024-08-20 04:35:00-04,ND0228,N,10,70.24,0.82%,2,ND0228 - US 301 NB AT HYETTS CORNER,12585.1,2019-01-29 08:27:00-05,
2024-08-20 04:40:00-04,ND0228,N,11,73.66,1.29%,1,ND0228 - US 301 NB AT HYETTS CORNER,12585.1,2019-01-29 08:27:00-05,
2024-08-20 04:45:00-04,ND0228,N,12,68.78,0.90%,2,ND0228 - US 301 NB AT HYETTS CORNER,12585.1,2019-01-29 08:27:00-05,
2024-08-20 04:50:00-04,ND0228,N,15,77.39,0.75%,2,ND0228 - US 301 NB AT HYETTS CORNER,12585.1,2019-01-29 08:27:00-05,
2024-08-20 04:55:00-04,ND0228,N,16,75.75,0.68%,2,ND0228 - US 301 NB AT HYETTS CORNER,12585.1,2019-01-29 08:27:00-05,
2024-08-20 05:00:00-04,ND0228,N,18,75.38,0.83%,2,ND0228 - US 301 NB AT HYETTS CORNER,12585.1,2019-01-29 08:27:00-05,
2024-08-20 05:05:00-04,ND0228,N,28,72.92,1.70%,2,ND0228 - US 301 NB AT HYETTS CORNER,12585.1,2019-01-29 08:27:00-05,
2024-08-20 05:10:00-04,ND0228,N,17,72.48,1.02%,2,ND0228 - US 301 NB AT HYETTS CORNER,12585.1,2019-01-29 08:27:00-05,
2024-08-20 05:15:00-04,ND0228,N,32,73.46,1.85%,2,ND0228 - US 301 NB AT HYETTS CORNER,12585.1,2019-01-29 08:27:00-05,
2024-08-20 05:20:00-04,ND0228,N,16,77.88,0.88%,2,ND0228 - US 301 NB AT HYETTS CORNER,12585.1,2019-01-29 08:27:00-05,
2024-08-20 05:25:00-04,ND0228,N,28,75.71,1.26%,2,ND0228 - US 301 NB AT HYETTS CORNER,12585.1,2019-01-29 08:27:00-05,
2024-08-20 05:30:00-04,ND0228,N,32,75.17,1.58%,2,ND0228 - US 301 NB AT HYETTS CORNER,12585.1,2019-01-29 08:27:00-05,
2024-08-20 05:35:00-04,ND0228,N,31,73.91,1.57%,2,ND0228 - US 301 NB AT HYETTS CORNER,12585.1,2019-01-29 08:27:00-05,
2024-08-20 05:40:00-04,ND0228,N,37,77.38,1.55%,2,ND0228 - US 301 NB AT HYETTS CORNER,12585.1,2019-01-29 08:27:00-05,
2024-08-20 05:45:00-04,ND0228,N,30,75.85,1.40%,2,ND0228 - US 301 NB AT HYETTS CORNER,12585.1,2019-01-29 08:27:00-05,
2024-08-20 05:50:00-04,ND0228,N,27,72.96,1.45%,2,ND0228 - US 301 NB AT HYETTS CORNER,12585.1,2019-01-29 08:27:00-05,
2024-08-20 05:55:00-04,ND0228,N,37,76.11,1.74%,2,ND0228 - US 301 NB AT HYETTS CORNER,12585.1,2019-01-29 08:27:00-05,
2024-08-20 06:00:00-04,ND0228,N,37,78.75,1.62%,2,ND0228 - US 301 NB AT HYETTS CORNER,12585.1,2019-01-29 08:27:00-05,
2024-08-20 06:05:00-04,ND0228,N,51,75.84,2.73%,2,ND0228 - US 301 NB AT HYETTS CORNER,12585.1,2019-01-29 08:27:00-05,
2024-08-20 06:10:00-04,ND0228,N,39,77.32,1.58%,2,ND0228 - US 301 NB AT HYETTS CORNER,12585.1,2019-01-29 08:27:00-05,
2024-08-20 06:15:00-04,ND0228,N,55,76.43,2.31%,2,ND0228 - US 301 NB AT HYETTS CORNER,12585.1,2019-01-29 08:27:00-05,
2024-08-20 06:20:00-04,ND0228,N,65,77.97,2.67%,2,ND0228 - US 301 NB AT HYETTS CORNER,12585.1,2019-01-29 08:27:00-05,
2024-08-20 06:25:00-04,ND0228,N,67,75.37,2.70%,2,ND0228 - US 301 NB AT HYETTS CORNER,12585.1,2019-01-29 08:27:00-05,
2024-08-20 06:30:00-04,ND0228,N,79,77.89,3.01%,2,ND0228 - US 301 NB AT HYETTS CORNER,12585.1,2019-01-29 08:27:00-05,
2024-08-20 06:35:00-04,ND0228,N,67,76.32,2.53%,2,ND0228 - US 301 NB AT HYETTS CORNER,12585.1,2019-01-29 08:27:00-05,
2024-08-20 06:40:00-04,ND0228,N,78,77.06,3.04%,2,ND0228 - US 301 NB AT HYETTS CORNER,12585.1,2019-01-29 08:27:00-05,
2024-08-20 06:45:00-04,ND0228,N,76,76.99,3.10%,2,ND0228 - US 301 NB AT HYETTS CORNER,12585.1,2019-01-29 08:27:00-05,
2024-08-20 06:50:00-04,ND0228,N,76,77.08,3.09%,2,ND0228 - US 301 NB AT HYETTS CORNER,12585.1,2019-01-29 08:27:00-05,
2024-08-20 06:55:00-04,ND0228,N,69,75.51,3.08%,2,ND0228 - US 301 NB AT HYETTS CORNER,12585.1,2019-01-29 08:27:00-05,
2024-08-20 07:00:00-04,ND0228,N,74,76.04,3.04%,2,ND0228 - US 301 NB AT HYETTS CORNER,12585.1,2019-01-29 08:27:00-05,
2024-08-20 07:05:00-04,ND0228,N,82,75.28,3.32%,2,ND0228 - US 301 NB AT HYETTS CORNER,12585.1,2019-01-29 08:27:00-05,
2024-08-20 07:10:00-04,ND0228,N,79,77.69,3.10%,2,ND0228 - US 301 NB AT HYETTS CORNER,12585.1,2019-01-29 08:27:00-05,
2024-08-20 07:15:00-04,ND0228,N,85,75.65,3.40%,2,ND0228 - US 301 NB AT HYETTS CORNER,12585.1,2019-01-29 08:27:00-05,
2024-08-20 07:20:00-04,ND0228,N,92,78.23,3.46%,2,ND0228 - US 301 NB AT HYETTS CORNER,12585.1,2019-01-29 08:27:00-05,
2024-08-20 07:25:00-04,ND0228,N,100,77.17,3.79%,2,ND0228 - US 301 NB AT HYETTS CORNER,12585.1,2019-01-29 08:27:00-05,
2024-08-20 07:30:00-04,ND0228,N,121,76.01,5.13%,2,ND0228 - US 301 NB AT HYETTS CORNER,12585.1,2019-01-29 08:27:00-05,
2024-08-20 07:35:00-04,ND0228,N,85,77.14,3.33%,2,ND0228 - US 301 NB AT HYETTS CORNER,12585.1,2019-01-29 08:27:00-05,
2024-08-20 07:40:00-04,ND0228,N,94,78.63,3.21%,2,ND0228 - US 301 NB AT HYETTS CORNER,12585.1,2019-01-29 08:27:00-05,
2024-08-20 07:45:00-04,ND0228,N,80,77.36,2.94%,2,ND0228 - US 301 NB AT HYETTS CORNER,12585.1,2019-01-29 08:27:00-05,
2024-08-20 07:50:00-04,ND0228,N,91,76.36,3.38%,2,ND0228 - US 301 NB AT HYETTS CORNER,12585.1,2019-01-29 08:27:00-05,
2024-08-20 07:55:00-04,ND0228,N,81,77.59,3.12%,2,ND0228 - US 301 NB AT HYETTS CORNER,12585.1,2019-01-29 08:27:00-05,
2024-08-20 08:00:00-04,ND0228,N,70,77.06,2.77%,2,ND0228 - US 301 NB AT HYETTS CORNER,12585.1,2019-01-29 08:27:00-05,
2024-08-20 08:05:00-04,ND0228,N,62,75.83,2.50%,2,ND0228 - US 301 NB AT HYETTS CORNER,12585.1,2019-01-29 08:27:00-05,
2024-08-20 08:10:00-04,ND0228,N,78,76.24,3.61%,2,ND0228 - US 301 NB AT HYETTS CORNER,12585.1,2019-01-29 08:27:00-05,
2024-08-20 08:15:00-04,ND0228,N,66,74.12,2.77%,2,ND0228 - US 301 NB AT HYETTS CORNER,12585.1,2019-01-29 08:27:00-05,
2024-08-20 08:20:00-04,ND0228,N,81,76.91,3.12%,2,ND0228 - US 301 NB AT HYETTS CORNER,12585.1,2019-01-29 08:27:00-05,
2024-08-20 08:25:00-04,ND0228,N,88,76.28,3.32%,2,ND0228 - US 301 NB AT HYETTS CORNER,12585.1,2019-01-29 08:27:00-05,
2024-08-20 08:30:00-04,ND0228,N,73,75.12,2.89%,2,ND0228 - US 301 NB AT HYETTS CORNER,12585.1,2019-01-29 08:27:00-05,
2024-08-20 08:35:00-04,ND0228,N,60,77.92,2.40%,2,ND0228 - US 301 NB AT HYETTS CORNER,12585.1,2019-01-29 08:27:00-05,
2024-08-20 08:40:00-04,ND0228,N,78,75.52,3.40%,2,ND0228 - US 301 NB AT HYETTS CORNER,12585.1,2019-01-29 08:27:00-05,
2024-08-20 08:45:00-04,ND0228,N,69,76.58,2.84%,2,ND0228 - US 301 NB AT HYETTS CORNER,12585.1,2019-01-29 08:27:00-05,
2024-08-20 08:50:00-04,ND0228,N,72,74.38,3.50%,2,ND0228 - US 301 NB AT HYETTS CORNER,12585.1,2019-01-29 08:27:00-05,
2024-08-20 08:55:00-04,ND0228,N,66,73.70,3.07%,2,ND0228 - US 301 NB AT HYETTS CORNER,12585.1,2019-01-29 08:27:00-05,
2024-08-20 09:00:00-04,ND0228,N,66,74.75,2.69%,2,ND0228 - US 301 NB AT HYETTS CORNER,12585.1,2019-01-29 08:27:00-05,
2024-08-20 09:05:00-04,ND0228,N,59,76.52,2.46%,2,ND0228 - US 301 NB AT HYETTS CORNER,12585.1,2019-01-29 08:27:00-05,
2024-08-20 09:10:00-04,ND0228,N,53,74.68,2.24%,2,ND0228 - US 301 NB AT HYETTS CORNER,12585.1,2019-01-29 08:27:00-05,
2024-08-20 09:15:00-04,ND0228,N,58,75.30,2.36%,2,ND0228 - US 301 NB AT HYETTS CORNER,12585.1,2019-01-29 08:27:00-05,
2024-08-20 09:20:00-04,ND0228,N,70,76.29,2.72%,2,ND0228 - US 301 NB AT HYETTS CORNER,12585.1,2019-01-29 08:27:00-05,
2024-08-20 09:25:00-04,ND0228,N,58,75.14,2.54%,2,ND0228 - US 301 NB AT HYETTS CORNER,12585.1,2019-01-29 08:27:00-05,
2024-08-20 09:30:00-04,ND0228,N,53,75.64,2.18%,2,ND0228 - US 301 NB AT HYETTS CORNER,12585.1,2019-01-29 08:27:00-05,
2024-08-20 09:35:00-04,ND0228,N,63,73.76,2.83%,2,ND0228 - US 301 NB AT HYETTS CORNER,12585.1,2019-01-29 08:27:00-05,
2024-08-20 09:40:00-04,ND0228,N,55,74.06,2.36%,2,ND0228 - US 301 NB AT HYETTS CORNER,12585.1,2019-01-29 08:27:00-05,
2024-08-20 09:45:00-04,ND0228,N,57,75.58,2.41%,2,ND0228 - US 301 NB AT HYETTS CORNER,12585.1,2019-01-29 08:27:00-05,
2024-08-20 09:50:00-04,ND0228,N,41,73.47,2.16%,2,ND0228 - US 301 NB AT HYETTS CORNER,12585.1,2019-01-29 08:27:00-05,
2024-08-20 09:55:00-04,ND0228,N,54,75.03,2.35%,2,ND0228 - US 301 NB AT HYETTS CORNER,12585.1,2019-01-29 08:27:00-05,
2024-08-20 10:00:00-04,ND0228,N,58,77.22,2.49%,2,ND0228 - US 301 NB AT HYETTS CORNER,12585.1,2019-01-29 08:27:00-05,
2024-08-20 10:05:00-04,ND0228,N,54,74.23,2.68%,2,ND0228 - US 301 NB AT HYETTS CORNER,12585.1,2019-01-29 08:27:00-05,
2024-08-20 10:10:00-04,ND0228,N,46,74.43,2.22%,2,ND0228 - US 301 NB AT HYETTS CORNER,12585.1,2019-01-29 08:27:00-05,
2024-08-20 10:15:00-04,ND0228,N,57,72.59,2.91%,2,ND0228 - US 301 NB AT HYETTS CORNER,12585.1,2019-01-29 08:27:00-05,
2024-08-20 10:20:00-04,ND0228,N,53,74.52,2.19%,2,ND0228 - US 301 NB AT HYETTS CORNER,12585.1,2019-01-29 08:27:00-05,
2024-08-20 10:25:00-04,ND0228,N,47,76.32,2.36%,2,ND0228 - US 301 NB AT HYETTS CORNER,12585.1,2019-01-29 08:27:00-05,
2024-08-20 10:30:00-04,ND0228,N,45,73.48,2.04%,2,ND0228 - US 301 NB AT HYETTS CORNER,12585.1,2019-01-29 08:27:00-05,
2024-08-20 10:35:00-04,ND0228,N,50,73.73,2.40%,2,ND0228 - US 301 NB AT HYETTS CORNER,12585.1,2019-01-29 08:27:00-05,
2024-08-20 10:40:00-04,ND0228,N,33,71.64,1.63%,2,ND0228 - US 301 NB AT HYETTS CORNER,12585.1,2019-01-29 08:27:00-05,
2024-08-20 10:45:00-04,ND0228,N,48,75.36,2.35%,2,ND0228 - US 301 NB AT HYETTS CORNER,12585.1,2019-01-29 08:27:00-05,
2024-08-20 10:50:00-04,ND0228,N,31,73.26,1.28%,2,ND0228 - US 301 NB AT HYETTS CORNER,12585.1,2019-01-29 08:27:00-05,
2024-08-20 10:55:00-04,ND0228,N,33,74.74,1.85%,2,ND0228 - US 301 NB AT HYETTS CORNER,12585.1,2019-01-29 08:27:00-05,
2024-08-20 11:00:00-04,ND0228,N,37,75.21,1.63%,2,ND0228 - US 301 NB AT HYETTS CORNER,12585.1,2019-01-29 08:27:00-05,
2024-08-20 11:05:00-04,ND0228,N,42,75.93,2.15%,2,ND0228 - US 301 NB AT HYETTS CORNER,12585.1,2019-01-29 08:27:00-05,
2024-08-20 11:10:00-04,ND0228,N,38,74.30,1.87%,2,ND0228 - US 301 NB AT HYETTS CORNER,12585.1,2019-01-29 08:27:00-05,
2024-08-20 11:15:00-04,ND0228,N,48,75.39,2.08%,2,ND0228 - US 301 NB AT HYETTS CORNER,12585.1,2019-01-29 08:27:00-05,
2024-08-20 11:20:00-04,ND0228,N,52,74.97,2.40%,2,ND0228 - US 301 NB AT HYETTS CORNER,12585.1,2019-01-29 08:27:00-05,
2024-08-20 11:25:00-04,ND0228,N,49,76.18,2.37%,2,ND0228 - US 301 NB AT HYETTS CORNER,12585.1,2019-01-29 08:27:00-05,
2024-08-20 11:30:00-04,ND0228,N,48,74.91,2.69%,2,ND0228 - US 301 NB AT HYETTS CORNER,12585.1,2019-01-29 08:27:00-05,
2024-08-20 11:35:00-04,ND0228,N,53,76.51,2.30%,2,ND0228 - US 301 NB AT HYETTS CORNER,12585.1,2019-01-29 08:27:00-05,
2024-08-20 11:40:00-04,ND0228,N,42,75.24,2.21%,2,ND0228 - US 301 NB AT HYETTS CORNER,12585.1,2019-01-29 08:27:00-05,
2024-08-20 11:45:00-04,ND0228,N,49,72.76,2.26%,2,ND0228 - US 301 NB AT HYETTS CORNER,12585.1,2019-01-29 08:27:00-05,
2024-08-20 11:50:00-04,ND0228,N,47,72.46,2.53%,2,ND0228 - US 301 NB AT HYETTS CORNER,12585.1,2019-01-29 08:27:00-05,
2024-08-20 11:55:00-04,ND0228,N,36,75.88,1.68%,2,ND0228 - US 301 NB AT HYETTS CORNER,12585.1,2019-01-29 08:27:00-05,
2024-08-20 12:00:00-04,ND0228,N,58,74.96,2.88%,2,ND0228 - US 301 NB AT HYETTS CORNER,12585.1,2019-01-29 08:27:00-05,
2024-08-20 12:05:00-04,ND0228,N,43,75.58,2.13%,2,ND0228 - US 301 NB AT HYETTS CORNER,12585.1,2019-01-29 08:27:00-05,
2024-08-20 12:10:00-04,ND0228,N,65,74.56,2.89%,2,ND0228 - US 301 NB AT HYETTS CORNER,12585.1,2019-01-29 08:27:00-05,
2024-08-20 12:15:00-04,ND0228,N,46,73.70,2.43%,2,ND0228 - US 301 NB AT HYETTS CORNER,12585.1,2019-01-29 08:27:00-05,
2024-08-20 12:20:00-04,ND0228,N,60,74.66,2.62%,2,ND0228 - US 301 NB AT HYETTS CORNER,12585.1,2019-01-29 08:27:00-05,
2024-08-20 12:25:00-04,ND0228,N,51,76.69,2.35%,2,ND0228 - US 301 NB AT HYETTS CORNER,12585.1,2019-01-29 08:27:00-05,
2024-08-20 12:30:00-04,ND0228,N,65,74.64,2.96%,2,ND0228 - US 301 NB AT HYETTS CORNER,12585.1,2019-01-29 08:27:00-05,
2024-08-20 12:35:00-04,ND0228,N,73,75.43,2.99%,2,ND0228 - US 301 NB AT HYETTS CORNER,12585.1,2019-01-29 08:27:00-05,
2024-08-20 12:40:00-04,ND0228,N,39,76.25,1.87%,2,ND0228 - US 301 NB AT HYETTS CORNER,12585.1,2019-01-29 08:27:00-05,
2024-08-20 12:45:00-04,ND0228,N,57,74.29,2.57%,2,ND0228 - US 301 NB AT HYETTS CORNER,12585.1,2019-01-29 08:27:00-05,
2024-08-20 12:50:00-04,ND0228,N,54,75.75,2.43%,2,ND0228 - US 301 NB AT HYETTS CORNER,12585.1,2019-01-29 08:27:00-05,
2024-08-20 12:55:00-04,ND0228,N,51,67.20,3.42%,2,ND0228 - US 301 NB AT HYETTS CORNER,12585.1,2019-01-29 08:27:00-05,
2024-08-20 13:00:00-04,ND0228,N,50,76.14,2.67%,2,ND0228 - US 301 NB AT HYETTS CORNER,12585.1,2019-01-29 08:27:00-05,
2024-08-20 13:05:00-04,ND0228,N,44,72.59,2.38%,2,ND0228 - US 301 NB AT HYETTS CORNER,12585.1,2019-01-29 08:27:00-05,
2024-08-20 13:10:00-04,ND0228,N,42,74.95,2.30%,2,ND0228 - US 301 NB AT HYETTS CORNER,12585.1,2019-01-29 08:27:00-05,
2024-08-20 13:15:00-04,ND0228,N,50,74.15,2.39%,2,ND0228 - US 301 NB AT HYETTS CORNER,12585.1,2019-01-29 08:27:00-05,
2024-08-20 13:20:00-04,ND0228,N,70,72.35,3.31%,2,ND0228 - US 301 NB AT HYETTS CORNER,12585.1,2019-01-29 08:27:00-05,
2024-08-20 13:25:00-04,ND0228,N,51,75.40,2.65%,2,ND0228 - US 301 NB AT HYETTS CORNER,12585.1,2019-01-29 08:27:00-05,
2024-08-20 13:30:00-04,ND0228,N,62,75.73,2.85%,2,ND0228 - US 301 NB AT HYETTS CORNER,12585.1,2019-01-29 08:27:00-05,
2024-08-20 13:35:00-04,ND0228,N,51,73.79,2.60%,2,ND0228 - US 301 NB AT HYETTS CORNER,12585.1,2019-01-29 08:27:00-05,
2024-08-20 13:40:00-04,ND0228,N,45,71.48,2.72%,2,ND0228 - US 301 NB AT HYETTS CORNER,12585.1,2019-01-29 08:27:00-05,
2024-08-20 13:45:00-04,ND0228,N,49,74.81,2.10%,2,ND0228 - US 301 NB AT HYETTS CORNER,12585.1,2019-01-29 08:27:00-05,
2024-08-20 13:50:00-04,ND0228,N,51,75.81,2.07%,2,ND0228 - US 301 NB AT HYETTS CORNER,12585.1,2019-01-29 08:27:00-05,
2024-08-20 13:55:00-04,ND0228,N,53,78.27,2.26%,2,ND0228 - US 301 NB AT HYETTS CORNER,12585.1,2019-01-29 08:27:00-05,
2024-08-20 14:00:00-04,ND0228,N,47,75.54,1.94%,2,ND0228 - US 301 NB AT HYETTS CORNER,12585.1,2019-01-29 08:27:00-05,
2024-08-20 14:05:00-04,ND0228,N,40,75.37,1.83%,2,ND0228 - US 301 NB AT HYETTS CORNER,12585.1,2019-01-29 08:27:00-05,
2024-08-20 14:10:00-04,ND0228,N,48,73.99,2.58%,2,ND0228 - US 301 NB AT HYETTS CORNER,12585.1,2019-01-29 08:27:00-05,
2024-08-20 14:15:00-04,ND0228,N,58,76.11,2.89%,2,ND0228 - US 301 NB AT HYETTS CORNER,12585.1,2019-01-29 08:27:00-05,
2024-08-20 14:20:00-04,ND0228,N,44,76.93,1.90%,2,ND0228 - US 301 NB AT HYETTS CORNER,12585.1,2019-01-29 08:27:00-05,
2024-08-20 14:25:00-04,ND0228,N,37,72.96,2.06%,2,ND0228 - US 301 NB AT HYETTS CORNER,12585.1,2019-01-29 08:27:00-05,
2024-08-20 14:30:00-04,ND0228,N,54,73.44,2.88%,2,ND0228 - US 301 NB AT HYETTS CORNER,12585.1,2019-01-29 08:27:00-05,
2024-08-20 14:35:00-04,ND0228,N,58,76.87,2.49%,2,ND0228 - US 301 NB AT HYETTS CORNER,12585.1,2019-01-29 08:27:00-05,
2024-08-20 14:40:00-04,ND0228,N,49,77.15,2.05%,2,ND0228 - US 301 NB AT HYETTS CORNER,12585.1,2019-01-29 08:27:00-05,
2024-08-20 14:45:00-04,ND0228,N,52,76.63,2.27%,2,ND0228 - US 301 NB AT HYETTS CORNER,12585.1,2019-01-29 08:27:00-05,
2024-08-20 14:50:00-04,ND0228,N,46,76.57,2.16%,2,ND0228 - US 301 NB AT HYETTS CORNER,12585.1,2019-01-29 08:27:00-05,
2024-08-20 14:55:00-04,ND0228,N,57,76.15,2.75%,2,ND0228 - US 301 NB AT HYETTS CORNER,12585.1,2019-01-29 08:27:00-05,
2024-08-20 15:00:00-04,ND0228,N,58,76.96,2.37%,2,ND0228 - US 301 NB AT HYETTS CORNER,12585.1,2019-01-29 08:27:00-05,
2024-08-20 15:05:00-04,ND0228,N,45,74.87,2.30%,2,ND0228 - US 301 NB AT HYETTS CORNER,12585.1,2019-01-29 08:27:00-05,
2024-08-20 15:10:00-04,ND0228,N,61,76.79,2.72%,2,ND0228 - US 301 NB AT HYETTS CORNER,12585.1,2019-01-29 08:27:00-05,
2024-08-20 15:15:00-04,ND0228,N,45,75.93,2.15%,2,ND0228 - US 301 NB AT HYETTS CORNER,12585.1,2019-01-29 08:27:00-05,
2024-08-20 15:20:00-04,ND0228,N,50,74.41,2.22%,2,ND0228 - US 301 NB AT HYETTS CORNER,12585.1,2019-01-29 08:27:00-05,
2024-08-20 15:25:00-04,ND0228,N,56,76.63,2.48%,2,ND0228 - US 301 NB AT HYETTS CORNER,12585.1,2019-01-29 08:27:00-05,
2024-08-20 15:30:00-04,ND0228,N,43,77.31,1.85%,2,ND0228 - US 301 NB AT HYETTS CORNER,12585.1,2019-01-29 08:27:00-05,
2024-08-20 15:35:00-04,ND0228,N,70,75.35,3.50%,2,ND0228 - US 301 NB AT HYETTS CORNER,12585.1,2019-01-29 08:27:00-05,
2024-08-20 15:40:00-04,ND0228,N,47,77.47,1.96%,2,ND0228 - US 301 NB AT HYETTS CORNER,12585.1,2019-01-29 08:27:00-05,
2024-08-20 15:45:00-04,ND0228,N,71,76.50,3.37%,2,ND0228 - US 301 NB AT HYETTS CORNER,12585.1,2019-01-29 08:27:00-05,
2024-08-20 15:50:00-04,ND0228,N,60,76.72,2.52%,2,ND0228 - US 301 NB AT HYETTS CORNER,12585.1,2019-01-29 08:27:00-05,
2024-08-20 15:55:00-04,ND0228,N,56,75.19,2.62%,2,ND0228 - US 301 NB AT HYETTS CORNER,12585.1,2019-01-29 08:27:00-05,
2024-08-20 16:00:00-04,ND0228,N,53,77.06,2.43%,2,ND0228 - US 301 NB AT HYETTS CORNER,12585.1,2019-01-29 08:27:00-05,
2024-08-20 16:05:00-04,ND0228,N,54,77.14,2.41%,2,ND0228 - US 301 NB AT HYETTS CORNER,12585.1,2019-01-29 08:27:00-05,
2024-08-20 16:10:00-04,ND0228,N,71,77.56,3.31%,2,ND0228 - US 301 NB AT HYETTS CORNER,12585.1,2019-01-29 08:27:00-05,
2024-08-20 16:15:00-04,ND0228,N,73,77.21,2.96%,2,ND0228 - US 301 NB AT HYETTS CORNER,12585.1,2019-01-29 08:27:00-05,
2024-08-20 16:20:00-04,ND0228,N,89,78.07,3.53%,2,ND0228 - US 301 NB AT HYETTS CORNER,12585.1,2019-01-29 08:27:00-05,
2024-08-20 16:25:00-04,ND0228,N,76,77.12,3.18%,2,ND0228 - US 301 NB AT HYETTS CORNER,12585.1,2019-01-29 08:27:00-05,
2024-08-20 16:30:00-04,ND0228,N,63,79.21,2.78%,2,ND0228 - US 301 NB AT HYETTS CORNER,12585.1,2019-01-29 08:27:00-05,
2024-08-20 16:35:00-04,ND0228,N,65,75.26,2.97%,2,ND0228 - US 301 NB AT HYETTS CORNER,12585.1,2019-01-29 08:27:00-05,
2024-08-20 16:40:00-04,ND0228,N,78,75.10,2.97%,2,ND0228 - US 301 NB AT HYETTS CORNER,12585.1,2019-01-29 08:27:00-05,
2024-08-20 16:45:00-04,ND0228,N,71,78.41,2.66%,2,ND0228 - US 301 NB AT HYETTS CORNER,12585.1,2019-01-29 08:27:00-05,
2024-08-20 16:50:00-04,ND0228,N,68,80.29,2.32%,2,ND0228 - US 301 NB AT HYETTS CORNER,12585.1,2019-01-29 08:27:00-05,
2024-08-20 16:55:00-04,ND0228,N,70,77.38,2.91%,2,ND0228 - US 301 NB AT HYETTS CORNER,12585.1,2019-01-29 08:27:00-05,
2024-08-20 17:00:00-04,ND0228,N,76,75.84,3.15%,2,ND0228 - US 301 NB AT HYETTS CORNER,12585.1,2019-01-29 08:27:00-05,
2024-08-20 17:05:00-04,ND0228,N,70,75.29,3.21%,2,ND0228 - US 301 NB AT HYETTS CORNER,12585.1,2019-01-29 08:27:00-05,
2024-08-20 17:10:00-04,ND0228,N,87,77.51,3.58%,2,ND0228 - US 301 NB AT HYETTS CORNER,12585.1,2019-01-29 08:27:00-05,
2024-08-20 17:15:00-04,ND0228,N,85,75.92,3.59%,2,ND0228 - US 301 NB AT HYETTS CORNER,12585.1,2019-01-29 08:27:00-05,
2024-08-20 17:20:00-04,ND0228,N,92,76.71,3.78%,2,ND0228 - US 301 NB AT HYETTS CORNER,12585.1,2019-01-29 08:27:00-05,
2024-08-20 17:25:00-04,ND0228,N,67,78.10,2.64%,2,ND0228 - US 301 NB AT HYETTS CORNER,12585.1,2019-01-29 08:27:00-05,
2024-08-20 17:30:00-04,ND0228,N,88,76.05,3.70%,2,ND0228 - US 301 NB AT HYETTS CORNER,12585.1,2019-01-29 08:27:00-05,
2024-08-20 17:35:00-04,ND0228,N,69,77.69,2.82%,2,ND0228 - US 301 NB AT HYETTS CORNER,12585.1,2019-01-29 08:27:00-05,
2024-08-20 17:40:00-04,ND0228,N,83,75.42,3.77%,2,ND0228 - US 301 NB AT HYETTS CORNER,12585.1,2019-01-29 08:27:00-05,
2024-08-20 17:45:00-04,ND0228,N,83,76.09,3.62%,2,ND0228 - US 301 NB AT HYETTS CORNER,12585.1,2019-01-29 08:27:00-05,
2024-08-20 17:50:00-04,ND0228,N,73,76.25,3.20%,2,ND0228 - US 301 NB AT HYETTS CORNER,12585.1,2019-01-29 08:27:00-05,
2024-08-20 17:55:00-04,ND0228,N,62,74.23,3.13%,2,ND0228 - US 301 NB AT HYETTS CORNER,12585.1,2019-01-29 08:27:00-05,
2024-08-20 18:00:00-04,ND0228,N,60,77.53,2.51%,2,ND0228 - US 301 NB AT HYETTS CORNER,12585.1,2019-01-29 08:27:00-05,
2024-08-20 18:05:00-04,ND0228,N,79,76.53,3.44%,2,ND0228 - US 301 NB AT HYETTS CORNER,12585.1,2019-01-29 08:27:00-05,
2024-08-20 18:10:00-04,ND0228,N,75,75.69,3.09%,2,ND0228 - US 301 NB AT HYETTS CORNER,12585.1,2019-01-29 08:27:00-05,
2024-08-20 18:15:00-04,ND0228,N,70,74.27,3.56%,2,ND0228 - US 301 NB AT HYETTS CORNER,12585.1,2019-01-29 08:27:00-05,
2024-08-20 18:20:00-04,ND0228,N,66,75.03,3.01%,2,ND0228 - US 301 NB AT HYETTS CORNER,12585.1,2019-01-29 08:27:00-05,
2024-08-20 18:25:00-04,ND0228,N,71,77.85,2.85%,2,ND0228 - US 301 NB AT HYETTS CORNER,12585.1,2019-01-29 08:27:00-05,
2024-08-20 18:30:00-04,ND0228,N,64,74.48,2.55%,2,ND0228 - US 301 NB AT HYETTS CORNER,12585.1,2019-01-29 08:27:00-05,
2024-08-20 18:35:00-04,ND0228,N,54,75.63,2.27%,2,ND0228 - US 301 NB AT HYETTS CORNER,12585.1,2019-01-29 08:27:00-05,
2024-08-20 18:40:00-04,ND0228,N,58,78.19,2.38%,2,ND0228 - US 301 NB AT HYETTS CORNER,12585.1,2019-01-29 08:27:00-05,
2024-08-20 18:45:00-04,ND0228,N,76,76.52,3.18%,2,ND0228 - US 301 NB AT HYETTS CORNER,12585.1,2019-01-29 08:27:00-05,
2024-08-20 18:50:00-04,ND0228,N,48,76.82,1.78%,2,ND0228 - US 301 NB AT HYETTS CORNER,12585.1,2019-01-29 08:27:00-05,
2024-08-20 18:55:00-04,ND0228,N,60,75.69,2.88%,2,ND0228 - US 301 NB AT HYETTS CORNER,12585.1,2019-01-29 08:27:00-05,
2024-08-20 19:00:00-04,ND0228,N,60,75.09,2.57%,2,ND0228 - US 301 NB AT HYETTS CORNER,12585.1,2019-01-29 08:27:00-05,
2024-08-20 19:05:00-04,ND0228,N,56,75.84,2.29%,2,ND0228 - US 301 NB AT HYETTS CORNER,12585.1,2019-01-29 08:27:00-05,
2024-08-20 19:10:00-04,ND0228,N,60,74.94,2.75%,2,ND0228 - US 301 NB AT HYETTS CORNER,12585.1,2019-01-29 08:27:00-05,
2024-08-20 19:15:00-04,ND0228,N,39,76.34,1.49%,2,ND0228 - US 301 NB AT HYETTS CORNER,12585.1,2019-01-29 08:27:00-05,
2024-08-20 19:20:00-04,ND0228,N,39,75.68,1.73%,2,ND0228 - US 301 NB AT HYETTS CORNER,12585.1,2019-01-29 08:27:00-05,
2024-08-20 19:25:00-04,ND0228,N,45,76.41,1.71%,2,ND0228 - US 301 NB AT HYETTS CORNER,12585.1,2019-01-29 08:27:00-05,
2024-08-20 19:30:00-04,ND0228,N,40,75.65,1.92%,2,ND0228 - US 301 NB AT HYETTS CORNER,12585.1,2019-01-29 08:27:00-05,
2024-08-20 19:35:00-04,ND0228,N,37,75.12,1.63%,2,ND0228 - US 301 NB AT HYETTS CORNER,12585.1,2019-01-29 08:27:00-05,
2024-08-20 19:40:00-04,ND0228,N,30,74.79,1.50%,2,ND0228 - US 301 NB AT HYETTS CORNER,12585.1,2019-01-29 08:27:00-05,
2024-08-20 19:45:00-04,ND0228,N,41,77.76,1.76%,2,ND0228 - US 301 NB AT HYETTS CORNER,12585.1,2019-01-29 08:27:00-05,
2024-08-20 19:50:00-04,ND0228,N,42,77.74,1.99%,2,ND0228 - US 301 NB AT HYETTS CORNER,12585.1,2019-01-29 08:27:00-05,
2024-08-20 19:55:00-04,ND0228,N,22,73.57,1.56%,2,ND0228 - US 301 NB AT HYETTS CORNER,12585.1,2019-01-29 08:27:00-05,
2024-08-20 20:00:00-04,ND0228,N,35,75.42,1.72%,2,ND0228 - US 301 NB AT HYETTS CORNER,12585.1,2019-01-29 08:27:00-05,
2024-08-20 20:05:00-04,ND0228,N,39,76.54,1.92%,2,ND0228 - US 301 NB AT HYETTS CORNER,12585.1,2019-01-29 08:27:00-05,
2024-08-20 20:10:00-04,ND0228,N,20,76.91,0.85%,2,ND0228 - US 301 NB AT HYETTS CORNER,12585.1,2019-01-29 08:27:00-05,
2024-08-20 20:15:00-04,ND0228,N,28,75.20,1.50%,2,ND0228 - US 301 NB AT HYETTS CORNER,12585.1,2019-01-29 08:27:00-05,
2024-08-20 20:20:00-04,ND0228,N,17,75.56,0.70%,2,ND0228 - US 301 NB AT HYETTS CORNER,12585.1,2019-01-29 08:27:00-05,
2024-08-20 20:25:00-04,ND0228,N,27,76.68,1.33%,2,ND0228 - US 301 NB AT HYETTS CORNER,12585.1,2019-01-29 08:27:00-05,
2024-08-20 20:30:00-04,ND0228,N,14,70.64,0.74%,2,ND0228 - US 301 NB AT HYETTS CORNER,12585.1,2019-01-29 08:27:00-05,
2024-08-20 20:35:00-04,ND0228,N,23,73.08,1.11%,2,ND0228 - US 301 NB AT HYETTS CORNER,12585.1,2019-01-29 08:27:00-05,
2024-08-20 20:40:00-04,ND0228,N,9,72.98,0.53%,2,ND0228 - US 301 NB AT HYETTS CORNER,12585.1,2019-01-29 08:27:00-05,
2024-08-20 20:45:00-04,ND0228,N,32,73.17,1.47%,2,ND0228 - US 301 NB AT HYETTS CORNER,12585.1,2019-01-29 08:27:00-05,
2024-08-20 20:50:00-04,ND0228,N,18,71.21,1.03%,2,ND0228 - US 301 NB AT HYETTS CORNER,12585.1,2019-01-29 08:27:00-05,
2024-08-20 20:55:00-04,ND0228,N,20,73.17,1.40%,2,ND0228 - US 301 NB AT HYETTS CORNER,12585.1,2019-01-29 08:27:00-05,
2024-08-20 21:00:00-04,ND0228,N,26,69.62,1.96%,2,ND0228 - US 301 NB AT HYETTS CORNER,12585.1,2019-01-29 08:27:00-05,
2024-08-20 21:05:00-04,ND0228,N,22,71.71,1.04%,2,ND0228 - US 301 NB AT HYETTS CORNER,12585.1,2019-01-29 08:27:00-05,
2024-08-20 21:10:00-04,ND0228,N,20,73.59,1.48%,2,ND0228 - US 301 NB AT HYETTS CORNER,12585.1,2019-01-29 08:27:00-05,
2024-08-20 21:15:00-04,ND0228,N,17,71.11,0.79%,2,ND0228 - US 301 NB AT HYETTS CORNER,12585.1,2019-01-29 08:27:00-05,
2024-08-20 21:20:00-04,ND0228,N,23,74.62,1.48%,2,ND0228 - US 301 NB AT HYETTS CORNER,12585.1,2019-01-29 08:27:00-05,
2024-08-20 21:25:00-04,ND0228,N,14,71.91,2.26%,1,ND0228 - US 301 NB AT HYETTS CORNER,12585.1,2019-01-29 08:27:00-05,
2024-08-20 21:30:00-04,ND0228,N,16,77.60,1.02%,2,ND0228 - US 301 NB AT HYETTS CORNER,12585.1,2019-01-29 08:27:00-05,
2024-08-20 21:35:00-04,ND0228,N,17,71.27,1.13%,2,ND0228 - US 301 NB AT HYETTS CORNER,12585.1,2019-01-29 08:27:00-05,
2024-08-20 21:40:00-04,ND0228,N,15,72.53,0.99%,2,ND0228 - US 301 NB AT HYETTS CORNER,12585.1,2019-01-29 08:27:00-05,
2024-08-20 21:45:00-04,ND0228,N,11,68.01,1.50%,1,ND0228 - US 301 NB AT HYETTS CORNER,12585.1,2019-01-29 08:27:00-05,
2024-08-20 21:50:00-04,ND0228,N,14,74.06,1.04%,2,ND0228 - US 301 NB AT HYETTS CORNER,12585.1,2019-01-29 08:27:00-05,
2024-08-20 21:55:00-04,ND0228,N,14,75.93,0.96%,2,ND0228 - US 301 NB AT HYETTS CORNER,12585.1,2019-01-29 08:27:00-05,
2024-08-20 22:00:00-04,ND0228,N,8,70.57,1.29%,1,ND0228 - US 301 NB AT HYETTS CORNER,12585.1,2019-01-29 08:27:00-05,
2024-08-20 22:05:00-04,ND0228,N,8,70.32,0.53%,2,ND0228 - US 301 NB AT HYETTS CORNER,12585.1,2019-01-29 08:27:00-05,
2024-08-20 22:10:00-04,ND0228,N,17,69.04,1.13%,2,ND0228 - US 301 NB AT HYETTS CORNER,12585.1,2019-01-29 08:27:00-05,
2024-08-20 22:15:00-04,ND0228,N,16,73.63,1.08%,2,ND0228 - US 301 NB AT HYETTS CORNER,12585.1,2019-01-29 08:27:00-05,
2024-08-20 22:20:00-04,ND0228,N,11,73.75,1.14%,2,ND0228 - US 301 NB AT HYETTS CORNER,12585.1,2019-01-29 08:27:00-05,
2024-08-20 22:25:00-04,ND0228,N,10,73.21,0.64%,2,ND0228 - US 301 NB AT HYETTS CORNER,12585.1,2019-01-29 08:27:00-05,
2024-08-20 22:30:00-04,ND0228,N,6,67.37,0.27%,2,ND0228 - US 301 NB AT HYETTS CORNER,12585.1,2019-01-29 08:27:00-05,
2024-08-20 22:35:00-04,ND0228,N,14,73.49,1.01%,2,ND0228 - US 301 NB AT HYETTS CORNER,12585.1,2019-01-29 08:27:00-05,
2024-08-20 22:40:00-04,ND0228,N,12,75.95,1.15%,2,ND0228 - US 301 NB AT HYETTS CORNER,12585.1,2019-01-29 08:27:00-05,
2024-08-20 22:45:00-04,ND0228,N,15,75.05,0.96%,2,ND0228 - US 301 NB AT HYETTS CORNER,12585.1,2019-01-29 08:27:00-05,
2024-08-20 22:50:00-04,ND0228,N,10,74.11,0.72%,2,ND0228 - US 301 NB AT HYETTS CORNER,12585.1,2019-01-29 08:27:00-05,
2024-08-20 22:55:00-04,ND0228,N,8,69.56,1.21%,1,ND0228 - US 301 NB AT HYETTS CORNER,12585.1,2019-01-29 08:27:00-05,
2024-08-20 23:00:00-04,ND0228,N,10,68.77,0.91%,2,ND0228 - US 301 NB AT HYETTS CORNER,12585.1,2019-01-29 08:27:00-05,
2024-08-20 23:05:00-04,ND0228,N,10,70.41,0.75%,2,ND0228 - US 301 NB AT HYETTS CORNER,12585.1,2019-01-29 08:27:00-05,
2024-08-20 23:10:00-04,ND0228,N,11,71.85,1.25%,2,ND0228 - US 301 NB AT HYETTS CORNER,12585.1,2019-01-29 08:27:00-05,
2024-08-20 23:15:00-04,ND0228,N,9,67.60,1.17%,2,ND0228 - US 301 NB AT HYETTS CORNER,12585.1,2019-01-29 08:27:00-05,
2024-08-20 23:20:00-04,ND0228,N,8,72.47,0.63%,2,ND0228 - US 301 NB AT HYETTS CORNER,12585.1,2019-01-29 08:27:00-05,
2024-08-20 23:25:00-04,ND0228,N,13,72.37,0.88%,2,ND0228 - US 301 NB AT HYETTS CORNER,12585.1,2019-01-29 08:27:00-05,
2024-08-20 23:30:00-04,ND0228,N,10,68.19,1.98%,1,ND0228 - US 301 NB AT HYETTS CORNER,12585.1,2019-01-29 08:27:00-05,
2024-08-20 23:35:00-04,ND0228,N,6,68.82,1.36%,1,ND0228 - US 301 NB AT HYETTS CORNER,12585.1,2019-01-29 08:27:00-05,
2024-08-20 23:40:00-04,ND0228,N,11,72.05,1.10%,2,ND0228 - US 301 NB AT HYETTS CORNER,12585.1,2019-01-29 08:27:00-05,
2024-08-20 23:45:00-04,ND0228,N,6,69.70,1.29%,1,ND0228 - US 301 NB AT HYETTS CORNER,12585.1,2019-01-29 08:27:00-05,
2024-08-20 23:50:00-04,ND0228,N,8,67.59,1.66%,1,ND0228 - US 301 NB AT HYETTS CORNER,12585.1,2019-01-29 08:27:00-05,
2024-08-20 23:55:00-04,ND0228,N,6,66.72,0.53%,2,ND0228 - US 301 NB AT HYETTS CORNER,12585.1,2019-01-29 08:27:00-05,
2024-08-21 00:00:00-04,ND0228,N,1,65.98,0.12%,1,ND0228 - US 301 NB AT HYETTS CORNER,12585.1,2019-01-29 08:27:00-05,
2024-08-21 00:05:00-04,ND0228,N,7,71.40,0.86%,2,ND0228 - US 301 NB AT HYETTS CORNER,12585.1,2019-01-29 08:27:00-05,
2024-08-21 00:10:00-04,ND0228,N,4,76.27,0.37%,2,ND0228 - US 301 NB AT HYETTS CORNER,12585.1,2019-01-29 08:27:00-05,
2024-08-21 00:15:00-04,ND0228,N,7,69.70,1.55%,1,ND0228 - US 301 NB AT HYETTS CORNER,12585.1,2019-01-29 08:27:00-05,
2024-08-21 00:20:00-04,ND0228,N,5,67.71,1.40%,1,ND0228 - US 301 NB AT HYETTS CORNER,12585.1,2019-01-29 08:27:00-05,
2024-08-21 00:30:00-04,ND0228,N,6,66.19,0.49%,2,ND0228 - US 301 NB AT HYETTS CORNER,12585.1,2019-01-29 08:27:00-05,
2024-08-21 00:35:00-04,ND0228,N,6,67.84,0.63%,2,ND0228 - US 301 NB AT HYETTS CORNER,12585.1,2019-01-29 08:27:00-05,
2024-08-21 00:40:00-04,ND0228,N,3,70.73,0.31%,2,ND0228 - US 301 NB AT HYETTS CORNER,12585.1,2019-01-29 08:27:00-05,
2024-08-21 00:45:00-04,ND0228,N,7,65.72,1.16%,1,ND0228 - US 301 NB AT HYETTS CORNER,12585.1,2019-01-29 08:27:00-05,
2024-08-21 00:50:00-04,ND0228,N,5,73.76,0.50%,2,ND0228 - US 301 NB AT HYETTS CORNER,12585.1,2019-01-29 08:27:00-05,
2024-08-21 00:55:00-04,ND0228,N,4,65.71,0.40%,2,ND0228 - US 301 NB AT HYETTS CORNER,12585.1,2019-01-29 08:27:00-05,
2024-08-21 01:00:00-04,ND0228,N,3,75.03,0.20%,2,ND0228 - US 301 NB AT HYETTS CORNER,12585.1,2019-01-29 08:27:00-05,
2024-08-21 01:05:00-04,ND0228,N,5,72.10,0.46%,2,ND0228 - US 301 NB AT HYETTS CORNER,12585.1,2019-01-29 08:27:00-05,
2024-08-21 01:10:00-04,ND0228,N,4,69.21,0.43%,2,ND0228 - US 301 NB AT HYETTS CORNER,12585.1,2019-01-29 08:27:00-05,
2024-08-21 01:15:00-04,ND0228,N,2,70.01,0.51%,1,ND0228 - US 301 NB AT HYETTS CORNER,12585.1,2019-01-29 08:27:00-05,
2024-08-21 01:20:00-04,ND0228,N,4,70.46,0.54%,1,ND0228 - US 301 NB AT HYETTS CORNER,12585.1,2019-01-29 08:27:00-05,
2024-08-21 01:25:00-04,ND0228,N,5,74.96,0.50%,2,ND0228 - US 301 NB AT HYETTS CORNER,12585.1,2019-01-29 08:27:00-05,
2024-08-21 01:30:00-04,ND0228,N,3,68.41,0.58%,1,ND0228 - US 301 NB AT HYETTS CORNER,12585.1,2019-01-29 08:27:00-05,
2024-08-21 01:35:00-04,ND0228,N,8,70.73,1.75%,1,ND0228 - US 301 NB AT HYETTS CORNER,12585.1,2019-01-29 08:27:00-05,
2024-08-21 01:40:00-04,ND0228,N,5,70.83,0.54%,2,ND0228 - US 301 NB AT HYETTS CORNER,12585.1,2019-01-29 08:27:00-05,
2024-08-21 01:45:00-04,ND0228,N,3,70.29,0.59%,1,ND0228 - US 301 NB AT HYETTS CORNER,12585.1,2019-01-29 08:27:00-05,
2024-08-21 01:50:00-04,ND0228,N,3,66.28,0.33%,2,ND0228 - US 301 NB AT HYETTS CORNER,12585.1,2019-01-29 08:27:00-05,
2024-08-21 01:55:00-04,ND0228,N,6,67.16,0.60%,2,ND0228 - US 301 NB AT HYETTS CORNER,12585.1,2019-01-29 08:27:00-05,
2024-08-21 02:00:00-04,ND0228,N,4,65.42,0.39%,2,ND0228 - US 301 NB AT HYETTS CORNER,12585.1,2019-01-29 08:27:00-05,
2024-08-21 02:05:00-04,ND0228,N,7,66.07,0.77%,2,ND0228 - US 301 NB AT HYETTS CORNER,12585.1,2019-01-29 08:27:00-05,
2024-08-21 02:10:00-04,ND0228,N,2,73.09,0.34%,1,ND0228 - US 301 NB AT HYETTS CORNER,12585.1,2019-01-29 08:27:00-05,
2024-08-21 02:15:00-04,ND0228,N,6,69.32,0.71%,1,ND0228 - US 301 NB AT HYETTS CORNER,12585.1,2019-01-29 08:27:00-05,
2024-08-21 02:20:00-04,ND0228,N,2,68.26,0.37%,1,ND0228 - US 301 NB AT HYETTS CORNER,12585.1,2019-01-29 08:27:00-05,
2024-08-21 02:25:00-04,ND0228,N,1,60.93,0.30%,1,ND0228 - US 301 NB AT HYETTS CORNER,12585.1,2019-01-29 08:27:00-05,
2024-08-21 02:30:00-04,ND0228,N,2,65.14,0.38%,1,ND0228 - US 301 NB AT HYETTS CORNER,12585.1,2019-01-29 08:27:00-05,
2024-08-21 02:35:00-04,ND0228,N,1,66.18,0.28%,1,ND0228 - US 301 NB AT HYETTS CORNER,12585.1,2019-01-29 08:27:00-05,
2024-08-21 02:40:00-04,ND0228,N,11,73.56,0.91%,2,ND0228 - US 301 NB AT HYETTS CORNER,12585.1,2019-01-29 08:27:00-05,
2024-08-21 02:45:00-04,ND0228,N,7,69.51,0.58%,2,ND0228 - US 301 NB AT HYETTS CORNER,12585.1,2019-01-29 08:27:00-05,
2024-08-21 02:50:00-04,ND0228,N,3,75.98,0.20%,2,ND0228 - US 301 NB AT HYETTS CORNER,12585.1,2019-01-29 08:27:00-05,
2024-08-21 02:55:00-04,ND0228,N,2,72.91,0.29%,1,ND0228 - US 301 NB AT HYETTS CORNER,12585.1,2019-01-29 08:27:00-05,
2024-08-21 03:00:00-04,ND0228,N,7,69.69,0.77%,2,ND0228 - US 301 NB AT HYETTS CORNER,12585.1,2019-01-29 08:27:00-05,
2024-08-21 03:05:00-04,ND0228,N,5,72.87,0.53%,2,ND0228 - US 301 NB AT HYETTS CORNER,12585.1,2019-01-29 08:27:00-05,
2024-08-21 03:10:00-04,ND0228,N,5,71.78,0.69%,1,ND0228 - US 301 NB AT HYETTS CORNER,12585.1,2019-01-29 08:27:00-05,
2024-08-21 03:15:00-04,ND0228,N,4,71.29,0.66%,1,ND0228 - US 301 NB AT HYETTS CORNER,12585.1,2019-01-29 08:27:00-05,
2024-08-21 03:20:00-04,ND0228,N,9,74.46,0.59%,2,ND0228 - US 301 NB AT HYETTS CORNER,12585.1,2019-01-29 08:27:00-05,
2024-08-21 03:25:00-04,ND0228,N,5,69.99,0.39%,2,ND0228 - US 301 NB AT HYETTS CORNER,12585.1,2019-01-29 08:27:00-05,
2024-08-21 03:30:00-04,ND0228,N,4,70.79,0.34%,2,ND0228 - US 301 NB AT HYETTS CORNER,12585.1,2019-01-29 08:27:00-05,
2024-08-21 03:35:00-04,ND0228,N,8,73.87,0.58%,2,ND0228 - US 301 NB AT HYETTS CORNER,12585.1,2019-01-29 08:27:00-05,
2024-08-21 03:40:00-04,ND0228,N,6,68.25,0.39%,2,ND0228 - US 301 NB AT HYETTS CORNER,12585.1,2019-01-29 08:27:00-05,
2024-08-21 03:45:00-04,ND0228,N,7,73.40,0.48%,2,ND0228 - US 301 NB AT HYETTS CORNER,12585.1,2019-01-29 08:27:00-05,
2024-08-21 03:50:00-04,ND0228,N,7,74.54,0.45%,2,ND0228 - US 301 NB AT HYETTS CORNER,12585.1,2019-01-29 08:27:00-05,
2024-08-21 03:55:00-04,ND0228,N,7,72.44,0.57%,2,ND0228 - US 301 NB AT HYETTS CORNER,12585.1,2019-01-29 08:27:00-05,
2024-08-21 04:00:00-04,ND0228,N,10,78.10,0.50%,2,ND0228 - US 301 NB AT HYETTS CORNER,12585.1,2019-01-29 08:27:00-05,
2024-08-21 04:05:00-04,ND0228,N,4,72.04,0.70%,1,ND0228 - US 301 NB AT HYETTS CORNER,12585.1,2019-01-29 08:27:00-05,
2024-08-21 04:10:00-04,ND0228,N,11,72.25,0.75%,2,ND0228 - US 301 NB AT HYETTS CORNER,12585.1,2019-01-29 08:27:00-05,
2024-08-21 04:15:00-04,ND0228,N,11,75.87,0.88%,2,ND0228 - US 301 NB AT HYETTS CORNER,12585.1,2019-01-29 08:27:00-05,
2024-08-21 04:20:00-04,ND0228,N,6,74.18,0.42%,2,ND0228 - US 301 NB AT HYETTS CORNER,12585.1,2019-01-29 08:27:00-05,
2024-08-21 04:25:00-04,ND0228,N,15,72.34,1.13%,2,ND0228 - US 301 NB AT HYETTS CORNER,12585.1,2019-01-29 08:27:00-05,
2024-08-21 04:30:00-04,ND0228,N,11,70.63,0.82%,2,ND0228 - US 301 NB AT HYETTS CORNER,12585.1,2019-01-29 08:27:00-05,
2024-08-21 04:35:00-04,ND0228,N,15,74.63,0.93%,2,ND0228 - US 301 NB AT HYETTS CORNER,12585.1,2019-01-29 08:27:00-05,
2024-08-21 04:40:00-04,ND0228,N,8,74.25,0.39%,2,ND0228 - US 301 NB AT HYETTS CORNER,12585.1,2019-01-29 08:27:00-05,
2024-08-21 04:45:00-04,ND0228,N,12,75.60,1.02%,2,ND0228 - US 301 NB AT HYETTS CORNER,12585.1,2019-01-29 08:27:00-05,
2024-08-21 04:50:00-04,ND0228,N,17,73.71,0.94%,2,ND0228 - US 301 NB AT HYETTS CORNER,12585.1,2019-01-29 08:27:00-05,
2024-08-21 04:55:00-04,ND0228,N,14,76.26,0.51%,2,ND0228 - US 301 NB AT HYETTS CORNER,12585.1,2019-01-29 08:27:00-05,
2024-08-21 05:00:00-04,ND0228,N,15,71.47,1.05%,2,ND0228 - US 301 NB AT HYETTS CORNER,12585.1,2019-01-29 08:27:00-05,
2024-08-21 05:05:00-04,ND0228,N,16,77.91,0.71%,2,ND0228 - US 301 NB AT HYETTS CORNER,12585.1,2019-01-29 08:27:00-05,
2024-08-21 05:10:00-04,ND0228,N,16,74.23,1.09%,2,ND0228 - US 301 NB AT HYETTS CORNER,12585.1,2019-01-29 08:27:00-05,
2024-08-21 05:15:00-04,ND0228,N,36,75.45,2.02%,2,ND0228 - US 301 NB AT HYETTS CORNER,12585.1,2019-01-29 08:27:00-05,
2024-08-21 05:20:00-04,ND0228,N,21,74.24,1.05%,2,ND0228 - US 301 NB AT HYETTS CORNER,12585.1,2019-01-29 08:27:00-05,
2024-08-21 05:25:00-04,ND0228,N,32,75.41,1.43%,2,ND0228 - US 301 NB AT HYETTS CORNER,12585.1,2019-01-29 08:27:00-05,
2024-08-21 05:30:00-04,ND0228,N,24,73.78,1.21%,2,ND0228 - US 301 NB AT HYETTS CORNER,12585.1,2019-01-29 08:27:00-05,
2024-08-21 05:35:00-04,ND0228,N,37,73.91,1.85%,2,ND0228 - US 301 NB AT HYETTS CORNER,12585.1,2019-01-29 08:27:00-05,
2024-08-21 05:40:00-04,ND0228,N,30,75.72,1.36%,2,ND0228 - US 301 NB AT HYETTS CORNER,12585.1,2019-01-29 08:27:00-05,
2024-08-21 05:45:00-04,ND0228,N,27,75.87,1.27%,2,ND0228 - US 301 NB AT HYETTS CORNER,12585.1,2019-01-29 08:27:00-05,
2024-08-21 05:50:00-04,ND0228,N,28,78.47,1.04%,2,ND0228 - US 301 NB AT HYETTS CORNER,12585.1,2019-01-29 08:27:00-05,
2024-08-21 05:55:00-04,ND0228,N,42,74.95,1.89%,2,ND0228 - US 301 NB AT HYETTS CORNER,12585.1,2019-01-29 08:27:00-05,
2024-08-21 06:00:00-04,ND0228,N,48,74.11,2.15%,2,ND0228 - US 301 NB AT HYETTS CORNER,12585.1,2019-01-29 08:27:00-05,
2024-08-21 06:05:00-04,ND0228,N,41,76.88,2.20%,2,ND0228 - US 301 NB AT HYETTS CORNER,12585.1,2019-01-29 08:27:00-05,
2024-08-21 06:10:00-04,ND0228,N,59,74.84,2.74%,2,ND0228 - US 301 NB AT HYETTS CORNER,12585.1,2019-01-29 08:27:00-05,
2024-08-21 06:15:00-04,ND0228,N,44,76.96,1.83%,2,ND0228 - US 301 NB AT HYETTS CORNER,12585.1,2019-01-29 08:27:00-05,
2024-08-21 06:20:00-04,ND0228,N,60,76.79,2.61%,2,ND0228 - US 301 NB AT HYETTS CORNER,12585.1,2019-01-29 08:27:00-05,
2024-08-21 06:25:00-04,ND0228,N,67,77.21,2.47%,2,ND0228 - US 301 NB AT HYETTS CORNER,12585.1,2019-01-29 08:27:00-05,
2024-08-21 06:30:00-04,ND0228,N,65,77.12,2.38%,2,ND0228 - US 301 NB AT HYETTS CORNER,12585.1,2019-01-29 08:27:00-05,
2024-08-21 06:35:00-04,ND0228,N,92,77.36,3.49%,2,ND0228 - US 301 NB AT HYETTS CORNER,12585.1,2019-01-29 08:27:00-05,
2024-08-21 06:40:00-04,ND0228,N,76,79.44,2.62%,2,ND0228 - US 301 NB AT HYETTS CORNER,12585.1,2019-01-29 08:27:00-05,
2024-08-21 06:45:00-04,ND0228,N,72,77.29,3.03%,2,ND0228 - US 301 NB AT HYETTS CORNER,12585.1,2019-01-29 08:27:00-05,
2024-08-21 06:50:00-04,ND0228,N,73,76.71,2.87%,2,ND0228 - US 301 NB AT HYETTS CORNER,12585.1,2019-01-29 08:27:00-05,
2024-08-21 06:55:00-04,ND0228,N,56,76.53,2.17%,2,ND0228 - US 301 NB AT HYETTS CORNER,12585.1,2019-01-29 08:27:00-05,
2024-08-21 07:00:00-04,ND0228,N,74,76.88,3.00%,2,ND0228 - US 301 NB AT HYETTS CORNER,12585.1,2019-01-29 08:27:00-05,
2024-08-21 07:05:00-04,ND0228,N,72,75.06,3.11%,2,ND0228 - US 301 NB AT HYETTS CORNER,12585.1,2019-01-29 08:27:00-05,
2024-08-21 07:10:00-04,ND0228,N,93,74.51,3.67%,2,ND0228 - US 301 NB AT HYETTS CORNER,12585.1,2019-01-29 08:27:00-05,
2024-08-21 07:15:00-04,ND0228,N,84,77.53,3.29%,2,ND0228 - US 301 NB AT HYETTS CORNER,12585.1,2019-01-29 08:27:00-05,
2024-08-21 07:20:00-04,ND0228,N,74,77.86,2.81%,2,ND0228 - US 301 NB AT HYETTS CORNER,12585.1,2019-01-29 08:27:00-05,
2024-08-21 07:25:00-04,ND0228,N,105,78.76,3.87%,2,ND0228 - US 301 NB AT HYETTS CORNER,12585.1,2019-01-29 08:27:00-05,
2024-08-21 07:30:00-04,ND0228,N,107,76.91,3.83%,2,ND0228 - US 301 NB AT HYETTS CORNER,12585.1,2019-01-29 08:27:00-05,
2024-08-21 07:35:00-04,ND0228,N,72,76.99,2.73%,2,ND0228 - US 301 NB AT HYETTS CORNER,12585.1,2019-01-29 08:27:00-05,
2024-08-21 07:40:00-04,ND0228,N,99,76.83,3.80%,2,ND0228 - US 301 NB AT HYETTS CORNER,12585.1,2019-01-29 08:27:00-05,
2024-08-21 07:45:00-04,ND0228,N,76,76.84,3.07%,2,ND0228 - US 301 NB AT HYETTS CORNER,12585.1,2019-01-29 08:27:00-05,
2024-08-21 07:50:00-04,ND0228,N,84,77.46,3.06%,2,ND0228 - US 301 NB AT HYETTS CORNER,12585.1,2019-01-29 08:27:00-05,
2024-08-21 07:55:00-04,ND0228,N,80,76.14,3.46%,2,ND0228 - US 301 NB AT HYETTS CORNER,12585.1,2019-01-29 08:27:00-05,
2024-08-21 08:00:00-04,ND0228,N,82,76.26,3.43%,2,ND0228 - US 301 NB AT HYETTS CORNER,12585.1,2019-01-29 08:27:00-05,
2024-08-21 08:05:00-04,ND0228,N,88,75.15,4.16%,2,ND0228 - US 301 NB AT HYETTS CORNER,12585.1,2019-01-29 08:27:00-05,
2024-08-21 08:10:00-04,ND0228,N,66,77.25,2.72%,2,ND0228 - US 301 NB AT HYETTS CORNER,12585.1,2019-01-29 08:27:00-05,
2024-08-21 08:15:00-04,ND0228,N,86,77.09,3.51%,2,ND0228 - US 301 NB AT HYETTS CORNER,12585.1,2019-01-29 08:27:00-05,
2024-08-21 08:20:00-04,ND0228,N,76,74.94,3.12%,2,ND0228 - US 301 NB AT HYETTS CORNER,12585.1,2019-01-29 08:27:00-05,
2024-08-21 08:25:00-04,ND0228,N,83,76.07,3.54%,2,ND0228 - US 301 NB AT HYETTS CORNER,12585.1,2019-01-29 08:27:00-05,
2024-08-21 08:30:00-04,ND0228,N,83,76.09,3.18%,2,ND0228 - US 301 NB AT HYETTS CORNER,12585.1,2019-01-29 08:27:00-05,
2024-08-21 08:35:00-04,ND0228,N,75,77.51,2.79%,2,ND0228 - US 301 NB AT HYETTS CORNER,12585.1,2019-01-29 08:27:00-05,
2024-08-21 08:40:00-04,ND0228,N,92,73.95,4.14%,2,ND0228 - US 301 NB AT HYETTS CORNER,12585.1,2019-01-29 08:27:00-05,
2024-08-21 08:45:00-04,ND0228,N,79,75.22,3.53%,2,ND0228 - US 301 NB AT HYETTS CORNER,12585.1,2019-01-29 08:27:00-05,
2024-08-21 08:50:00-04,ND0228,N,64,78.67,2.94%,2,ND0228 - US 301 NB AT HYETTS CORNER,12585.1,2019-01-29 08:27:00-05,
2024-08-21 08:55:00-04,ND0228,N,62,77.07,2.47%,2,ND0228 - US 301 NB AT HYETTS CORNER,12585.1,2019-01-29 08:27:00-05,
2024-08-21 09:00:00-04,ND0228,N,71,74.03,3.20%,2,ND0228 - US 301 NB AT HYETTS CORNER,12585.1,2019-01-29 08:27:00-05,
2024-08-21 09:05:00-04,ND0228,N,49,77.20,1.78%,2,ND0228 - US 301 NB AT HYETTS CORNER,12585.1,2019-01-29 08:27:00-05,
2024-08-21 09:10:00-04,ND0228,N,57,75.85,2.32%,2,ND0228 - US 301 NB AT HYETTS CORNER,12585.1,2019-01-29 08:27:00-05,
2024-08-21 09:15:00-04,ND0228,N,66,75.76,2.96%,2,ND0228 - US 301 NB AT HYETTS CORNER,12585.1,2019-01-29 08:27:00-05,
2024-08-21 09:20:00-04,ND0228,N,61,74.12,2.75%,2,ND0228 - US 301 NB AT HYETTS CORNER,12585.1,2019-01-29 08:27:00-05,
2024-08-21 09:25:00-04,ND0228,N,61,74.54,2.41%,2,ND0228 - US 301 NB AT HYETTS CORNER,12585.1,2019-01-29 08:27:00-05,
2024-08-21 09:30:00-04,ND0228,N,59,73.54,2.69%,2,ND0228 - US 301 NB AT HYETTS CORNER,12585.1,2019-01-29 08:27:00-05,
2024-08-21 09:35:00-04,ND0228,N,51,75.25,2.65%,2,ND0228 - US 301 NB AT HYETTS CORNER,12585.1,2019-01-29 08:27:00-05,
2024-08-21 09:40:00-04,ND0228,N,56,73.49,2.57%,2,ND0228 - US 301 NB AT HYETTS CORNER,12585.1,2019-01-29 08:27:00-05,
2024-08-21 09:45:00-04,ND0228,N,49,74.00,2.16%,2,ND0228 - US 301 NB AT HYETTS CORNER,12585.1,2019-01-29 08:27:00-05,
2024-08-21 09:50:00-04,ND0228,N,47,74.75,2.12%,2,ND0228 - US 301 NB AT HYETTS CORNER,12585.1,2019-01-29 08:27:00-05,
2024-08-21 09:55:00-04,ND0228,N,42,75.96,1.78%,2,ND0228 - US 301 NB AT HYETTS CORNER,12585.1,2019-01-29 08:27:00-05,
2024-08-21 10:00:00-04,ND0228,N,60,75.45,3.01%,2,ND0228 - US 301 NB AT HYETTS CORNER,12585.1,2019-01-29 08:27:00-05,
2024-08-21 10:05:00-04,ND0228,N,38,78.45,1.65%,2,ND0228 - US 301 NB AT HYETTS CORNER,12585.1,2019-01-29 08:27:00-05,
2024-08-21 10:10:00-04,ND0228,N,53,75.37,2.70%,2,ND0228 - US 301 NB AT HYETTS CORNER,12585.1,2019-01-29 08:27:00-05,
2024-08-21 10:15:00-04,ND0228,N,54,72.72,2.74%,2,ND0228 - US 301 NB AT HYETTS CORNER,12585.1,2019-01-29 08:27:00-05,
2024-08-21 10:20:00-04,ND0228,N,48,75.29,2.34%,2,ND0228 - US 301 NB AT HYETTS CORNER,12585.1,2019-01-29 08:27:00-05,
2024-08-21 10:25:00-04,ND0228,N,64,75.08,2.92%,2,ND0228 - US 301 NB AT HYETTS CORNER,12585.1,2019-01-29 08:27:00-05,
2024-08-21 10:30:00-04,ND0228,N,56,75.76,2.49%,2,ND0228 - US 301 NB AT HYETTS CORNER,12585.1,2019-01-29 08:27:00-05,
2024-08-21 10:35:00-04,ND0228,N,68,74.16,2.95%,2,ND0228 - US 301 NB AT HYETTS CORNER,12585.1,2019-01-29 08:27:00-05,
2024-08-21 10:40:00-04,ND0228,N,57,74.69,2.67%,2,ND0228 - US 301 NB AT HYETTS CORNER,12585.1,2019-01-29 08:27:00-05,
2024-08-21 10:45:00-04,ND0228,N,51,75.29,2.27%,2,ND0228 - US 301 NB AT HYETTS CORNER,12585.1,2019-01-29 08:27:00-05,
2024-08-21 10:50:00-04,ND0228,N,44,73.79,2.22%,2,ND0228 - US 301 NB AT HYETTS CORNER,12585.1,2019-01-29 08:27:00-05,
2024-08-21 10:55:00-04,ND0228,N,52,74.52,2.53%,2,ND0228 - US 301 NB AT HYETTS CORNER,12585.1,2019-01-29 08:27:00-05,
2024-08-21 11:00:00-04,ND0228,N,45,76.21,2.27%,2,ND0228 - US 301 NB AT HYETTS CORNER,12585.1,2019-01-29 08:27:00-05,
2024-08-21 11:05:00-04,ND0228,N,49,74.31,2.57%,2,ND0228 - US 301 NB AT HYETTS CORNER,12585.1,2019-01-29 08:27:00-05,
2024-08-21 11:10:00-04,ND0228,N,60,77.22,2.63%,2,ND0228 - US 301 NB AT HYETTS CORNER,12585.1,2019-01-29 08:27:00-05,
2024-08-21 11:15:00-04,ND0228,N,55,73.43,2.45%,2,ND0228 - US 301 NB AT HYETTS CORNER,12585.1,2019-01-29 08:27:00-05,
2024-08-21 11:20:00-04,ND0228,N,45,73.90,2.30%,2,ND0228 - US 301 NB AT HYETTS CORNER,12585.1,2019-01-29 08:27:00-05,
2024-08-21 11:25:00-04,ND0228,N,61,76.78,2.84%,2,ND0228 - US 301 NB AT HYETTS CORNER,12585.1,2019-01-29 08:27:00-05,
2024-08-21 11:30:00-04,ND0228,N,49,78.43,2.10%,2,ND0228 - US 301 NB AT HYETTS CORNER,12585.1,2019-01-29 08:27:00-05,
2024-08-21 11:35:00-04,ND0228,N,56,75.68,2.38%,2,ND0228 - US 301 NB AT HYETTS CORNER,12585.1,2019-01-29 08:27:00-05,
2024-08-21 11:40:00-04,ND0228,N,47,75.00,2.19%,2,ND0228 - US 301 NB AT HYETTS CORNER,12585.1,2019-01-29 08:27:00-05,
2024-08-21 11:45:00-04,ND0228,N,33,74.39,1.48%,2,ND0228 - US 301 NB AT HYETTS CORNER,12585.1,2019-01-29 08:27:00-05,
2024-08-21 11:50:00-04,ND0228,N,48,75.44,2.39%,2,ND0228 - US 301 NB AT HYETTS CORNER,12585.1,2019-01-29 08:27:00-05,
2024-08-21 11:55:00-04,ND0228,N,39,74.14,1.76%,2,ND0228 - US 301 NB AT HYETTS CORNER,12585.1,2019-01-29 08:27:00-05,
2024-08-21 12:00:00-04,ND0228,N,46,79.93,2.01%,2,ND0228 - US 301 NB AT HYETTS CORNER,12585.1,2019-01-29 08:27:00-05,
2024-08-21 12:05:00-04,ND0228,N,44,73.46,2.27%,2,ND0228 - US 301 NB AT HYETTS CORNER,12585.1,2019-01-29 08:27:00-05,
2024-08-21 12:10:00-04,ND0228,N,43,74.70,2.05%,2,ND0228 - US 301 NB AT HYETTS CORNER,12585.1,2019-01-29 08:27:00-05,
2024-08-21 12:15:00-04,ND0228,N,59,74.50,2.68%,2,ND0228 - US 301 NB AT HYETTS CORNER,12585.1,2019-01-29 08:27:00-05,
2024-08-21 12:20:00-04,ND0228,N,59,72.81,3.35%,2,ND0228 - US 301 NB AT HYETTS CORNER,12585.1,2019-01-29 08:27:00-05,
2024-08-21 12:25:00-04,ND0228,N,57,75.61,2.36%,2,ND0228 - US 301 NB AT HYETTS CORNER,12585.1,2019-01-29 08:27:00-05,
2024-08-21 12:30:00-04,ND0228,N,47,74.83,2.53%,2,ND0228 - US 301 NB AT HYETTS CORNER,12585.1,2019-01-29 08:27:00-05,
2024-08-21 12:35:00-04,ND0228,N,43,77.30,1.74%,2,ND0228 - US 301 NB AT HYETTS CORNER,12585.1,2019-01-29 08:27:00-05,
2024-08-21 12:40:00-04,ND0228,N,53,73.41,2.23%,2,ND0228 - US 301 NB AT HYETTS CORNER,12585.1,2019-01-29 08:27:00-05,
2024-08-21 12:45:00-04,ND0228,N,50,74.87,2.29%,2,ND0228 - US 301 NB AT HYETTS CORNER,12585.1,2019-01-29 08:27:00-05,
2024-08-21 12:50:00-04,ND0228,N,50,75.92,2.54%,2,ND0228 - US 301 NB AT HYETTS CORNER,12585.1,2019-01-29 08:27:00-05,
2024-08-21 12:55:00-04,ND0228,N,37,73.18,1.94%,2,ND0228 - US 301 NB AT HYETTS CORNER,12585.1,2019-01-29 08:27:00-05,
2024-08-21 13:00:00-04,ND0228,N,47,75.57,2.36%,2,ND0228 - US 301 NB AT HYETTS CORNER,12585.1,2019-01-29 08:27:00-05,
2024-08-21 13:05:00-04,ND0228,N,41,72.97,1.87%,2,ND0228 - US 301 NB AT HYETTS CORNER,12585.1,2019-01-29 08:27:00-05,
2024-08-21 13:10:00-04,ND0228,N,58,74.10,2.96%,2,ND0228 - US 301 NB AT HYETTS CORNER,12585.1,2019-01-29 08:27:00-05,
2024-08-21 13:15:00-04,ND0228,N,57,74.80,2.60%,2,ND0228 - US 301 NB AT HYETTS CORNER,12585.1,2019-01-29 08:27:00-05,
2024-08-21 13:20:00-04,ND0228,N,46,75.06,2.10%,2,ND0228 - US 301 NB AT HYETTS CORNER,12585.1,2019-01-29 08:27:00-05,
2024-08-21 13:25:00-04,ND0228,N,48,72.77,2.27%,2,ND0228 - US 301 NB AT HYETTS CORNER,12585.1,2019-01-29 08:27:00-05,
2024-08-21 13:30:00-04,ND0228,N,45,75.15,2.05%,2,ND0228 - US 301 NB AT HYETTS CORNER,12585.1,2019-01-29 08:27:00-05,
2024-08-21 13:35:00-04,ND0228,N,60,75.75,2.71%,2,ND0228 - US 301 NB AT HYETTS CORNER,12585.1,2019-01-29 08:27:00-05,
2024-08-21 13:40:00-04,ND0228,N,44,77.21,2.16%,2,ND0228 - US 301 NB AT HYETTS CORNER,12585.1,2019-01-29 08:27:00-05,
2024-08-21 13:45:00-04,ND0228,N,52,78.30,2.05%,2,ND0228 - US 301 NB AT HYETTS CORNER,12585.1,2019-01-29 08:27:00-05,
2024-08-21 13:50:00-04,ND0228,N,43,76.73,1.96%,2,ND0228 - US 301 NB AT HYETTS CORNER,12585.1,2019-01-29 08:27:00-05,
2024-08-21 13:55:00-04,ND0228,N,44,74.87,2.14%,2,ND0228 - US 301 NB AT HYETTS CORNER,12585.1,2019-01-29 08:27:00-05,
2024-08-21 14:00:00-04,ND0228,N,48,76.19,1.94%,2,ND0228 - US 301 NB AT HYETTS CORNER,12585.1,2019-01-29 08:27:00-05,
2024-08-21 14:05:00-04,ND0228,N,29,72.89,3.22%,1,ND0228 - US 301 NB AT HYETTS CORNER,12585.1,2019-01-29 08:27:00-05,
2024-08-21 14:10:00-04,ND0228,N,55,77.71,2.40%,2,ND0228 - US 301 NB AT HYETTS CORNER,12585.1,2019-01-29 08:27:00-05,
2024-08-21 14:15:00-04,ND0228,N,48,76.97,2.18%,2,ND0228 - US 301 NB AT HYETTS CORNER,12585.1,2019-01-29 08:27:00-05,
2024-08-21 14:20:00-04,ND0228,N,49,75.50,2.21%,2,ND0228 - US 301 NB AT HYETTS CORNER,12585.1,2019-01-29 08:27:00-05,
2024-08-21 14:25:00-04,ND0228,N,68,75.24,3.12%,2,ND0228 - US 301 NB AT HYETTS CORNER,12585.1,2019-01-29 08:27:00-05,
2024-08-21 14:30:00-04,ND0228,N,62,73.53,2.75%,2,ND0228 - US 301 NB AT HYETTS CORNER,12585.1,2019-01-29 08:27:00-05,
2024-08-21 14:35:00-04,ND0228,N,61,76.53,2.83%,2,ND0228 - US 301 NB AT HYETTS CORNER,12585.1,2019-01-29 08:27:00-05,
2024-08-21 14:40:00-04,ND0228,N,76,75.80,3.24%,2,ND0228 - US 301 NB AT HYETTS CORNER,12585.1,2019-01-29 08:27:00-05,
2024-08-21 14:45:00-04,ND0228,N,66,77.06,3.37%,2,ND0228 - US 301 NB AT HYETTS CORNER,12585.1,2019-01-29 08:27:00-05,
2024-08-21 14:50:00-04,ND0228,N,79,75.85,3.37%,2,ND0228 - US 301 NB AT HYETTS CORNER,12585.1,2019-01-29 08:27:00-05,
2024-08-21 14:55:00-04,ND0228,N,58,74.20,2.70%,2,ND0228 - US 301 NB AT HYETTS CORNER,12585.1,2019-01-29 08:27:00-05,
2024-08-21 15:00:00-04,ND0228,N,72,74.04,3.24%,2,ND0228 - US 301 NB AT HYETTS CORNER,12585.1,2019-01-29 08:27:00-05,
2024-08-21 15:05:00-04,ND0228,N,88,75.68,3.94%,2,ND0228 - US 301 NB AT HYETTS CORNER,12585.1,2019-01-29 08:27:00-05,
2024-08-21 15:10:00-04,ND0228,N,86,74.01,3.59%,2,ND0228 - US 301 NB AT HYETTS CORNER,12585.1,2019-01-29 08:27:00-05,
2024-08-21 15:15:00-04,ND0228,N,76,75.44,3.15%,2,ND0228 - US 301 NB AT HYETTS CORNER,12585.1,2019-01-29 08:27:00-05,
2024-08-21 15:20:00-04,ND0228,N,65,77.72,2.95%,2,ND0228 - US 301 NB AT HYETTS CORNER,12585.1,2019-01-29 08:27:00-05,
2024-08-21 15:25:00-04,ND0228,N,45,76.18,1.86%,2,ND0228 - US 301 NB AT HYETTS CORNER,12585.1,2019-01-29 08:27:00-05,
2024-08-21 15:30:00-04,ND0228,N,84,76.21,3.69%,2,ND0228 - US 301 NB AT HYETTS CORNER,12585.1,2019-01-29 08:27:00-05,
2024-08-21 15:35:00-04,ND0228,N,89,76.16,4.03%,2,ND0228 - US 301 NB AT HYETTS CORNER,12585.1,2019-01-29 08:27:00-05,
2024-08-21 15:40:00-04,ND0228,N,81,75.72,3.29%,2,ND0228 - US 301 NB AT HYETTS CORNER,12585.1,2019-01-29 08:27:00-05,
2024-08-21 15:45:00-04,ND0228,N,60,77.20,2.64%,2,ND0228 - US 301 NB AT HYETTS CORNER,12585.1,2019-01-29 08:27:00-05,
2024-08-21 15:50:00-04,ND0228,N,91,74.31,3.99%,2,ND0228 - US 301 NB AT HYETTS CORNER,12585.1,2019-01-29 08:27:00-05,
2024-08-21 15:55:00-04,ND0228,N,80,76.14,3.49%,2,ND0228 - US 301 NB AT HYETTS CORNER,12585.1,2019-01-29 08:27:00-05,
2024-08-21 16:00:00-04,ND0228,N,77,76.67,3.54%,2,ND0228 - US 301 NB AT HYETTS CORNER,12585.1,2019-01-29 08:27:00-05,
2024-08-21 16:05:00-04,ND0228,N,76,76.14,3.58%,2,ND0228 - US 301 NB AT HYETTS CORNER,12585.1,2019-01-29 08:27:00-05,
2024-08-21 16:10:00-04,ND0228,N,57,76.46,2.51%,2,ND0228 - US 301 NB AT HYETTS CORNER,12585.1,2019-01-29 08:27:00-05,
2024-08-21 16:15:00-04,ND0228,N,101,77.82,3.91%,2,ND0228 - US 301 NB AT HYETTS CORNER,12585.1,2019-01-29 08:27:00-05,
2024-08-21 16:20:00-04,ND0228,N,84,79.56,3.06%,2,ND0228 - US 301 NB AT HYETTS CORNER,12585.1,2019-01-29 08:27:00-05,
2024-08-21 16:25:00-04,ND0228,N,76,77.44,3.17%,2,ND0228 - US 301 NB AT HYETTS CORNER,12585.1,2019-01-29 08:27:00-05,
2024-08-21 16:30:00-04,ND0228,N,85,77.88,3.26%,2,ND0228 - US 301 NB AT HYETTS CORNER,12585.1,2019-01-29 08:27:00-05,
2024-08-21 16:35:00-04,ND0228,N,90,76.96,3.97%,2,ND0228 - US 301 NB AT HYETTS CORNER,12585.1,2019-01-29 08:27:00-05,
2024-08-21 16:40:00-04,ND0228,N,100,76.16,4.32%,2,ND0228 - US 301 NB AT HYETTS CORNER,12585.1,2019-01-29 08:27:00-05,
2024-08-21 16:45:00-04,ND0228,N,105,76.41,4.27%,2,ND0228 - US 301 NB AT HYETTS CORNER,12585.1,2019-01-29 08:27:00-05,
2024-08-21 16:50:00-04,ND0228,N,85,78.11,3.23%,2,ND0228 - US 301 NB AT HYETTS CORNER,12585.1,2019-01-29 08:27:00-05,
2024-08-21 16:55:00-04,ND0228,N,80,76.39,3.15%,2,ND0228 - US 301 NB AT HYETTS CORNER,12585.1,2019-01-29 08:27:00-05,
2024-08-21 17:00:00-04,ND0228,N,91,76.99,3.72%,2,ND0228 - US 301 NB AT HYETTS CORNER,12585.1,2019-01-29 08:27:00-05,
2024-08-21 17:05:00-04,ND0228,N,73,75.17,3.26%,2,ND0228 - US 301 NB AT HYETTS CORNER,12585.1,2019-01-29 08:27:00-05,
2024-08-21 17:10:00-04,ND0228,N,90,76.54,3.39%,2,ND0228 - US 301 NB AT HYETTS CORNER,12585.1,2019-01-29 08:27:00-05,
2024-08-21 17:15:00-04,ND0228,N,91,75.88,3.60%,2,ND0228 - US 301 NB AT HYETTS CORNER,12585.1,2019-01-29 08:27:00-05,
2024-08-21 17:20:00-04,ND0228,N,91,76.28,3.55%,2,ND0228 - US 301 NB AT HYETTS CORNER,12585.1,2019-01-29 08:27:00-05,
2024-08-21 17:25:00-04,ND0228,N,76,76.84,3.26%,2,ND0228 - US 301 NB AT HYETTS CORNER,12585.1,2019-01-29 08:27:00-05,
2024-08-21 17:30:00-04,ND0228,N,76,79.60,2.66%,2,ND0228 - US 301 NB AT HYETTS CORNER,12585.1,2019-01-29 08:27:00-05,
2024-08-21 17:35:00-04,ND0228,N,74,77.39,3.36%,2,ND0228 - US 301 NB AT HYETTS CORNER,12585.1,2019-01-29 08:27:00-05,
2024-08-21 17:40:00-04,ND0228,N,96,77.40,4.00%,2,ND0228 - US 301 NB AT HYETTS CORNER,12585.1,2019-01-29 08:27:00-05,
2024-08-21 17:45:00-04,ND0228,N,82,79.52,2.88%,2,ND0228 - US 301 NB AT HYETTS CORNER,12585.1,2019-01-29 08:27:00-05,
2024-08-21 17:50:00-04,ND0228,N,89,77.44,3.36%,2,ND0228 - US 301 NB AT HYETTS CORNER,12585.1,2019-01-29 08:27:00-05,
2024-08-21 17:55:00-04,ND0228,N,93,76.95,3.85%,2,ND0228 - US 301 NB AT HYETTS CORNER,12585.1,2019-01-29 08:27:00-05,
2024-08-21 18:00:00-04,ND0228,N,83,78.73,3.29%,2,ND0228 - US 301 NB AT HYETTS CORNER,12585.1,2019-01-29 08:27:00-05,
2024-08-21 18:05:00-04,ND0228,N,66,75.73,2.80%,2,ND0228 - US 301 NB AT HYETTS CORNER,12585.1,2019-01-29 08:27:00-05,
2024-08-21 18:10:00-04,ND0228,N,73,77.61,2.77%,2,ND0228 - US 301 NB AT HYETTS CORNER,12585.1,2019-01-29 08:27:00-05,
2024-08-21 18:15:00-04,ND0228,N,71,75.50,3.19%,2,ND0228 - US 301 NB AT HYETTS CORNER,12585.1,2019-01-29 08:27:00-05,
2024-08-21 18:20:00-04,ND0228,N,74,77.00,2.96%,2,ND0228 - US 301 NB AT HYETTS CORNER,12585.1,2019-01-29 08:27:00-05,
2024-08-21 18:25:00-04,ND0228,N,71,76.25,3.07%,2,ND0228 - US 301 NB AT HYETTS CORNER,12585.1,2019-01-29 08:27:00-05,
2024-08-21 18:30:00-04,ND0228,N,78,75.69,3.46%,2,ND0228 - US 301 NB AT HYETTS CORNER,12585.1,2019-01-29 08:27:00-05,
2024-08-21 18:35:00-04,ND0228,N,77,76.80,3.39%,2,ND0228 - US 301 NB AT HYETTS CORNER,12585.1,2019-01-29 08:27:00-05,
2024-08-21 18:40:00-04,ND0228,N,56,79.55,2.02%,2,ND0228 - US 301 NB AT HYETTS CORNER,12585.1,2019-01-29 08:27:00-05,
2024-08-21 18:45:00-04,ND0228,N,75,79.26,2.80%,2,ND0228 - US 301 NB AT HYETTS CORNER,12585.1,2019-01-29 08:27:00-05,
2024-08-21 18:50:00-04,ND0228,N,58,77.58,2.39%,2,ND0228 - US 301 NB AT HYETTS CORNER,12585.1,2019-01-29 08:27:00-05,
2024-08-21 18:55:00-04,ND0228,N,73,77.58,3.07%,2,ND0228 - US 301 NB AT HYETTS CORNER,12585.1,2019-01-29 08:27:00-05,
2024-08-21 19:00:00-04,ND0228,N,62,76.73,2.86%,2,ND0228 - US 301 NB AT HYETTS CORNER,12585.1,2019-01-29 08:27:00-05,
2024-08-21 19:05:00-04,ND0228,N,74,78.07,3.10%,2,ND0228 - US 301 NB AT HYETTS CORNER,12585.1,2019-01-29 08:27:00-05,
2024-08-21 19:10:00-04,ND0228,N,68,74.02,2.71%,2,ND0228 - US 301 NB AT HYETTS CORNER,12585.1,2019-01-29 08:27:00-05,
2024-08-21 19:15:00-04,ND0228,N,73,75.49,3.17%,2,ND0228 - US 301 NB AT HYETTS CORNER,12585.1,2019-01-29 08:27:00-05,
2024-08-21 19:20:00-04,ND0228,N,86,76.53,3.89%,2,ND0228 - US 301 NB AT HYETTS CORNER,12585.1,2019-01-29 08:27:00-05,
2024-08-21 19:25:00-04,ND0228,N,71,75.29,3.45%,2,ND0228 - US 301 NB AT HYETTS CORNER,12585.1,2019-01-29 08:27:00-05,
2024-08-21 19:30:00-04,ND0228,N,81,77.20,3.41%,2,ND0228 - US 301 NB AT HYETTS CORNER,12585.1,2019-01-29 08:27:00-05,
2024-08-21 19:35:00-04,ND0228,N,68,75.34,3.08%,2,ND0228 - US 301 NB AT HYETTS CORNER,12585.1,2019-01-29 08:27:00-05,
2024-08-21 19:40:00-04,ND0228,N,67,74.36,2.96%,2,ND0228 - US 301 NB AT HYETTS CORNER,12585.1,2019-01-29 08:27:00-05,
2024-08-21 19:45:00-04,ND0228,N,62,74.14,2.59%,2,ND0228 - US 301 NB AT HYETTS CORNER,12585.1,2019-01-29 08:27:00-05,
2024-08-21 19:50:00-04,ND0228,N,52,74.59,2.44%,2,ND0228 - US 301 NB AT HYETTS CORNER,12585.1,2019-01-29 08:27:00-05,
2024-08-21 19:55:00-04,ND0228,N,49,75.06,2.37%,2,ND0228 - US 301 NB AT HYETTS CORNER,12585.1,2019-01-29 08:27:00-05,
2024-08-21 20:00:00-04,ND0228,N,39,72.43,1.93%,2,ND0228 - US 301 NB AT HYETTS CORNER,12585.1,2019-01-29 08:27:00-05,
2024-08-21 20:05:00-04,ND0228,N,36,75.50,1.83%,2,ND0228 - US 301 NB AT HYETTS CORNER,12585.1,2019-01-29 08:27:00-05,
2024-08-21 20:10:00-04,ND0228,N,51,74.18,2.44%,2,ND0228 - US 301 NB AT HYETTS CORNER,12585.1,2019-01-29 08:27:00-05,
2024-08-21 20:15:00-04,ND0228,N,48,71.18,2.50%,2,ND0228 - US 301 NB AT HYETTS CORNER,12585.1,2019-01-29 08:27:00-05,
2024-08-21 20:20:00-04,ND0228,N,37,73.03,2.06%,2,ND0228 - US 301 NB AT HYETTS CORNER,12585.1,2019-01-29 08:27:00-05,
2024-08-21 20:25:00-04,ND0228,N,32,72.91,1.61%,2,ND0228 - US 301 NB AT HYETTS CORNER,12585.1,2019-01-29 08:27:00-05,
2024-08-21 20:30:00-04,ND0228,N,33,72.99,2.11%,2,ND0228 - US 301 NB AT HYETTS CORNER,12585.1,2019-01-29 08:27:00-05,
2024-08-21 20:35:00-04,ND0228,N,45,70.19,1.77%,2,ND0228 - US 301 NB AT HYETTS CORNER,12585.1,2019-01-29 08:27:00-05,
2024-08-21 20:40:00-04,ND0228,N,37,72.94,2.11%,2,ND0228 - US 301 NB AT HYETTS CORNER,12585.1,2019-01-29 08:27:00-05,
2024-08-21 21:00:00-04,ND0228,N,23,68.80,1.38%,2,ND0228 - US 301 NB AT HYETTS CORNER,12585.1,2019-01-29 08:27:00-05,
2024-08-21 21:05:00-04,ND0228,N,27,73.67,1.32%,2,ND0228 - US 301 NB AT HYETTS CORNER,12585.1,2019-01-29 08:27:00-05,
2024-08-21 21:10:00-04,ND0228,N,30,72.70,1.78%,2,ND0228 - US 301 NB AT HYETTS CORNER,12585.1,2019-01-29 08:27:00-05,
2024-08-21 21:15:00-04,ND0228,N,22,73.88,1.61%,2,ND0228 - US 301 NB AT HYETTS CORNER,12585.1,2019-01-29 08:27:00-05,
2024-08-21 21:20:00-04,ND0228,N,30,70.72,1.66%,2,ND0228 - US 301 NB AT HYETTS CORNER,12585.1,2019-01-29 08:27:00-05,
2024-08-21 21:25:00-04,ND0228,N,28,72.30,1.70%,2,ND0228 - US 301 NB AT HYETTS CORNER,12585.1,2019-01-29 08:27:00-05,
2024-08-21 21:30:00-04,ND0228,N,30,75.44,1.46%,2,ND0228 - US 301 NB AT HYETTS CORNER,12585.1,2019-01-29 08:27:00-05,
2024-08-21 21:35:00-04,ND0228,N,12,74.58,0.63%,2,ND0228 - US 301 NB AT HYETTS CORNER,12585.1,2019-01-29 08:27:00-05,
2024-08-21 21:40:00-04,ND0228,N,17,70.76,1.25%,2,ND0228 - US 301 NB AT HYETTS CORNER,12585.1,2019-01-29 08:27:00-05,
2024-08-21 21:45:00-04,ND0228,N,21,75.53,0.99%,2,ND0228 - US 301 NB AT HYETTS CORNER,12585.1,2019-01-29 08:27:00-05,
2024-08-21 21:50:00-04,ND0228,N,17,74.22,0.97%,2,ND0228 - US 301 NB AT HYETTS CORNER,12585.1,2019-01-29 08:27:00-05,
2024-08-21 21:55:00-04,ND0228,N,15,72.31,0.63%,2,ND0228 - US 301 NB AT HYETTS CORNER,12585.1,2019-01-29 08:27:00-05,
2024-08-21 22:00:00-04,ND0228,N,20,72.87,1.47%,2,ND0228 - US 301 NB AT HYETTS CORNER,12585.1,2019-01-29 08:27:00-05,
2024-08-21 22:05:00-04,ND0228,N,16,75.23,0.76%,2,ND0228 - US 301 NB AT HYETTS CORNER,12585.1,2019-01-29 08:27:00-05,
2024-08-21 22:10:00-04,ND0228,N,15,73.98,0.88%,2,ND0228 - US 301 NB AT HYETTS CORNER,12585.1,2019-01-29 08:27:00-05,
2024-08-21 22:15:00-04,ND0228,N,18,70.41,1.15%,2,ND0228 - US 301 NB AT HYETTS CORNER,12585.1,2019-01-29 08:27:00-05,
2024-08-21 22:20:00-04,ND0228,N,23,76.03,1.81%,2,ND0228 - US 301 NB AT HYETTS CORNER,12585.1,2019-01-29 08:27:00-05,
2024-08-21 22:25:00-04,ND0228,N,11,73.18,0.56%,2,ND0228 - US 301 NB AT HYETTS CORNER,12585.1,2019-01-29 08:27:00-05,
2024-08-21 22:30:00-04,ND0228,N,13,74.45,0.79%,2,ND0228 - US 301 NB AT HYETTS CORNER,12585.1,2019-01-29 08:27:00-05,
2024-08-21 22:35:00-04,ND0228,N,16,71.34,1.28%,2,ND0228 - US 301 NB AT HYETTS CORNER,12585.1,2019-01-29 08:27:00-05,
2024-08-21 22:40:00-04,ND0228,N,10,74.12,0.47%,2,ND0228 - US 301 NB AT HYETTS CORNER,12585.1,2019-01-29 08:27:00-05,
2024-08-21 22:45:00-04,ND0228,N,11,75.13,0.69%,2,ND0228 - US 301 NB AT HYETTS CORNER,12585.1,2019-01-29 08:27:00-05,
2024-08-21 22:50:00-04,ND0228,N,13,73.65,0.95%,2,ND0228 - US 301 NB AT HYETTS CORNER,12585.1,2019-01-29 08:27:00-05,
2024-08-21 22:55:00-04,ND0228,N,9,69.96,0.84%,2,ND0228 - US 301 NB AT HYETTS CORNER,12585.1,2019-01-29 08:27:00-05,
2024-08-21 23:00:00-04,ND0228,N,8,71.02,0.59%,2,ND0228 - US 301 NB AT HYETTS CORNER,12585.1,2019-01-29 08:27:00-05,
2024-08-21 23:05:00-04,ND0228,N,8,68.59,0.80%,2,ND0228 - US 301 NB AT HYETTS CORNER,12585.1,2019-01-29 08:27:00-05,
2024-08-21 23:10:00-04,ND0228,N,4,68.05,0.80%,1,ND0228 - US 301 NB AT HYETTS CORNER,12585.1,2019-01-29 08:27:00-05,
2024-08-21 23:15:00-04,ND0228,N,13,74.95,1.04%,2,ND0228 - US 301 NB AT HYETTS CORNER,12585.1,2019-01-29 08:27:00-05,
2024-08-21 23:20:00-04,ND0228,N,6,68.75,1.14%,1,ND0228 - US 301 NB AT HYETTS CORNER,12585.1,2019-01-29 08:27:00-05,
2024-08-21 23:25:00-04,ND0228,N,10,71.75,0.75%,2,ND0228 - US 301 NB AT HYETTS CORNER,12585.1,2019-01-29 08:27:00-05,
2024-08-21 23:30:00-04,ND0228,N,13,72.37,0.94%,2,ND0228 - US 301 NB AT HYETTS CORNER,12585.1,2019-01-29 08:27:00-05,
2024-08-21 23:35:00-04,ND0228,N,6,68.67,0.44%,2,ND0228 - US 301 NB AT HYETTS CORNER,12585.1,2019-01-29 08:27:00-05,
2024-08-21 23:40:00-04,ND0228,N,6,73.27,1.20%,1,ND0228 - US 301 NB AT HYETTS CORNER,12585.1,2019-01-29 08:27:00-05,
2024-08-21 23:45:00-04,ND0228,N,8,70.17,0.71%,2,ND0228 - US 301 NB AT HYETTS CORNER,12585.1,2019-01-29 08:27:00-05,
2024-08-21 23:50:00-04,ND0228,N,14,70.47,1.25%,2,ND0228 - US 301 NB AT HYETTS CORNER,12585.1,2019-01-29 08:27:00-05,
2024-08-21 23:55:00-04,ND0228,N,7,79.44,0.62%,2,ND0228 - US 301 NB AT HYETTS CORNER,12585.1,2019-01-29 08:27:00-05,
2024-08-22 00:00:00-04,ND0228,N,8,68.41,0.79%,2,ND0228 - US 301 NB AT HYETTS CORNER,12585.1,2019-01-29 08:27:00-05,
2024-08-22 00:05:00-04,ND0228,N,7,71.53,0.66%,2,ND0228 - US 301 NB AT HYETTS CORNER,12585.1,2019-01-29 08:27:00-05,
2024-08-22 00:10:00-04,ND0228,N,9,68.07,1.98%,1,ND0228 - US 301 NB AT HYETTS CORNER,12585.1,2019-01-29 08:27:00-05,
2024-08-22 00:15:00-04,ND0228,N,8,75.05,0.92%,2,ND0228 - US 301 NB AT HYETTS CORNER,12585.1,2019-01-29 08:27:00-05,
2024-08-22 00:20:00-04,ND0228,N,7,69.16,0.68%,2,ND0228 - US 301 NB AT HYETTS CORNER,12585.1,2019-01-29 08:27:00-05,
2024-08-22 00:25:00-04,ND0228,N,7,69.63,0.66%,2,ND0228 - US 301 NB AT HYETTS CORNER,12585.1,2019-01-29 08:27:00-05,
2024-08-22 00:30:00-04,ND0228,N,5,61.23,0.59%,2,ND0228 - US 301 NB AT HYETTS CORNER,12585.1,2019-01-29 08:27:00-05,
2024-08-22 00:35:00-04,ND0228,N,2,67.82,0.31%,1,ND0228 - US 301 NB AT HYETTS CORNER,12585.1,2019-01-29 08:27:00-05,
2024-08-22 00:40:00-04,ND0228,N,2,71.63,0.15%,2,ND0228 - US 301 NB AT HYETTS CORNER,12585.1,2019-01-29 08:27:00-05,
2024-08-22 00:45:00-04,ND0228,N,8,73.83,1.02%,2,ND0228 - US 301 NB AT HYETTS CORNER,12585.1,2019-01-29 08:27:00-05,
2024-08-22 00:50:00-04,ND0228,N,6,72.26,0.41%,2,ND0228 - US 301 NB AT HYETTS CORNER,12585.1,2019-01-29 08:27:00-05,
2024-08-22 00:55:00-04,ND0228,N,9,70.62,0.78%,2,ND0228 - US 301 NB AT HYETTS CORNER,12585.1,2019-01-29 08:27:00-05,
2024-08-22 01:00:00-04,ND0228,N,7,73.85,0.64%,2,ND0228 - US 301 NB AT HYETTS CORNER,12585.1,2019-01-29 08:27:00-05,
2024-08-22 01:10:00-04,ND0228,N,4,67.61,0.89%,1,ND0228 - US 301 NB AT HYETTS CORNER,12585.1,2019-01-29 08:27:00-05,
2024-08-22 01:15:00-04,ND0228,N,4,67.16,0.35%,2,ND0228 - US 301 NB AT HYETTS CORNER,12585.1,2019-01-29 08:27:00-05,
2024-08-22 01:20:00-04,ND0228,N,7,70.80,0.66%,2,ND0228 - US 301 NB AT HYETTS CORNER,12585.1,2019-01-29 08:27:00-05,
2024-08-22 01:25:00-04,ND0228,N,6,74.84,0.41%,2,ND0228 - US 301 NB AT HYETTS CORNER,12585.1,2019-01-29 08:27:00-05,
2024-08-22 01:30:00-04,ND0228,N,6,69.96,0.68%,2,ND0228 - US 301 NB AT HYETTS CORNER,12585.1,2019-01-29 08:27:00-05,
2024-08-22 01:35:00-04,ND0228,N,5,70.14,0.74%,1,ND0228 - US 301 NB AT HYETTS CORNER,12585.1,2019-01-29 08:27:00-05,
2024-08-22 01:40:00-04,ND0228,N,5,68.40,0.38%,2,ND0228 - US 301 NB AT HYETTS CORNER,12585.1,2019-01-29 08:27:00-05,
2024-08-22 01:45:00-04,ND0228,N,8,65.17,0.85%,2,ND0228 - US 301 NB AT HYETTS CORNER,12585.1,2019-01-29 08:27:00-05,
2024-08-22 01:50:00-04,ND0228,N,5,65.90,0.61%,2,ND0228 - US 301 NB AT HYETTS CORNER,12585.1,2019-01-29 08:27:00-05,
2024-08-22 01:55:00-04,ND0228,N,3,76.00,0.47%,1,ND0228 - US 301 NB AT HYETTS CORNER,12585.1,2019-01-29 08:27:00-05,
2024-08-22 02:00:00-04,ND0228,N,5,68.11,0.66%,2,ND0228 - US 301 NB AT HYETTS CORNER,12585.1,2019-01-29 08:27:00-05,
2024-08-22 02:05:00-04,ND0228,N,4,68.11,1.13%,1,ND0228 - US 301 NB AT HYETTS CORNER,12585.1,2019-01-29 08:27:00-05,
2024-08-22 02:10:00-04,ND0228,N,3,70.44,0.63%,1,ND0228 - US 301 NB AT HYETTS CORNER,12585.1,2019-01-29 08:27:00-05,
2024-08-22 02:15:00-04,ND0228,N,5,72.71,0.18%,2,ND0228 - US 301 NB AT HYETTS CORNER,12585.1,2019-01-29 08:27:00-05,
2024-08-22 02:20:00-04,ND0228,N,2,65.31,0.40%,1,ND0228 - US 301 NB AT HYETTS CORNER,12585.1,2019-01-29 08:27:00-05,
2024-08-22 02:25:00-04,ND0228,N,6,67.55,0.54%,2,ND0228 - US 301 NB AT HYETTS CORNER,12585.1,2019-01-29 08:27:00-05,
2024-08-22 02:30:00-04,ND0228,N,6,69.50,0.74%,2,ND0228 - US 301 NB AT HYETTS CORNER,12585.1,2019-01-29 08:27:00-05,
2024-08-22 02:35:00-04,ND0228,N,10,72.66,0.86%,2,ND0228 - US 301 NB AT HYETTS CORNER,12585.1,2019-01-29 08:27:00-05,
2024-08-22 02:40:00-04,ND0228,N,4,70.53,0.40%,2,ND0228 - US 301 NB AT HYETTS CORNER,12585.1,2019-01-29 08:27:00-05,
2024-08-22 02:45:00-04,ND0228,N,3,72.43,0.78%,1,ND0228 - US 301 NB AT HYETTS CORNER,12585.1,2019-01-29 08:27:00-05,
2024-08-22 02:50:00-04,ND0228,N,10,73.16,0.77%,2,ND0228 - US 301 NB AT HYETTS CORNER,12585.1,2019-01-29 08:27:00-05,
2024-08-22 02:55:00-04,ND0228,N,6,76.84,0.40%,2,ND0228 - US 301 NB AT HYETTS CORNER,12585.1,2019-01-29 08:27:00-05,
2024-08-22 03:00:00-04,ND0228,N,3,71.98,0.62%,1,ND0228 - US 301 NB AT HYETTS CORNER,12585.1,2019-01-29 08:27:00-05,
2024-08-22 03:05:00-04,ND0228,N,7,71.64,0.40%,2,ND0228 - US 301 NB AT HYETTS CORNER,12585.1,2019-01-29 08:27:00-05,
2024-08-22 03:10:00-04,ND0228,N,2,64.38,0.19%,2,ND0228 - US 301 NB AT HYETTS CORNER,12585.1,2019-01-29 08:27:00-05,
2024-08-22 03:15:00-04,ND0228,N,5,74.63,0.34%,2,ND0228 - US 301 NB AT HYETTS CORNER,12585.1,2019-01-29 08:27:00-05,
2024-08-22 03:20:00-04,ND0228,N,5,69.10,0.88%,1,ND0228 - US 301 NB AT HYETTS CORNER,12585.1,2019-01-29 08:27:00-05,
2024-08-22 03:25:00-04,ND0228,N,8,70.88,0.90%,2,ND0228 - US 301 NB AT HYETTS CORNER,12585.1,2019-01-29 08:27:00-05,
2024-08-22 03:30:00-04,ND0228,N,7,75.14,0.42%,2,ND0228 - US 301 NB AT HYETTS CORNER,12585.1,2019-01-29 08:27:00-05,
2024-08-22 03:35:00-04,ND0228,N,5,73.54,0.36%,2,ND0228 - US 301 NB AT HYETTS CORNER,12585.1,2019-01-29 08:27:00-05,
2024-08-22 03:40:00-04,ND0228,N,7,72.84,1.23%,1,ND0228 - US 301 NB AT HYETTS CORNER,12585.1,2019-01-29 08:27:00-05,
2024-08-22 03:45:00-04,ND0228,N,5,72.22,0.37%,1,ND0228 - US 301 NB AT HYETTS CORNER,12585.1,2019-01-29 08:27:00-05,
2024-08-22 03:50:00-04,ND0228,N,10,74.30,0.98%,2,ND0228 - US 301 NB AT HYETTS CORNER,12585.1,2019-01-29 08:27:00-05,
2024-08-22 03:55:00-04,ND0228,N,10,68.89,0.60%,2,ND0228 - US 301 NB AT HYETTS CORNER,12585.1,2019-01-29 08:27:00-05,
2024-08-22 04:00:00-04,ND0228,N,8,71.85,0.37%,2,ND0228 - US 301 NB AT HYETTS CORNER,12585.1,2019-01-29 08:27:00-05,
2024-08-22 04:05:00-04,ND0228,N,12,70.12,0.79%,2,ND0228 - US 301 NB AT HYETTS CORNER,12585.1,2019-01-29 08:27:00-05,
2024-08-22 04:10:00-04,ND0228,N,11,73.04,0.70%,2,ND0228 - US 301 NB AT HYETTS CORNER,12585.1,2019-01-29 08:27:00-05,
2024-08-22 04:15:00-04,ND0228,N,13,72.25,0.79%,2,ND0228 - US 301 NB AT HYETTS CORNER,12585.1,2019-01-29 08:27:00-05,
2024-08-22 04:20:00-04,ND0228,N,13,68.70,1.13%,2,ND0228 - US 301 NB AT HYETTS CORNER,12585.1,2019-01-29 08:27:00-05,
2024-08-22 04:25:00-04,ND0228,N,10,77.65,0.66%,2,ND0228 - US 301 NB AT HYETTS CORNER,12585.1,2019-01-29 08:27:00-05,
2024-08-22 04:30:00-04,ND0228,N,16,72.30,1.08%,2,ND0228 - US 301 NB AT HYETTS CORNER,12585.1,2019-01-29 08:27:00-05,
2024-08-22 04:35:00-04,ND0228,N,12,73.86,0.66%,2,ND0228 - US 301 NB AT HYETTS CORNER,12585.1,2019-01-29 08:27:00-05,
2024-08-22 04:40:00-04,ND0228,N,17,77.46,1.00%,2,ND0228 - US 301 NB AT HYETTS CORNER,12585.1,2019-01-29 08:27:00-05,
2024-08-22 04:45:00-04,ND0228,N,9,73.33,0.54%,2,ND0228 - US 301 NB AT HYETTS CORNER,12585.1,2019-01-29 08:27:00-05,
2024-08-22 04:50:00-04,ND0228,N,13,77.91,0.75%,2,ND0228 - US 301 NB AT HYETTS CORNER,12585.1,2019-01-29 08:27:00-05,
2024-08-22 04:55:00-04,ND0228,N,17,75.75,0.93%,2,ND0228 - US 301 NB AT HYETTS CORNER,12585.1,2019-01-29 08:27:00-05,
2024-08-22 05:00:00-04,ND0228,N,21,77.35,1.36%,2,ND0228 - US 301 NB AT HYETTS CORNER,12585.1,2019-01-29 08:27:00-05,
2024-08-22 05:05:00-04,ND0228,N,15,75.33,0.64%,2,ND0228 - US 301 NB AT HYETTS CORNER,12585.1,2019-01-29 08:27:00-05,
2024-08-22 05:10:00-04,ND0228,N,15,73.83,0.56%,2,ND0228 - US 301 NB AT HYETTS CORNER,12585.1,2019-01-29 08:27:00-05,
2024-08-22 05:15:00-04,ND0228,N,29,74.36,1.69%,2,ND0228 - US 301 NB AT HYETTS CORNER,12585.1,2019-01-29 08:27:00-05,
2024-08-22 05:20:00-04,ND0228,N,22,74.76,1.39%,2,ND0228 - US 301 NB AT HYETTS CORNER,12585.1,2019-01-29 08:27:00-05,
2024-08-22 05:25:00-04,ND0228,N,29,74.82,1.27%,2,ND0228 - US 301 NB AT HYETTS CORNER,12585.1,2019-01-29 08:27:00-05,
2024-08-22 05:30:00-04,ND0228,N,27,72.96,1.62%,2,ND0228 - US 301 NB AT HYETTS CORNER,12585.1,2019-01-29 08:27:00-05,
2024-08-22 05:35:00-04,ND0228,N,32,73.12,1.57%,2,ND0228 - US 301 NB AT HYETTS CORNER,12585.1,2019-01-29 08:27:00-05,
2024-08-22 05:40:00-04,ND0228,N,33,76.00,1.44%,2,ND0228 - US 301 NB AT HYETTS CORNER,12585.1,2019-01-29 08:27:00-05,
2024-08-22 05:45:00-04,ND0228,N,39,74.37,1.60%,2,ND0228 - US 301 NB AT HYETTS CORNER,12585.1,2019-01-29 08:27:00-05,
2024-08-22 05:50:00-04,ND0228,N,34,76.04,2.07%,2,ND0228 - US 301 NB AT HYETTS CORNER,12585.1,2019-01-29 08:27:00-05,
2024-08-22 05:55:00-04,ND0228,N,36,77.12,1.56%,2,ND0228 - US 301 NB AT HYETTS CORNER,12585.1,2019-01-29 08:27:00-05,
2024-08-22 06:00:00-04,ND0228,N,37,78.38,1.49%,2,ND0228 - US 301 NB AT HYETTS CORNER,12585.1,2019-01-29 08:27:00-05,
2024-08-22 06:05:00-04,ND0228,N,35,75.63,1.41%,2,ND0228 - US 301 NB AT HYETTS CORNER,12585.1,2019-01-29 08:27:00-05,
2024-08-22 06:10:00-04,ND0228,N,42,74.98,1.70%,2,ND0228 - US 301 NB AT HYETTS CORNER,12585.1,2019-01-29 08:27:00-05,
2024-08-22 06:15:00-04,ND0228,N,46,78.50,1.86%,2,ND0228 - US 301 NB AT HYETTS CORNER,12585.1,2019-01-29 08:27:00-05,
2024-08-22 06:20:00-04,ND0228,N,51,79.29,1.83%,2,ND0228 - US 301 NB AT HYETTS CORNER,12585.1,2019-01-29 08:27:00-05,
2024-08-22 06:25:00-04,ND0228,N,57,77.75,2.51%,2,ND0228 - US 301 NB AT HYETTS CORNER,12585.1,2019-01-29 08:27:00-05,
2024-08-22 06:30:00-04,ND0228,N,71,77.11,2.88%,2,ND0228 - US 301 NB AT HYETTS CORNER,12585.1,2019-01-29 08:27:00-05,
2024-08-22 06:35:00-04,ND0228,N,75,75.68,2.99%,2,ND0228 - US 301 NB AT HYETTS CORNER,12585.1,2019-01-29 08:27:00-05,
2024-08-22 06:40:00-04,ND0228,N,88,77.37,3.92%,2,ND0228 - US 301 NB AT HYETTS CORNER,12585.1,2019-01-29 08:27:00-05,
2024-08-22 06:45:00-04,ND0228,N,59,76.70,2.62%,2,ND0228 - US 301 NB AT HYETTS CORNER,12585.1,2019-01-29 08:27:00-05,
2024-08-22 06:50:00-04,ND0228,N,56,76.51,2.14%,2,ND0228 - US 301 NB AT HYETTS CORNER,12585.1,2019-01-29 08:27:00-05,
2024-08-22 06:55:00-04,ND0228,N,74,77.00,3.06%,2,ND0228 - US 301 NB AT HYETTS CORNER,12585.1,2019-01-29 08:27:00-05,
2024-08-22 07:00:00-04,ND0228,N,59,73.80,2.66%,2,ND0228 - US 301 NB AT HYETTS CORNER,12585.1,2019-01-29 08:27:00-05,
2024-08-22 07:05:00-04,ND0228,N,66,76.71,2.84%,2,ND0228 - US 301 NB AT HYETTS CORNER,12585.1,2019-01-29 08:27:00-05,
2024-08-22 07:10:00-04,ND0228,N,90,75.19,3.80%,2,ND0228 - US 301 NB AT HYETTS CORNER,12585.1,2019-01-29 08:27:00-05,
2024-08-22 07:15:00-04,ND0228,N,86,76.69,3.49%,2,ND0228 - US 301 NB AT HYETTS CORNER,12585.1,2019-01-29 08:27:00-05,
2024-08-22 07:20:00-04,ND0228,N,88,77.20,4.04%,2,ND0228 - US 301 NB AT HYETTS CORNER,12585.1,2019-01-29 08:27:00-05,
2024-08-22 07:25:00-04,ND0228,N,86,76.03,3.32%,2,ND0228 - US 301 NB AT HYETTS CORNER,12585.1,2019-01-29 08:27:00-05,
2024-08-22 07:30:00-04,ND0228,N,103,78.04,4.07%,2,ND0228 - US 301 NB AT HYETTS CORNER,12585.1,2019-01-29 08:27:00-05,
2024-08-22 07:35:00-04,ND0228,N,81,76.53,3.08%,2,ND0228 - US 301 NB AT HYETTS CORNER,12585.1,2019-01-29 08:27:00-05,
2024-08-22 07:40:00-04,ND0228,N,82,77.13,3.49%,2,ND0228 - US 301 NB AT HYETTS CORNER,12585.1,2019-01-29 08:27:00-05,
2024-08-22 07:45:00-04,ND0228,N,86,76.34,3.60%,2,ND0228 - US 301 NB AT HYETTS CORNER,12585.1,2019-01-29 08:27:00-05,
2024-08-22 07:50:00-04,ND0228,N,87,76.20,3.81%,2,ND0228 - US 301 NB AT HYETTS CORNER,12585.1,2019-01-29 08:27:00-05,
2024-08-22 07:55:00-04,ND0228,N,64,77.56,2.75%,2,ND0228 - US 301 NB AT HYETTS CORNER,12585.1,2019-01-29 08:27:00-05,
2024-08-22 08:00:00-04,ND0228,N,79,76.99,3.23%,2,ND0228 - US 301 NB AT HYETTS CORNER,12585.1,2019-01-29 08:27:00-05,
2024-08-22 08:05:00-04,ND0228,N,73,75.87,2.97%,2,ND0228 - US 301 NB AT HYETTS CORNER,12585.1,2019-01-29 08:27:00-05,
2024-08-22 08:10:00-04,ND0228,N,79,76.77,3.11%,2,ND0228 - US 301 NB AT HYETTS CORNER,12585.1,2019-01-29 08:27:00-05,
2024-08-22 08:15:00-04,ND0228,N,71,75.46,3.18%,2,ND0228 - US 301 NB AT HYETTS CORNER,12585.1,2019-01-29 08:27:00-05,
2024-08-22 08:20:00-04,ND0228,N,76,75.88,3.15%,2,ND0228 - US 301 NB AT HYETTS CORNER,12585.1,2019-01-29 08:27:00-05,
2024-08-22 08:25:00-04,ND0228,N,76,77.50,3.00%,2,ND0228 - US 301 NB AT HYETTS CORNER,12585.1,2019-01-29 08:27:00-05,
2024-08-22 08:30:00-04,ND0228,N,75,76.11,3.22%,2,ND0228 - US 301 NB AT HYETTS CORNER,12585.1,2019-01-29 08:27:00-05,
2024-08-22 08:35:00-04,ND0228,N,79,75.38,3.12%,2,ND0228 - US 301 NB AT HYETTS CORNER,12585.1,2019-01-29 08:27:00-05,
2024-08-22 08:40:00-04,ND0228,N,61,76.72,2.55%,2,ND0228 - US 301 NB AT HYETTS CORNER,12585.1,2019-01-29 08:27:00-05,
2024-08-22 08:45:00-04,ND0228,N,59,75.15,2.88%,2,ND0228 - US 301 NB AT HYETTS CORNER,12585.1,2019-01-29 08:27:00-05,
2024-08-22 08:50:00-04,ND0228,N,81,73.35,3.66%,2,ND0228 - US 301 NB AT HYETTS CORNER,12585.1,2019-01-29 08:27:00-05,
2024-08-22 08:55:00-04,ND0228,N,65,75.43,2.91%,2,ND0228 - US 301 NB AT HYETTS CORNER,12585.1,2019-01-29 08:27:00-05,
2024-08-22 09:00:00-04,ND0228,N,49,75.70,1.94%,2,ND0228 - US 301 NB AT HYETTS CORNER,12585.1,2019-01-29 08:27:00-05,
2024-08-22 09:05:00-04,ND0228,N,67,75.23,3.02%,2,ND0228 - US 301 NB AT HYETTS CORNER,12585.1,2019-01-29 08:27:00-05,
2024-08-22 09:10:00-04,ND0228,N,67,70.40,3.39%,2,ND0228 - US 301 NB AT HYETTS CORNER,12585.1,2019-01-29 08:27:00-05,
2024-08-22 09:15:00-04,ND0228,N,57,74.50,2.52%,2,ND0228 - US 301 NB AT HYETTS CORNER,12585.1,2019-01-29 08:27:00-05,
2024-08-22 09:20:00-04,ND0228,N,63,74.47,3.11%,2,ND0228 - US 301 NB AT HYETTS CORNER,12585.1,2019-01-29 08:27:00-05,
2024-08-22 09:25:00-04,ND0228,N,59,75.75,2.62%,2,ND0228 - US 301 NB AT HYETTS CORNER,12585.1,2019-01-29 08:27:00-05,
2024-08-22 09:30:00-04,ND0228,N,70,75.62,3.46%,2,ND0228 - US 301 NB AT HYETTS CORNER,12585.1,2019-01-29 08:27:00-05,
2024-08-22 09:35:00-04,ND0228,N,59,74.16,2.59%,2,ND0228 - US 301 NB AT HYETTS CORNER,12585.1,2019-01-29 08:27:00-05,
2024-08-22 09:40:00-04,ND0228,N,57,76.77,2.44%,2,ND0228 - US 301 NB AT HYETTS CORNER,12585.1,2019-01-29 08:27:00-05,
2024-08-22 09:45:00-04,ND0228,N,49,74.81,2.18%,2,ND0228 - US 301 NB AT HYETTS CORNER,12585.1,2019-01-29 08:27:00-05,
2024-08-22 09:50:00-04,ND0228,N,69,76.46,3.25%,2,ND0228 - US 301 NB AT HYETTS CORNER,12585.1,2019-01-29 08:27:00-05,
2024-08-22 09:55:00-04,ND0228,N,62,76.35,2.76%,2,ND0228 - US 301 NB AT HYETTS CORNER,12585.1,2019-01-29 08:27:00-05,
2024-08-22 10:00:00-04,ND0228,N,58,74.42,2.57%,2,ND0228 - US 301 NB AT HYETTS CORNER,12585.1,2019-01-29 08:27:00-05,
2024-08-22 10:05:00-04,ND0228,N,47,77.51,2.63%,2,ND0228 - US 301 NB AT HYETTS CORNER,12585.1,2019-01-29 08:27:00-05,
2024-08-22 10:10:00-04,ND0228,N,68,75.20,3.00%,2,ND0228 - US 301 NB AT HYETTS CORNER,12585.1,2019-01-29 08:27:00-05,
2024-08-22 10:15:00-04,ND0228,N,60,76.16,2.41%,2,ND0228 - US 301 NB AT HYETTS CORNER,12585.1,2019-01-29 08:27:00-05,
2024-08-22 10:20:00-04,ND0228,N,71,73.67,3.74%,2,ND0228 - US 301 NB AT HYETTS CORNER,12585.1,2019-01-29 08:27:00-05,
2024-08-22 10:25:00-04,ND0228,N,57,74.90,2.67%,2,ND0228 - US 301 NB AT HYETTS CORNER,12585.1,2019-01-29 08:27:00-05,
2024-08-22 10:30:00-04,ND0228,N,57,73.54,2.83%,2,ND0228 - US 301 NB AT HYETTS CORNER,12585.1,2019-01-29 08:27:00-05,
2024-08-22 10:35:00-04,ND0228,N,56,73.40,2.84%,2,ND0228 - US 301 NB AT HYETTS CORNER,12585.1,2019-01-29 08:27:00-05,
2024-08-22 10:40:00-04,ND0228,N,54,75.34,2.56%,2,ND0228 - US 301 NB AT HYETTS CORNER,12585.1,2019-01-29 08:27:00-05,
2024-08-22 10:45:00-04,ND0228,N,61,74.32,2.87%,2,ND0228 - US 301 NB AT HYETTS CORNER,12585.1,2019-01-29 08:27:00-05,
2024-08-22 10:50:00-04,ND0228,N,59,73.21,2.48%,2,ND0228 - US 301 NB AT HYETTS CORNER,12585.1,2019-01-29 08:27:00-05,
2024-08-22 10:55:00-04,ND0228,N,54,74.20,2.94%,2,ND0228 - US 301 NB AT HYETTS CORNER,12585.1,2019-01-29 08:27:00-05,
2024-08-22 11:00:00-04,ND0228,N,61,76.26,2.91%,2,ND0228 - US 301 NB AT HYETTS CORNER,12585.1,2019-01-29 08:27:00-05,
2024-08-22 11:05:00-04,ND0228,N,55,76.44,2.50%,2,ND0228 - US 301 NB AT HYETTS CORNER,12585.1,2019-01-29 08:27:00-05,
2024-08-22 11:10:00-04,ND0228,N,42,75.11,1.86%,2,ND0228 - US 301 NB AT HYETTS CORNER,12585.1,2019-01-29 08:27:00-05,
2024-08-22 11:15:00-04,ND0228,N,53,74.63,2.27%,2,ND0228 - US 301 NB AT HYETTS CORNER,12585.1,2019-01-29 08:27:00-05,
2024-08-22 11:20:00-04,ND0228,N,62,75.82,2.76%,2,ND0228 - US 301 NB AT HYETTS CORNER,12585.1,2019-01-29 08:27:00-05,
2024-08-22 11:25:00-04,ND0228,N,53,76.18,2.28%,2,ND0228 - US 301 NB AT HYETTS CORNER,12585.1,2019-01-29 08:27:00-05,
2024-08-22 11:30:00-04,ND0228,N,53,73.75,2.78%,2,ND0228 - US 301 NB AT HYETTS CORNER,12585.1,2019-01-29 08:27:00-05,
2024-08-22 11:35:00-04,ND0228,N,51,73.26,2.25%,2,ND0228 - US 301 NB AT HYETTS CORNER,12585.1,2019-01-29 08:27:00-05,
2024-08-22 11:40:00-04,ND0228,N,51,70.81,2.57%,2,ND0228 - US 301 NB AT HYETTS CORNER,12585.1,2019-01-29 08:27:00-05,
2024-08-22 11:45:00-04,ND0228,N,45,74.10,1.88%,2,ND0228 - US 301 NB AT HYETTS CORNER,12585.1,2019-01-29 08:27:00-05,
2024-08-22 11:50:00-04,ND0228,N,54,73.48,2.43%,2,ND0228 - US 301 NB AT HYETTS CORNER,12585.1,2019-01-29 08:27:00-05,
2024-08-22 11:55:00-04,ND0228,N,43,74.47,2.24%,2,ND0228 - US 301 NB AT HYETTS CORNER,12585.1,2019-01-29 08:27:00-05,
2024-08-22 12:00:00-04,ND0228,N,50,77.24,2.17%,2,ND0228 - US 301 NB AT HYETTS CORNER,12585.1,2019-01-29 08:27:00-05,
2024-08-22 12:05:00-04,ND0228,N,43,74.77,2.23%,2,ND0228 - US 301 NB AT HYETTS CORNER,12585.1,2019-01-29 08:27:00-05,
2024-08-22 12:10:00-04,ND0228,N,56,76.71,2.51%,2,ND0228 - US 301 NB AT HYETTS CORNER,12585.1,2019-01-29 08:27:00-05,
2024-08-22 12:15:00-04,ND0228,N,53,75.44,2.57%,2,ND0228 - US 301 NB AT HYETTS CORNER,12585.1,2019-01-29 08:27:00-05,
2024-08-22 12:20:00-04,ND0228,N,56,75.04,2.50%,2,ND0228 - US 301 NB AT HYETTS CORNER,12585.1,2019-01-29 08:27:00-05,
2024-08-22 12:25:00-04,ND0228,N,60,73.13,2.71%,2,ND0228 - US 301 NB AT HYETTS CORNER,12585.1,2019-01-29 08:27:00-05,
2024-08-22 12:30:00-04,ND0228,N,59,74.28,2.78%,2,ND0228 - US 301 NB AT HYETTS CORNER,12585.1,2019-01-29 08:27:00-05,
2024-08-22 12:35:00-04,ND0228,N,62,73.89,3.01%,2,ND0228 - US 301 NB AT HYETTS CORNER,12585.1,2019-01-29 08:27:00-05,
2024-08-22 12:40:00-04,ND0228,N,51,76.60,2.47%,2,ND0228 - US 301 NB AT HYETTS CORNER,12585.1,2019-01-29 08:27:00-05,
2024-08-22 12:45:00-04,ND0228,N,56,75.66,2.52%,2,ND0228 - US 301 NB AT HYETTS CORNER,12585.1,2019-01-29 08:27:00-05,
2024-08-22 12:50:00-04,ND0228,N,75,75.48,3.75%,2,ND0228 - US 301 NB AT HYETTS CORNER,12585.1,2019-01-29 08:27:00-05,
2024-08-22 12:55:00-04,ND0228,N,48,77.32,1.92%,2,ND0228 - US 301 NB AT HYETTS CORNER,12585.1,2019-01-29 08:27:00-05,
2024-08-22 13:00:00-04,ND0228,N,58,76.31,2.57%,2,ND0228 - US 301 NB AT HYETTS CORNER,12585.1,2019-01-29 08:27:00-05,
2024-08-22 13:05:00-04,ND0228,N,56,74.39,2.93%,2,ND0228 - US 301 NB AT HYETTS CORNER,12585.1,2019-01-29 08:27:00-05,
2024-08-22 13:10:00-04,ND0228,N,55,74.70,2.71%,2,ND0228 - US 301 NB AT HYETTS CORNER,12585.1,2019-01-29 08:27:00-05,
2024-08-22 13:15:00-04,ND0228,N,58,75.68,2.53%,2,ND0228 - US 301 NB AT HYETTS CORNER,12585.1,2019-01-29 08:27:00-05,
2024-08-22 13:20:00-04,ND0228,N,62,74.10,2.91%,2,ND0228 - US 301 NB AT HYETTS CORNER,12585.1,2019-01-29 08:27:00-05,
2024-08-22 13:25:00-04,ND0228,N,68,74.56,3.38%,2,ND0228 - US 301 NB AT HYETTS CORNER,12585.1,2019-01-29 08:27:00-05,
2024-08-22 13:30:00-04,ND0228,N,63,73.00,2.95%,2,ND0228 - US 301 NB AT HYETTS CORNER,12585.1,2019-01-29 08:27:00-05,
2024-08-22 13:35:00-04,ND0228,N,61,74.33,2.85%,2,ND0228 - US 301 NB AT HYETTS CORNER,12585.1,2019-01-29 08:27:00-05,
2024-08-22 13:40:00-04,ND0228,N,60,77.09,2.69%,2,ND0228 - US 301 NB AT HYETTS CORNER,12585.1,2019-01-29 08:27:00-05,
2024-08-22 13:45:00-04,ND0228,N,76,75.00,3.70%,2,ND0228 - US 301 NB AT HYETTS CORNER,12585.1,2019-01-29 08:27:00-05,
2024-08-22 13:50:00-04,ND0228,N,75,75.48,3.36%,2,ND0228 - US 301 NB AT HYETTS CORNER,12585.1,2019-01-29 08:27:00-05,
2024-08-22 13:55:00-04,ND0228,N,58,75.49,2.36%,2,ND0228 - US 301 NB AT HYETTS CORNER,12585.1,2019-01-29 08:27:00-05,
2024-08-22 14:00:00-04,ND0228,N,55,77.59,2.47%,2,ND0228 - US 301 NB AT HYETTS CORNER,12585.1,2019-01-29 08:27:00-05,
2024-08-22 14:05:00-04,ND0228,N,83,76.69,3.39%,2,ND0228 - US 301 NB AT HYETTS CORNER,12585.1,2019-01-29 08:27:00-05,
2024-08-22 14:10:00-04,ND0228,N,71,76.78,2.76%,2,ND0228 - US 301 NB AT HYETTS CORNER,12585.1,2019-01-29 08:27:00-05,
2024-08-22 14:15:00-04,ND0228,N,71,75.66,3.07%,2,ND0228 - US 301 NB AT HYETTS CORNER,12585.1,2019-01-29 08:27:00-05,
2024-08-22 14:20:00-04,ND0228,N,61,74.38,2.71%,2,ND0228 - US 301 NB AT HYETTS CORNER,12585.1,2019-01-29 08:27:00-05,
2024-08-22 14:25:00-04,ND0228,N,98,73.80,4.49%,2,ND0228 - US 301 NB AT HYETTS CORNER,12585.1,2019-01-29 08:27:00-05,
2024-08-22 14:30:00-04,ND0228,N,85,76.63,3.88%,2,ND0228 - US 301 NB AT HYETTS CORNER,12585.1,2019-01-29 08:27:00-05,
2024-08-22 14:35:00-04,ND0228,N,83,75.98,3.49%,2,ND0228 - US 301 NB AT HYETTS CORNER,12585.1,2019-01-29 08:27:00-05,
2024-08-22 14:40:00-04,ND0228,N,74,78.00,2.91%,2,ND0228 - US 301 NB AT HYETTS CORNER,12585.1,2019-01-29 08:27:00-05,
2024-08-22 14:45:00-04,ND0228,N,99,76.77,4.18%,2,ND0228 - US 301 NB AT HYETTS CORNER,12585.1,2019-01-29 08:27:00-05,
2024-08-22 14:50:00-04,ND0228,N,73,76.28,3.11%,2,ND0228 - US 301 NB AT HYETTS CORNER,12585.1,2019-01-29 08:27:00-05,
2024-08-22 14:55:00-04,ND0228,N,77,74.80,3.93%,2,ND0228 - US 301 NB AT HYETTS CORNER,12585.1,2019-01-29 08:27:00-05,
2024-08-22 15:00:00-04,ND0228,N,64,77.11,2.61%,2,ND0228 - US 301 NB AT HYETTS CORNER,12585.1,2019-01-29 08:27:00-05,
2024-08-22 15:05:00-04,ND0228,N,88,74.75,3.60%,2,ND0228 - US 301 NB AT HYETTS CORNER,12585.1,2019-01-29 08:27:00-05,
2024-08-22 15:10:00-04,ND0228,N,79,75.03,3.53%,2,ND0228 - US 301 NB AT HYETTS CORNER,12585.1,2019-01-29 08:27:00-05,
2024-08-22 15:15:00-04,ND0228,N,84,76.13,3.84%,2,ND0228 - US 301 NB AT HYETTS CORNER,12585.1,2019-01-29 08:27:00-05,
2024-08-22 15:20:00-04,ND0228,N,100,75.90,4.15%,2,ND0228 - US 301 NB AT HYETTS CORNER,12585.1,2019-01-29 08:27:00-05,
2024-08-22 15:25:00-04,ND0228,N,80,75.69,3.42%,2,ND0228 - US 301 NB AT HYETTS CORNER,12585.1,2019-01-29 08:27:00-05,
2024-08-22 15:30:00-04,ND0228,N,80,75.61,3.41%,2,ND0228 - US 301 NB AT HYETTS CORNER,12585.1,2019-01-29 08:27:00-05,
2024-08-22 15:35:00-04,ND0228,N,92,75.01,3.88%,2,ND0228 - US 301 NB AT HYETTS CORNER,12585.1,2019-01-29 08:27:00-05,
2024-08-22 15:40:00-04,ND0228,N,74,76.46,3.31%,2,ND0228 - US 301 NB AT HYETTS CORNER,12585.1,2019-01-29 08:27:00-05,
2024-08-22 15:45:00-04,ND0228,N,82,75.39,3.48%,2,ND0228 - US 301 NB AT HYETTS CORNER,12585.1,2019-01-29 08:27:00-05,
2024-08-22 15:50:00-04,ND0228,N,93,75.89,3.93%,2,ND0228 - US 301 NB AT HYETTS CORNER,12585.1,2019-01-29 08:27:00-05,
2024-08-22 15:55:00-04,ND0228,N,66,75.29,2.83%,2,ND0228 - US 301 NB AT HYETTS CORNER,12585.1,2019-01-29 08:27:00-05,
2024-08-22 16:00:00-04,ND0228,N,91,76.24,3.58%,2,ND0228 - US 301 NB AT HYETTS CORNER,12585.1,2019-01-29 08:27:00-05,
2024-08-22 16:05:00-04,ND0228,N,126,74.37,5.55%,2,ND0228 - US 301 NB AT HYETTS CORNER,12585.1,2019-01-29 08:27:00-05,
2024-08-22 16:10:00-04,ND0228,N,95,74.62,4.56%,2,ND0228 - US 301 NB AT HYETTS CORNER,12585.1,2019-01-29 08:27:00-05,
2024-08-22 16:15:00-04,ND0228,N,97,75.72,4.78%,2,ND0228 - US 301 NB AT HYETTS CORNER,12585.1,2019-01-29 08:27:00-05,
2024-08-22 16:20:00-04,ND0228,N,106,75.22,4.55%,2,ND0228 - US 301 NB AT HYETTS CORNER,12585.1,2019-01-29 08:27:00-05,
2024-08-22 16:25:00-04,ND0228,N,124,76.49,5.20%,2,ND0228 - US 301 NB AT HYETTS CORNER,12585.1,2019-01-29 08:27:00-05,
2024-08-22 16:30:00-04,ND0228,N,124,76.47,4.74%,2,ND0228 - US 301 NB AT HYETTS CORNER,12585.1,2019-01-29 08:27:00-05,
2024-08-22 16:35:00-04,ND0228,N,99,77.88,3.70%,2,ND0228 - US 301 NB AT HYETTS CORNER,12585.1,2019-01-29 08:27:00-05,
2024-08-22 16:40:00-04,ND0228,N,87,76.75,3.30%,2,ND0228 - US 301 NB AT HYETTS CORNER,12585.1,2019-01-29 08:27:00-05,
2024-08-22 16:45:00-04,ND0228,N,91,75.67,4.04%,2,ND0228 - US 301 NB AT HYETTS CORNER,12585.1,2019-01-29 08:27:00-05,
2024-08-22 16:50:00-04,ND0228,N,104,75.68,4.20%,2,ND0228 - US 301 NB AT HYETTS CORNER,12585.1,2019-01-29 08:27:00-05,
2024-08-22 16:55:00-04,ND0228,N,98,76.55,3.95%,2,ND0228 - US 301 NB AT HYETTS CORNER,12585.1,2019-01-29 08:27:00-05,
2024-08-22 17:00:00-04,ND0228,N,79,76.14,3.13%,2,ND0228 - US 301 NB AT HYETTS CORNER,12585.1,2019-01-29 08:27:00-05,
2024-08-22 17:05:00-04,ND0228,N,106,78.03,4.20%,2,ND0228 - US 301 NB AT HYETTS CORNER,12585.1,2019-01-29 08:27:00-05,
2024-08-22 17:10:00-04,ND0228,N,101,76.76,3.93%,2,ND0228 - US 301 NB AT HYETTS CORNER,12585.1,2019-01-29 08:27:00-05,
2024-08-22 17:15:00-04,ND0228,N,92,78.36,3.46%,2,ND0228 - US 301 NB AT HYETTS CORNER,12585.1,2019-01-29 08:27:00-05,
2024-08-22 17:20:00-04,ND0228,N,102,79.26,3.78%,2,ND0228 - US 301 NB AT HYETTS CORNER,12585.1,2019-01-29 08:27:00-05,
2024-08-22 17:25:00-04,ND0228,N,78,77.21,3.43%,2,ND0228 - US 301 NB AT HYETTS CORNER,12585.1,2019-01-29 08:27:00-05,
2024-08-22 17:30:00-04,ND0228,N,98,77.23,3.83%,2,ND0228 - US 301 NB AT HYETTS CORNER,12585.1,2019-01-29 08:27:00-05,
2024-08-22 17:35:00-04,ND0228,N,99,77.81,4.35%,2,ND0228 - US 301 NB AT HYETTS CORNER,12585.1,2019-01-29 08:27:00-05,
2024-08-22 17:40:00-04,ND0228,N,96,77.10,4.03%,2,ND0228 - US 301 NB AT HYETTS CORNER,12585.1,2019-01-29 08:27:00-05,
2024-08-22 17:45:00-04,ND0228,N,86,76.03,3.60%,2,ND0228 - US 301 NB AT HYETTS CORNER,12585.1,2019-01-29 08:27:00-05,
2024-08-22 17:50:00-04,ND0228,N,97,75.90,3.97%,2,ND0228 - US 301 NB AT HYETTS CORNER,12585.1,2019-01-29 08:27:00-05,
2024-08-22 17:55:00-04,ND0228,N,91,74.39,3.79%,2,ND0228 - US 301 NB AT HYETTS CORNER,12585.1,2019-01-29 08:27:00-05,
2024-08-22 18:00:00-04,ND0228,N,89,75.12,3.53%,2,ND0228 - US 301 NB AT HYETTS CORNER,12585.1,2019-01-29 08:27:00-05,
2024-08-22 18:05:00-04,ND0228,N,66,77.74,2.62%,2,ND0228 - US 301 NB AT HYETTS CORNER,12585.1,2019-01-29 08:27:00-05,
2024-08-22 18:10:00-04,ND0228,N,94,76.29,3.57%,2,ND0228 - US 301 NB AT HYETTS CORNER,12585.1,2019-01-29 08:27:00-05,
2024-08-22 18:15:00-04,ND0228,N,82,77.33,3.45%,2,ND0228 - US 301 NB AT HYETTS CORNER,12585.1,2019-01-29 08:27:00-05,
2024-08-22 18:20:00-04,ND0228,N,109,75.66,4.55%,2,ND0228 - US 301 NB AT HYETTS CORNER,12585.1,2019-01-29 08:27:00-05,
2024-08-22 18:25:00-04,ND0228,N,78,76.81,3.29%,2,ND0228 - US 301 NB AT HYETTS CORNER,12585.1,2019-01-29 08:27:00-05,
2024-08-22 18:30:00-04,ND0228,N,103,76.92,3.79%,2,ND0228 - US 301 NB AT HYETTS CORNER,12585.1,2019-01-29 08:27:00-05,
2024-08-22 18:35:00-04,ND0228,N,69,78.29,2.76%,2,ND0228 - US 301 NB AT HYETTS CORNER,12585.1,2019-01-29 08:27:00-05,
2024-08-22 18:40:00-04,ND0228,N,78,80.28,2.73%,2,ND0228 - US 301 NB AT HYETTS CORNER,12585.1,2019-01-29 08:27:00-05,
2024-08-22 18:45:00-04,ND0228,N,60,78.80,2.36%,2,ND0228 - US 301 NB AT HYETTS CORNER,12585.1,2019-01-29 08:27:00-05,
2024-08-22 18:50:00-04,ND0228,N,80,77.21,3.15%,2,ND0228 - US 301 NB AT HYETTS CORNER,12585.1,2019-01-29 08:27:00-05,
2024-08-22 18:55:00-04,ND0228,N,56,77.06,2.31%,2,ND0228 - US 301 NB AT HYETTS CORNER,12585.1,2019-01-29 08:27:00-05,
2024-08-22 19:00:00-04,ND0228,N,59,76.38,2.56%,2,ND0228 - US 301 NB AT HYETTS CORNER,12585.1,2019-01-29 08:27:00-05,
2024-08-22 19:05:00-04,ND0228,N,83,76.92,3.06%,2,ND0228 - US 301 NB AT HYETTS CORNER,12585.1,2019-01-29 08:27:00-05,
2024-08-22 19:10:00-04,ND0228,N,84,77.29,3.26%,2,ND0228 - US 301 NB AT HYETTS CORNER,12585.1,2019-01-29 08:27:00-05,
2024-08-22 19:15:00-04,ND0228,N,92,75.46,4.10%,2,ND0228 - US 301 NB AT HYETTS CORNER,12585.1,2019-01-29 08:27:00-05,
2024-08-22 19:20:00-04,ND0228,N,63,77.12,2.49%,2,ND0228 - US 301 NB AT HYETTS CORNER,12585.1,2019-01-29 08:27:00-05,
2024-08-22 19:25:00-04,ND0228,N,51,75.96,2.01%,2,ND0228 - US 301 NB AT HYETTS CORNER,12585.1,2019-01-29 08:27:00-05,
2024-08-22 19:30:00-04,ND0228,N,63,75.73,2.65%,2,ND0228 - US 301 NB AT HYETTS CORNER,12585.1,2019-01-29 08:27:00-05,
2024-08-22 19:35:00-04,ND0228,N,78,76.87,3.15%,2,ND0228 - US 301 NB AT HYETTS CORNER,12585.1,2019-01-29 08:27:00-05,
2024-08-22 19:40:00-04,ND0228,N,51,76.35,2.42%,2,ND0228 - US 301 NB AT HYETTS CORNER,12585.1,2019-01-29 08:27:00-05,
2024-08-22 19:45:00-04,ND0228,N,51,75.52,1.97%,2,ND0228 - US 301 NB AT HYETTS CORNER,12585.1,2019-01-29 08:27:00-05,
2024-08-22 19:50:00-04,ND0228,N,37,75.96,1.83%,2,ND0228 - US 301 NB AT HYETTS CORNER,12585.1,2019-01-29 08:27:00-05,
2024-08-22 19:55:00-04,ND0228,N,63,75.19,3.13%,2,ND0228 - US 301 NB AT HYETTS CORNER,12585.1,2019-01-29 08:27:00-05,
2024-08-22 20:00:00-04,ND0228,N,47,75.71,1.93%,2,ND0228 - US 301 NB AT HYETTS CORNER,12585.1,2019-01-29 08:27:00-05,
2024-08-22 20:05:00-04,ND0228,N,55,75.62,2.63%,2,ND0228 - US 301 NB AT HYETTS CORNER,12585.1,2019-01-29 08:27:00-05,
2024-08-22 20:10:00-04,ND0228,N,41,72.63,1.88%,2,ND0228 - US 301 NB AT HYETTS CORNER,12585.1,2019-01-29 08:27:00-05,
2024-08-22 20:15:00-04,ND0228,N,36,71.22,1.80%,2,ND0228 - US 301 NB AT HYETTS CORNER,12585.1,2019-01-29 08:27:00-05,
2024-08-22 20:20:00-04,ND0228,N,30,71.73,1.45%,2,ND0228 - US 301 NB AT HYETTS CORNER,12585.1,2019-01-29 08:27:00-05,
2024-08-22 20:25:00-04,ND0228,N,38,74.20,2.02%,2,ND0228 - US 301 NB AT HYETTS CORNER,12585.1,2019-01-29 08:27:00-05,
2024-08-22 20:30:00-04,ND0228,N,28,71.12,1.46%,2,ND0228 - US 301 NB AT HYETTS CORNER,12585.1,2019-01-29 08:27:00-05,
2024-08-22 20:35:00-04,ND0228,N,22,69.83,1.14%,2,ND0228 - US 301 NB AT HYETTS CORNER,12585.1,2019-01-29 08:27:00-05,
2024-08-22 20:40:00-04,ND0228,N,28,72.11,1.39%,2,ND0228 - US 301 NB AT HYETTS CORNER,12585.1,2019-01-29 08:27:00-05,
2024-08-22 20:45:00-04,ND0228,N,28,71.52,1.68%,2,ND0228 - US 301 NB AT HYETTS CORNER,12585.1,2019-01-29 08:27:00-05,
2024-08-22 20:50:00-04,ND0228,N,34,73.25,1.65%,2,ND0228 - US 301 NB AT HYETTS CORNER,12585.1,2019-01-29 08:27:00-05,
2024-08-22 20:55:00-04,ND0228,N,37,71.52,2.06%,2,ND0228 - US 301 NB AT HYETTS CORNER,12585.1,2019-01-29 08:27:00-05,
2024-08-22 21:00:00-04,ND0228,N,29,73.51,1.44%,2,ND0228 - US 301 NB AT HYETTS CORNER,12585.1,2019-01-29 08:27:00-05,
2024-08-22 21:05:00-04,ND0228,N,17,72.69,1.04%,2,ND0228 - US 301 NB AT HYETTS CORNER,12585.1,2019-01-29 08:27:00-05,
2024-08-22 21:10:00-04,ND0228,N,15,73.88,1.12%,2,ND0228 - US 301 NB AT HYETTS CORNER,12585.1,2019-01-29 08:27:00-05,
2024-08-22 21:15:00-04,ND0228,N,19,70.16,0.89%,2,ND0228 - US 301 NB AT HYETTS CORNER,12585.1,2019-01-29 08:27:00-05,
2024-08-22 21:20:00-04,ND0228,N,24,75.08,1.13%,2,ND0228 - US 301 NB AT HYETTS CORNER,12585.1,2019-01-29 08:27:00-05,
2024-08-22 21:25:00-04,ND0228,N,26,72.63,1.48%,2,ND0228 - US 301 NB AT HYETTS CORNER,12585.1,2019-01-29 08:27:00-05,
2024-08-22 21:30:00-04,ND0228,N,19,73.80,0.83%,2,ND0228 - US 301 NB AT HYETTS CORNER,12585.1,2019-01-29 08:27:00-05,
2024-08-22 21:35:00-04,ND0228,N,22,66.55,1.45%,2,ND0228 - US 301 NB AT HYETTS CORNER,12585.1,2019-01-29 08:27:00-05,
2024-08-22 21:40:00-04,ND0228,N,11,73.54,0.51%,2,ND0228 - US 301 NB AT HYETTS CORNER,12585.1,2019-01-29 08:27:00-05,
2024-08-22 21:45:00-04,ND0228,N,22,71.99,1.10%,2,ND0228 - US 301 NB AT HYETTS CORNER,12585.1,2019-01-29 08:27:00-05,
2024-08-22 21:50:00-04,ND0228,N,20,73.01,2.30%,2,ND0228 - US 301 NB AT HYETTS CORNER,12585.1,2019-01-29 08:27:00-05,
2024-08-22 21:55:00-04,ND0228,N,25,73.65,1.18%,2,ND0228 - US 301 NB AT HYETTS CORNER,12585.1,2019-01-29 08:27:00-05,
2024-08-22 22:00:00-04,ND0228,N,24,74.68,1.72%,2,ND0228 - US 301 NB AT HYETTS CORNER,12585.1,2019-01-29 08:27:00-05,
2024-08-22 22:05:00-04,ND0228,N,22,72.42,1.36%,2,ND0228 - US 301 NB AT HYETTS CORNER,12585.1,2019-01-29 08:27:00-05,
2024-08-22 22:10:00-04,ND0228,N,14,70.25,1.06%,2,ND0228 - US 301 NB AT HYETTS CORNER,12585.1,2019-01-29 08:27:00-05,
2024-08-22 22:15:00-04,ND0228,N,19,70.22,0.97%,2,ND0228 - US 301 NB AT HYETTS CORNER,12585.1,2019-01-29 08:27:00-05,
2024-08-22 22:20:00-04,ND0228,N,21,72.92,1.48%,2,ND0228 - US 301 NB AT HYETTS CORNER,12585.1,2019-01-29 08:27:00-05,
2024-08-22 22:25:00-04,ND0228,N,17,70.39,1.03%,2,ND0228 - US 301 NB AT HYETTS CORNER,12585.1,2019-01-29 08:27:00-05,
2024-08-22 22:30:00-04,ND0228,N,20,72.32,1.25%,2,ND0228 - US 301 NB AT HYETTS CORNER,12585.1,2019-01-29 08:27:00-05,
2024-08-22 22:35:00-04,ND0228,N,12,71.39,0.77%,2,ND0228 - US 301 NB AT HYETTS CORNER,12585.1,2019-01-29 08:27:00-05,
2024-08-22 22:40:00-04,ND0228,N,13,70.90,0.90%,2,ND0228 - US 301 NB AT HYETTS CORNER,12585.1,2019-01-29 08:27:00-05,
2024-08-22 22:45:00-04,ND0228,N,13,72.02,1.10%,2,ND0228 - US 301 NB AT HYETTS CORNER,12585.1,2019-01-29 08:27:00-05,
2024-08-22 22:50:00-04,ND0228,N,11,71.13,0.93%,2,ND0228 - US 301 NB AT HYETTS CORNER,12585.1,2019-01-29 08:27:00-05,
2024-08-22 22:55:00-04,ND0228,N,9,69.88,0.87%,2,ND0228 - US 301 NB AT HYETTS CORNER,12585.1,2019-01-29 08:27:00-05,
2024-08-22 23:00:00-04,ND0228,N,13,71.50,1.06%,2,ND0228 - US 301 NB AT HYETTS CORNER,12585.1,2019-01-29 08:27:00-05,
2024-08-22 23:05:00-04,ND0228,N,12,69.99,0.80%,2,ND0228 - US 301 NB AT HYETTS CORNER,12585.1,2019-01-29 08:27:00-05,
2024-08-22 23:10:00-04,ND0228,N,9,71.64,0.50%,2,ND0228 - US 301 NB AT HYETTS CORNER,12585.1,2019-01-29 08:27:00-05,
2024-08-22 23:15:00-04,ND0228,N,10,73.12,0.77%,2,ND0228 - US 301 NB AT HYETTS CORNER,12585.1,2019-01-29 08:27:00-05,
2024-08-22 23:20:00-04,ND0228,N,6,75.09,0.49%,2,ND0228 - US 301 NB AT HYETTS CORNER,12585.1,2019-01-29 08:27:00-05,
2024-08-22 23:25:00-04,ND0228,N,10,73.02,0.94%,2,ND0228 - US 301 NB AT HYETTS CORNER,12585.1,2019-01-29 08:27:00-05,
2024-08-22 23:30:00-04,ND0228,N,8,71.78,0.79%,1,ND0228 - US 301 NB AT HYETTS CORNER,12585.1,2019-01-29 08:27:00-05,
2024-08-22 23:35:00-04,ND0228,N,9,71.15,0.94%,2,ND0228 - US 301 NB AT HYETTS CORNER,12585.1,2019-01-29 08:27:00-05,
2024-08-22 23:40:00-04,ND0228,N,5,67.23,0.32%,2,ND0228 - US 301 NB AT HYETTS CORNER,12585.1,2019-01-29 08:27:00-05,
2024-08-22 23:45:00-04,ND0228,N,9,75.06,0.69%,2,ND0228 - US 301 NB AT HYETTS CORNER,12585.1,2019-01-29 08:27:00-05,
2024-08-22 23:50:00-04,ND0228,N,10,70.68,1.16%,2,ND0228 - US 301 NB AT HYETTS CORNER,12585.1,2019-01-29 08:27:00-05,
2024-08-22 23:55:00-04,ND0228,N,6,73.24,1.21%,1,ND0228 - US 301 NB AT HYETTS CORNER,12585.1,2019-01-29 08:27:00-05,
2024-08-23 00:00:00-04,ND0228,N,7,66.04,0.49%,2,ND0228 - US 301 NB AT HYETTS CORNER,12585.1,2019-01-29 08:27:00-05,
2024-08-23 00:05:00-04,ND0228,N,10,73.84,1.06%,2,ND0228 - US 301 NB AT HYETTS CORNER,12585.1,2019-01-29 08:27:00-05,
2024-08-23 00:10:00-04,ND0228,N,5,67.44,1.43%,1,ND0228 - US 301 NB AT HYETTS CORNER,12585.1,2019-01-29 08:27:00-05,
2024-08-23 00:15:00-04,ND0228,N,8,68.64,0.55%,2,ND0228 - US 301 NB AT HYETTS CORNER,12585.1,2019-01-29 08:27:00-05,
2024-08-23 00:20:00-04,ND0228,N,3,68.31,0.22%,2,ND0228 - US 301 NB AT HYETTS CORNER,12585.1,2019-01-29 08:27:00-05,
2024-08-23 00:25:00-04,ND0228,N,5,74.59,0.29%,2,ND0228 - US 301 NB AT HYETTS CORNER,12585.1,2019-01-29 08:27:00-05,
2024-08-23 00:30:00-04,ND0228,N,3,65.77,0.88%,1,ND0228 - US 301 NB AT HYETTS CORNER,12585.1,2019-01-29 08:27:00-05,
2024-08-23 00:35:00-04,ND0228,N,3,69.51,0.28%,2,ND0228 - US 301 NB AT HYETTS CORNER,12585.1,2019-01-29 08:27:00-05,
2024-08-23 00:40:00-04,ND0228,N,5,71.09,0.55%,2,ND0228 - US 301 NB AT HYETTS CORNER,12585.1,2019-01-29 08:27:00-05,
2024-08-23 00:45:00-04,ND0228,N,4,72.81,0.36%,2,ND0228 - US 301 NB AT HYETTS CORNER,12585.1,2019-01-29 08:27:00-05,
2024-08-23 00:50:00-04,ND0228,N,4,73.09,0.24%,2,ND0228 - US 301 NB AT HYETTS CORNER,12585.1,2019-01-29 08:27:00-05,
2024-08-23 00:55:00-04,ND0228,N,3,77.97,0.18%,2,ND0228 - US 301 NB AT HYETTS CORNER,12585.1,2019-01-29 08:27:00-05,
2024-08-23 01:00:00-04,ND0228,N,5,71.15,0.99%,1,ND0228 - US 301 NB AT HYETTS CORNER,12585.1,2019-01-29 08:27:00-05,
2024-08-23 01:05:00-04,ND0228,N,8,71.38,0.82%,2,ND0228 - US 301 NB AT HYETTS CORNER,12585.1,2019-01-29 08:27:00-05,
2024-08-23 01:10:00-04,ND0228,N,6,71.68,0.49%,2,ND0228 - US 301 NB AT HYETTS CORNER,12585.1,2019-01-29 08:27:00-05,
2024-08-23 01:15:00-04,ND0228,N,2,64.59,0.37%,1,ND0228 - US 301 NB AT HYETTS CORNER,12585.1,2019-01-29 08:27:00-05,
2024-08-23 01:20:00-04,ND0228,N,4,73.26,0.59%,1,ND0228 - US 301 NB AT HYETTS CORNER,12585.1,2019-01-29 08:27:00-05,
2024-08-23 01:25:00-04,ND0228,N,6,74.43,0.69%,2,ND0228 - US 301 NB AT HYETTS CORNER,12585.1,2019-01-29 08:27:00-05,
2024-08-23 01:30:00-04,ND0228,N,2,66.52,0.57%,1,ND0228 - US 301 NB AT HYETTS CORNER,12585.1,2019-01-29 08:27:00-05,
2024-08-23 01:35:00-04,ND0228,N,6,71.54,0.55%,2,ND0228 - US 301 NB AT HYETTS CORNER,12585.1,2019-01-29 08:27:00-05,
2024-08-23 01:40:00-04,ND0228,N,8,65.42,0.87%,2,ND0228 - US 301 NB AT HYETTS CORNER,12585.1,2019-01-29 08:27:00-05,
2024-08-23 01:45:00-04,ND0228,N,2,74.54,0.14%,1,ND0228 - US 301 NB AT HYETTS CORNER,12585.1,2019-01-29 08:27:00-05,
2024-08-23 01:50:00-04,ND0228,N,3,66.79,0.37%,1,ND0228 - US 301 NB AT HYETTS CORNER,12585.1,2019-01-29 08:27:00-05,
2024-08-23 01:55:00-04,ND0228,N,2,77.34,0.33%,1,ND0228 - US 301 NB AT HYETTS CORNER,12585.1,2019-01-29 08:27:00-05,
2024-08-23 02:00:00-04,ND0228,N,4,67.20,0.44%,2,ND0228 - US 301 NB AT HYETTS CORNER,12585.1,2019-01-29 08:27:00-05,
2024-08-23 02:05:00-04,ND0228,N,7,62.95,1.05%,2,ND0228 - US 301 NB AT HYETTS CORNER,12585.1,2019-01-29 08:27:00-05,
2024-08-23 02:10:00-04,ND0228,N,5,68.43,0.29%,2,ND0228 - US 301 NB AT HYETTS CORNER,12585.1,2019-01-29 08:27:00-05,
2024-08-23 02:15:00-04,ND0228,N,2,73.17,0.10%,2,ND0228 - US 301 NB AT HYETTS CORNER,12585.1,2019-01-29 08:27:00-05,
2024-08-23 02:20:00-04,ND0228,N,2,66.77,0.38%,1,ND0228 - US 301 NB AT HYETTS CORNER,12585.1,2019-01-29 08:27:00-05,
2024-08-23 02:25:00-04,ND0228,N,9,72.73,0.91%,2,ND0228 - US 301 NB AT HYETTS CORNER,12585.1,2019-01-29 08:27:00-05,
2024-08-23 02:30:00-04,ND0228,N,3,66.98,0.41%,1,ND0228 - US 301 NB AT HYETTS CORNER,12585.1,2019-01-29 08:27:00-05,
2024-08-23 02:35:00-04,ND0228,N,1,67.86,0.28%,1,ND0228 - US 301 NB AT HYETTS CORNER,12585.1,2019-01-29 08:27:00-05,
2024-08-23 02:40:00-04,ND0228,N,4,70.27,0.82%,1,ND0228 - US 301 NB AT HYETTS CORNER,12585.1,2019-01-29 08:27:00-05,
2024-08-23 02:45:00-04,ND0228,N,5,67.05,0.79%,1,ND0228 - US 301 NB AT HYETTS CORNER,12585.1,2019-01-29 08:27:00-05,
2024-08-23 02:50:00-04,ND0228,N,7,75.07,0.64%,2,ND0228 - US 301 NB AT HYETTS CORNER,12585.1,2019-01-29 08:27:00-05,
2024-08-23 02:55:00-04,ND0228,N,7,75.39,0.54%,2,ND0228 - US 301 NB AT HYETTS CORNER,12585.1,2019-01-29 08:27:00-05,
2024-08-23 03:05:00-04,ND0228,N,6,71.95,0.35%,2,ND0228 - US 301 NB AT HYETTS CORNER,12585.1,2019-01-29 08:27:00-05,
2024-08-23 03:10:00-04,ND0228,N,5,69.08,0.54%,2,ND0228 - US 301 NB AT HYETTS CORNER,12585.1,2019-01-29 08:27:00-05,
2024-08-23 03:15:00-04,ND0228,N,12,78.97,0.74%,2,ND0228 - US 301 NB AT HYETTS CORNER,12585.1,2019-01-29 08:27:00-05,
2024-08-23 03:20:00-04,ND0228,N,10,68.89,0.99%,2,ND0228 - US 301 NB AT HYETTS CORNER,12585.1,2019-01-29 08:27:00-05,
2024-08-23 03:25:00-04,ND0228,N,6,70.04,0.49%,2,ND0228 - US 301 NB AT HYETTS CORNER,12585.1,2019-01-29 08:27:00-05,
2024-08-23 03:30:00-04,ND0228,N,9,69.62,1.68%,1,ND0228 - US 301 NB AT HYETTS CORNER,12585.1,2019-01-29 08:27:00-05,
2024-08-23 03:35:00-04,ND0228,N,6,69.11,0.60%,2,ND0228 - US 301 NB AT HYETTS CORNER,12585.1,2019-01-29 08:27:00-05,
2024-08-23 03:40:00-04,ND0228,N,4,70.11,0.36%,2,ND0228 - US 301 NB AT HYETTS CORNER,12585.1,2019-01-29 08:27:00-05,
2024-08-23 03:45:00-04,ND0228,N,9,75.58,0.91%,2,ND0228 - US 301 NB AT HYETTS CORNER,12585.1,2019-01-29 08:27:00-05,
2024-08-23 03:50:00-04,ND0228,N,6,72.04,0.34%,2,ND0228 - US 301 NB AT HYETTS CORNER,12585.1,2019-01-29 08:27:00-05,
2024-08-23 03:55:00-04,ND0228,N,5,73.22,0.26%,2,ND0228 - US 301 NB AT HYETTS CORNER,12585.1,2019-01-29 08:27:00-05,
2024-08-23 04:00:00-04,ND0228,N,6,76.90,0.50%,2,ND0228 - US 301 NB AT HYETTS CORNER,12585.1,2019-01-29 08:27:00-05,
2024-08-23 04:05:00-04,ND0228,N,5,77.38,0.37%,2,ND0228 - US 301 NB AT HYETTS CORNER,12585.1,2019-01-29 08:27:00-05,
2024-08-23 04:10:00-04,ND0228,N,9,73.13,0.45%,2,ND0228 - US 301 NB AT HYETTS CORNER,12585.1,2019-01-29 08:27:00-05,
2024-08-23 04:15:00-04,ND0228,N,9,73.32,0.80%,2,ND0228 - US 301 NB AT HYETTS CORNER,12585.1,2019-01-29 08:27:00-05,
2024-08-23 04:20:00-04,ND0228,N,9,72.94,0.71%,2,ND0228 - US 301 NB AT HYETTS CORNER,12585.1,2019-01-29 08:27:00-05,
2024-08-23 04:25:00-04,ND0228,N,8,70.87,0.97%,1,ND0228 - US 301 NB AT HYETTS CORNER,12585.1,2019-01-29 08:27:00-05,
2024-08-23 04:30:00-04,ND0228,N,10,73.05,0.68%,2,ND0228 - US 301 NB AT HYETTS CORNER,12585.1,2019-01-29 08:27:00-05,
2024-08-23 04:35:00-04,ND0228,N,8,69.53,0.86%,1,ND0228 - US 301 NB AT HYETTS CORNER,12585.1,2019-01-29 08:27:00-05,
2024-08-23 04:40:00-04,ND0228,N,16,71.84,0.80%,2,ND0228 - US 301 NB AT HYETTS CORNER,12585.1,2019-01-29 08:27:00-05,
2024-08-23 04:45:00-04,ND0228,N,16,70.02,1.05%,2,ND0228 - US 301 NB AT HYETTS CORNER,12585.1,2019-01-29 08:27:00-05,
2024-08-23 04:50:00-04,ND0228,N,15,71.39,0.96%,2,ND0228 - US 301 NB AT HYETTS CORNER,12585.1,2019-01-29 08:27:00-05,
2024-08-23 04:55:00-04,ND0228,N,16,74.82,0.84%,2,ND0228 - US 301 NB AT HYETTS CORNER,12585.1,2019-01-29 08:27:00-05,
2024-08-23 05:00:00-04,ND0228,N,21,75.23,1.24%,2,ND0228 - US 301 NB AT HYETTS CORNER,12585.1,2019-01-29 08:27:00-05,
2024-08-23 05:05:00-04,ND0228,N,20,74.81,1.16%,2,ND0228 - US 301 NB AT HYETTS CORNER,12585.1,2019-01-29 08:27:00-05,
2024-08-23 05:10:00-04,ND0228,N,16,73.32,0.89%,2,ND0228 - US 301 NB AT HYETTS CORNER,12585.1,2019-01-29 08:27:00-05,
2024-08-23 05:15:00-04,ND0228,N,14,75.80,0.79%,2,ND0228 - US 301 NB AT HYETTS CORNER,12585.1,2019-01-29 08:27:00-05,
2024-08-23 05:20:00-04,ND0228,N,32,75.93,1.64%,2,ND0228 - US 301 NB AT HYETTS CORNER,12585.1,2019-01-29 08:27:00-05,
2024-08-23 05:25:00-04,ND0228,N,28,73.83,1.38%,2,ND0228 - US 301 NB AT HYETTS CORNER,12585.1,2019-01-29 08:27:00-05,
2024-08-23 05:30:00-04,ND0228,N,21,73.67,1.06%,2,ND0228 - US 301 NB AT HYETTS CORNER,12585.1,2019-01-29 08:27:00-05,
2024-08-23 05:35:00-04,ND0228,N,26,75.48,1.29%,2,ND0228 - US 301 NB AT HYETTS CORNER,12585.1,2019-01-29 08:27:00-05,
2024-08-23 05:40:00-04,ND0228,N,21,73.91,1.18%,2,ND0228 - US 301 NB AT HYETTS CORNER,12585.1,2019-01-29 08:27:00-05,
2024-08-23 05:45:00-04,ND0228,N,23,74.98,0.97%,2,ND0228 - US 301 NB AT HYETTS CORNER,12585.1,2019-01-29 08:27:00-05,
2024-08-23 05:50:00-04,ND0228,N,28,72.78,1.52%,2,ND0228 - US 301 NB AT HYETTS CORNER,12585.1,2019-01-29 08:27:00-05,
2024-08-23 05:55:00-04,ND0228,N,35,75.23,1.52%,2,ND0228 - US 301 NB AT HYETTS CORNER,12585.1,2019-01-29 08:27:00-05,
2024-08-23 06:00:00-04,ND0228,N,41,76.14,1.58%,2,ND0228 - US 301 NB AT HYETTS CORNER,12585.1,2019-01-29 08:27:00-05,
2024-08-23 06:05:00-04,ND0228,N,28,73.80,1.49%,2,ND0228 - US 301 NB AT HYETTS CORNER,12585.1,2019-01-29 08:27:00-05,
2024-08-23 06:10:00-04,ND0228,N,34,73.61,1.68%,2,ND0228 - US 301 NB AT HYETTS CORNER,12585.1,2019-01-29 08:27:00-05,
2024-08-23 06:15:00-04,ND0228,N,34,74.61,1.77%,2,ND0228 - US 301 NB AT HYETTS CORNER,12585.1,2019-01-29 08:27:00-05,
2024-08-23 06:20:00-04,ND0228,N,37,76.23,1.58%,2,ND0228 - US 301 NB AT HYETTS CORNER,12585.1,2019-01-29 08:27:00-05,
2024-08-23 06:25:00-04,ND0228,N,38,75.21,1.68%,2,ND0228 - US 301 NB AT HYETTS CORNER,12585.1,2019-01-29 08:27:00-05,
2024-08-23 06:30:00-04,ND0228,N,64,75.43,2.91%,2,ND0228 - US 301 NB AT HYETTS CORNER,12585.1,2019-01-29 08:27:00-05,
2024-08-23 06:35:00-04,ND0228,N,72,76.05,3.46%,2,ND0228 - US 301 NB AT HYETTS CORNER,12585.1,2019-01-29 08:27:00-05,
2024-08-23 06:40:00-04,ND0228,N,72,77.21,3.01%,2,ND0228 - US 301 NB AT HYETTS CORNER,12585.1,2019-01-29 08:27:00-05,
2024-08-23 06:45:00-04,ND0228,N,51,79.41,2.19%,2,ND0228 - US 301 NB AT HYETTS CORNER,12585.1,2019-01-29 08:27:00-05,
2024-08-23 06:50:00-04,ND0228,N,50,77.05,2.25%,2,ND0228 - US 301 NB AT HYETTS CORNER,12585.1,2019-01-29 08:27:00-05,
2024-08-23 06:55:00-04,ND0228,N,58,74.47,2.95%,2,ND0228 - US 301 NB AT HYETTS CORNER,12585.1,2019-01-29 08:27:00-05,
2024-08-23 07:00:00-04,ND0228,N,53,75.56,2.48%,2,ND0228 - US 301 NB AT HYETTS CORNER,12585.1,2019-01-29 08:27:00-05,
2024-08-23 07:05:00-04,ND0228,N,59,77.07,2.45%,2,ND0228 - US 301 NB AT HYETTS CORNER,12585.1,2019-01-29 08:27:00-05,
2024-08-23 07:10:00-04,ND0228,N,64,76.27,2.84%,2,ND0228 - US 301 NB AT HYETTS CORNER,12585.1,2019-01-29 08:27:00-05,
2024-08-23 07:15:00-04,ND0228,N,46,76.68,2.01%,2,ND0228 - US 301 NB AT HYETTS CORNER,12585.1,2019-01-29 08:27:00-05,
2024-08-23 07:20:00-04,ND0228,N,74,75.22,3.17%,2,ND0228 - US 301 NB AT HYETTS CORNER,12585.1,2019-01-29 08:27:00-05,
2024-08-23 07:25:00-04,ND0228,N,61,77.47,2.21%,2,ND0228 - US 301 NB AT HYETTS CORNER,12585.1,2019-01-29 08:27:00-05,
2024-08-23 07:30:00-04,ND0228,N,64,76.24,2.46%,2,ND0228 - US 301 NB AT HYETTS CORNER,12585.1,2019-01-29 08:27:00-05,
2024-08-23 07:35:00-04,ND0228,N,68,77.09,2.77%,2,ND0228 - US 301 NB AT HYETTS CORNER,12585.1,2019-01-29 08:27:00-05,
2024-08-23 07:40:00-04,ND0228,N,63,75.31,2.72%,2,ND0228 - US 301 NB AT HYETTS CORNER,12585.1,2019-01-29 08:27:00-05,
2024-08-23 07:45:00-04,ND0228,N,64,75.45,2.61%,2,ND0228 - US 301 NB AT HYETTS CORNER,12585.1,2019-01-29 08:27:00-05,
2024-08-23 07:50:00-04,ND0228,N,52,76.44,2.20%,2,ND0228 - US 301 NB AT HYETTS CORNER,12585.1,2019-01-29 08:27:00-05,
2024-08-23 07:55:00-04,ND0228,N,80,74.93,3.87%,2,ND0228 - US 301 NB AT HYETTS CORNER,12585.1,2019-01-29 08:27:00-05,
2024-08-23 08:00:00-04,ND0228,N,50,77.34,2.23%,2,ND0228 - US 301 NB AT HYETTS CORNER,12585.1,2019-01-29 08:27:00-05,
2024-08-23 08:05:00-04,ND0228,N,37,78.25,1.41%,2,ND0228 - US 301 NB AT HYETTS CORNER,12585.1,2019-01-29 08:27:00-05,
2024-08-23 08:10:00-04,ND0228,N,69,76.66,2.85%,2,ND0228 - US 301 NB AT HYETTS CORNER,12585.1,2019-01-29 08:27:00-05,
2024-08-23 08:15:00-04,ND0228,N,64,76.92,2.95%,2,ND0228 - US 301 NB AT HYETTS CORNER,12585.1,2019-01-29 08:27:00-05,
2024-08-23 08:20:00-04,ND0228,N,63,77.61,2.67%,2,ND0228 - US 301 NB AT HYETTS CORNER,12585.1,2019-01-29 08:27:00-05,
2024-08-23 08:25:00-04,ND0228,N,51,75.77,2.41%,2,ND0228 - US 301 NB AT HYETTS CORNER,12585.1,2019-01-29 08:27:00-05,
2024-08-23 08:30:00-04,ND0228,N,75,76.66,2.79%,2,ND0228 - US 301 NB AT HYETTS CORNER,12585.1,2019-01-29 08:27:00-05,
2024-08-23 08:35:00-04,ND0228,N,49,77.57,2.11%,2,ND0228 - US 301 NB AT HYETTS CORNER,12585.1,2019-01-29 08:27:00-05,
2024-08-23 08:40:00-04,ND0228,N,74,76.93,3.01%,2,ND0228 - US 301 NB AT HYETTS CORNER,12585.1,2019-01-29 08:27:00-05,
2024-08-23 08:45:00-04,ND0228,N,50,75.00,2.08%,2,ND0228 - US 301 NB AT HYETTS CORNER,12585.1,2019-01-29 08:27:00-05,
2024-08-23 08:50:00-04,ND0228,N,53,74.75,2.42%,2,ND0228 - US 301 NB AT HYETTS CORNER,12585.1,2019-01-29 08:27:00-05,
2024-08-23 08:55:00-04,ND0228,N,61,74.47,2.89%,2,ND0228 - US 301 NB AT HYETTS CORNER,12585.1,2019-01-29 08:27:00-05,
2024-08-23 09:00:00-04,ND0228,N,67,74.43,3.21%,2,ND0228 - US 301 NB AT HYETTS CORNER,12585.1,2019-01-29 08:27:00-05,
2024-08-23 09:05:00-04,ND0228,N,62,76.96,2.78%,2,ND0228 - US 301 NB AT HYETTS CORNER,12585.1,2019-01-29 08:27:00-05,
2024-08-23 09:10:00-04,ND0228,N,50,75.66,2.03%,2,ND0228 - US 301 NB AT HYETTS CORNER,12585.1,2019-01-29 08:27:00-05,
2024-08-23 09:15:00-04,ND0228,N,64,75.54,3.00%,2,ND0228 - US 301 NB AT HYETTS CORNER,12585.1,2019-01-29 08:27:00-05,
2024-08-23 09:20:00-04,ND0228,N,64,74.10,2.90%,2,ND0228 - US 301 NB AT HYETTS CORNER,12585.1,2019-01-29 08:27:00-05,
2024-08-23 09:25:00-04,ND0228,N,62,75.75,2.56%,2,ND0228 - US 301 NB AT HYETTS CORNER,12585.1,2019-01-29 08:27:00-05,
2024-08-23 09:30:00-04,ND0228,N,57,75.08,2.61%,2,ND0228 - US 301 NB AT HYETTS CORNER,12585.1,2019-01-29 08:27:00-05,
2024-08-23 09:35:00-04,ND0228,N,67,74.97,2.98%,2,ND0228 - US 301 NB AT HYETTS CORNER,12585.1,2019-01-29 08:27:00-05,
2024-08-23 09:40:00-04,ND0228,N,61,74.21,2.74%,2,ND0228 - US 301 NB AT HYETTS CORNER,12585.1,2019-01-29 08:27:00-05,
2024-08-23 09:45:00-04,ND0228,N,70,74.67,2.73%,2,ND0228 - US 301 NB AT HYETTS CORNER,12585.1,2019-01-29 08:27:00-05,
2024-08-23 09:50:00-04,ND0228,N,54,74.66,2.52%,2,ND0228 - US 301 NB AT HYETTS CORNER,12585.1,2019-01-29 08:27:00-05,
2024-08-23 09:55:00-04,ND0228,N,58,74.80,2.36%,2,ND0228 - US 301 NB AT HYETTS CORNER,12585.1,2019-01-29 08:27:00-05,
2024-08-23 10:00:00-04,ND0228,N,52,74.06,2.35%,2,ND0228 - US 301 NB AT HYETTS CORNER,12585.1,2019-01-29 08:27:00-05,
2024-08-23 10:05:00-04,ND0228,N,55,77.28,2.31%,2,ND0228 - US 301 NB AT HYETTS CORNER,12585.1,2019-01-29 08:27:00-05,
2024-08-23 10:10:00-04,ND0228,N,51,76.80,2.35%,2,ND0228 - US 301 NB AT HYETTS CORNER,12585.1,2019-01-29 08:27:00-05,
2024-08-23 10:15:00-04,ND0228,N,56,75.67,2.52%,2,ND0228 - US 301 NB AT HYETTS CORNER,12585.1,2019-01-29 08:27:00-05,
2024-08-23 10:20:00-04,ND0228,N,73,75.78,3.26%,2,ND0228 - US 301 NB AT HYETTS CORNER,12585.1,2019-01-29 08:27:00-05,
2024-08-23 10:25:00-04,ND0228,N,71,74.41,3.22%,2,ND0228 - US 301 NB AT HYETTS CORNER,12585.1,2019-01-29 08:27:00-05,
2024-08-23 10:30:00-04,ND0228,N,49,75.39,2.27%,2,ND0228 - US 301 NB AT HYETTS CORNER,12585.1,2019-01-29 08:27:00-05,
2024-08-23 10:35:00-04,ND0228,N,58,76.22,2.54%,2,ND0228 - US 301 NB AT HYETTS CORNER,12585.1,2019-01-29 08:27:00-05,
2024-08-23 10:40:00-04,ND0228,N,61,72.45,3.19%,2,ND0228 - US 301 NB AT HYETTS CORNER,12585.1,2019-01-29 08:27:00-05,
2024-08-23 10:45:00-04,ND0228,N,50,75.00,2.21%,2,ND0228 - US 301 NB AT HYETTS CORNER,12585.1,2019-01-29 08:27:00-05,
2024-08-23 10:50:00-04,ND0228,N,66,75.97,2.98%,2,ND0228 - US 301 NB AT HYETTS CORNER,12585.1,2019-01-29 08:27:00-05,
2024-08-23 10:55:00-04,ND0228,N,54,76.04,2.46%,2,ND0228 - US 301 NB AT HYETTS CORNER,12585.1,2019-01-29 08:27:00-05,
2024-08-23 11:00:00-04,ND0228,N,66,75.34,3.06%,2,ND0228 - US 301 NB AT HYETTS CORNER,12585.1,2019-01-29 08:27:00-05,
2024-08-23 11:05:00-04,ND0228,N,58,74.76,2.50%,2,ND0228 - US 301 NB AT HYETTS CORNER,12585.1,2019-01-29 08:27:00-05,
2024-08-23 11:10:00-04,ND0228,N,78,74.83,3.67%,2,ND0228 - US 301 NB AT HYETTS CORNER,12585.1,2019-01-29 08:27:00-05,
2024-08-23 11:15:00-04,ND0228,N,56,75.52,2.49%,2,ND0228 - US 301 NB AT HYETTS CORNER,12585.1,2019-01-29 08:27:00-05,
2024-08-23 11:20:00-04,ND0228,N,70,73.65,3.53%,2,ND0228 - US 301 NB AT HYETTS CORNER,12585.1,2019-01-29 08:27:00-05,
2024-08-23 11:25:00-04,ND0228,N,62,75.77,2.60%,2,ND0228 - US 301 NB AT HYETTS CORNER,12585.1,2019-01-29 08:27:00-05,
2024-08-23 11:30:00-04,ND0228,N,68,75.20,3.24%,2,ND0228 - US 301 NB AT HYETTS CORNER,12585.1,2019-01-29 08:27:00-05,
2024-08-23 11:35:00-04,ND0228,N,76,74.93,3.52%,2,ND0228 - US 301 NB AT HYETTS CORNER,12585.1,2019-01-29 08:27:00-05,
2024-08-23 11:40:00-04,ND0228,N,77,75.75,3.17%,2,ND0228 - US 301 NB AT HYETTS CORNER,12585.1,2019-01-29 08:27:00-05,
2024-08-23 11:45:00-04,ND0228,N,63,75.40,2.56%,2,ND0228 - US 301 NB AT HYETTS CORNER,12585.1,2019-01-29 08:27:00-05,
2024-08-23 11:50:00-04,ND0228,N,80,75.92,3.65%,2,ND0228 - US 301 NB AT HYETTS CORNER,12585.1,2019-01-29 08:27:00-05,
2024-08-23 11:55:00-04,ND0228,N,79,75.95,4.17%,2,ND0228 - US 301 NB AT HYETTS CORNER,12585.1,2019-01-29 08:27:00-05,
2024-08-23 12:00:00-04,ND0228,N,91,78.33,3.84%,2,ND0228 - US 301 NB AT HYETTS CORNER,12585.1,2019-01-29 08:27:00-05,
2024-08-23 12:05:00-04,ND0228,N,91,74.91,3.96%,2,ND0228 - US 301 NB AT HYETTS CORNER,12585.1,2019-01-29 08:27:00-05,
2024-08-23 12:10:00-04,ND0228,N,84,75.61,3.32%,2,ND0228 - US 301 NB AT HYETTS CORNER,12585.1,2019-01-29 08:27:00-05,
2024-08-23 12:15:00-04,ND0228,N,101,77.31,4.05%,2,ND0228 - US 301 NB AT HYETTS CORNER,12585.1,2019-01-29 08:27:00-05,
2024-08-23 12:20:00-04,ND0228,N,125,75.61,5.20%,2,ND0228 - US 301 NB AT HYETTS CORNER,12585.1,2019-01-29 08:27:00-05,
2024-08-23 12:25:00-04,ND0228,N,110,75.60,4.26%,2,ND0228 - US 301 NB AT HYETTS CORNER,12585.1,2019-01-29 08:27:00-05,
2024-08-23 12:30:00-04,ND0228,N,113,76.67,4.40%,2,ND0228 - US 301 NB AT HYETTS CORNER,12585.1,2019-01-29 08:27:00-05,
2024-08-23 12:35:00-04,ND0228,N,118,75.62,4.81%,2,ND0228 - US 301 NB AT HYETTS CORNER,12585.1,2019-01-29 08:27:00-05,
2024-08-23 12:40:00-04,ND0228,N,119,75.01,5.05%,2,ND0228 - US 301 NB AT HYETTS CORNER,12585.1,2019-01-29 08:27:00-05,
2024-08-23 12:45:00-04,ND0228,N,106,75.30,4.15%,2,ND0228 - US 301 NB AT HYETTS CORNER,12585.1,2019-01-29 08:27:00-05,
2024-08-23 12:50:00-04,ND0228,N,112,74.96,5.13%,2,ND0228 - US 301 NB AT HYETTS CORNER,12585.1,2019-01-29 08:27:00-05,
2024-08-23 12:55:00-04,ND0228,N,114,76.61,4.33%,2,ND0228 - US 301 NB AT HYETTS CORNER,12585.1,2019-01-29 08:27:00-05,
2024-08-23 13:00:00-04,ND0228,N,110,73.79,4.91%,2,ND0228 - US 301 NB AT HYETTS CORNER,12585.1,2019-01-29 08:27:00-05,
2024-08-23 13:05:00-04,ND0228,N,107,74.80,4.21%,2,ND0228 - US 301 NB AT HYETTS CORNER,12585.1,2019-01-29 08:27:00-05,
2024-08-23 13:10:00-04,ND0228,N,127,74.67,5.28%,2,ND0228 - US 301 NB AT HYETTS CORNER,12585.1,2019-01-29 08:27:00-05,
2024-08-23 13:15:00-04,ND0228,N,100,75.85,3.84%,2,ND0228 - US 301 NB AT HYETTS CORNER,12585.1,2019-01-29 08:27:00-05,
2024-08-23 13:20:00-04,ND0228,N,98,75.68,3.77%,2,ND0228 - US 301 NB AT HYETTS CORNER,12585.1,2019-01-29 08:27:00-05,
2024-08-23 13:25:00-04,ND0228,N,126,74.39,4.84%,2,ND0228 - US 301 NB AT HYETTS CORNER,12585.1,2019-01-29 08:27:00-05,
2024-08-23 13:30:00-04,ND0228,N,105,76.90,4.03%,2,ND0228 - US 301 NB AT HYETTS CORNER,12585.1,2019-01-29 08:27:00-05,
2024-08-23 13:35:00-04,ND0228,N,107,75.18,4.23%,2,ND0228 - US 301 NB AT HYETTS CORNER,12585.1,2019-01-29 08:27:00-05,
2024-08-23 13:40:00-04,ND0228,N,112,76.73,4.42%,2,ND0228 - US 301 NB AT HYETTS CORNER,12585.1,2019-01-29 08:27:00-05,
2024-08-23 13:45:00-04,ND0228,N,98,75.33,3.98%,2,ND0228 - US 301 NB AT HYETTS CORNER,12585.1,2019-01-29 08:27:00-05,
2024-08-23 13:50:00-04,ND0228,N,118,76.31,5.02%,2,ND0228 - US 301 NB AT HYETTS CORNER,12585.1,2019-01-29 08:27:00-05,
2024-08-23 13:55:00-04,ND0228,N,80,76.36,3.33%,2,ND0228 - US 301 NB AT HYETTS CORNER,12585.1,2019-01-29 08:27:00-05,
2024-08-23 14:00:00-04,ND0228,N,98,76.26,4.14%,2,ND0228 - US 301 NB AT HYETTS CORNER,12585.1,2019-01-29 08:27:00-05,
2024-08-23 14:05:00-04,ND0228,N,93,74.35,4.00%,2,ND0228 - US 301 NB AT HYETTS CORNER,12585.1,2019-01-29 08:27:00-05,
2024-08-23 14:10:00-04,ND0228,N,113,74.99,4.62%,2,ND0228 - US 301 NB AT HYETTS CORNER,12585.1,2019-01-29 08:27:00-05,
2024-08-23 14:15:00-04,ND0228,N,104,77.14,4.05%,2,ND0228 - US 301 NB AT HYETTS CORNER,12585.1,2019-01-29 08:27:00-05,
2024-08-23 14:20:00-04,ND0228,N,95,75.36,3.77%,2,ND0228 - US 301 NB AT HYETTS CORNER,12585.1,2019-01-29 08:27:00-05,
2024-08-23 14:25:00-04,ND0228,N,125,74.14,4.89%,2,ND0228 - US 301 NB AT HYETTS CORNER,12585.1,2019-01-29 08:27:00-05,
2024-08-23 14:30:00-04,ND0228,N,92,76.19,3.54%,2,ND0228 - US 301 NB AT HYETTS CORNER,12585.1,2019-01-29 08:27:00-05,
2024-08-23 14:35:00-04,ND0228,N,123,75.29,5.55%,2,ND0228 - US 301 NB AT HYETTS CORNER,12585.1,2019-01-29 08:27:00-05,
2024-08-23 14:40:00-04,ND0228,N,134,75.29,5.87%,2,ND0228 - US 301 NB AT HYETTS CORNER,12585.1,2019-01-29 08:27:00-05,
2024-08-23 14:45:00-04,ND0228,N,101,76.06,3.78%,2,ND0228 - US 301 NB AT HYETTS CORNER,12585.1,2019-01-29 08:27:00-05,
2024-08-23 14:50:00-04,ND0228,N,104,78.60,4.12%,2,ND0228 - US 301 NB AT HYETTS CORNER,12585.1,2019-01-29 08:27:00-05,
2024-08-23 14:55:00-04,ND0228,N,105,74.60,4.73%,2,ND0228 - US 301 NB AT HYETTS CORNER,12585.1,2019-01-29 08:27:00-05,
2024-08-23 15:00:00-04,ND0228,N,101,76.46,4.03%,2,ND0228 - US 301 NB AT HYETTS CORNER,12585.1,2019-01-29 08:27:00-05,
2024-08-23 15:05:00-04,ND0228,N,95,77.36,3.97%,2,ND0228 - US 301 NB AT HYETTS CORNER,12585.1,2019-01-29 08:27:00-05,
2024-08-23 15:10:00-04,ND0228,N,107,77.44,3.91%,2,ND0228 - US 301 NB AT HYETTS CORNER,12585.1,2019-01-29 08:27:00-05,
2024-08-23 15:15:00-04,ND0228,N,64,75.62,2.81%,2,ND0228 - US 301 NB AT HYETTS CORNER,12585.1,2019-01-29 08:27:00-05,
2024-08-23 15:20:00-04,ND0228,N,79,75.18,3.12%,2,ND0228 - US 301 NB AT HYETTS CORNER,12585.1,2019-01-29 08:27:00-05,
2024-08-23 15:25:00-04,ND0228,N,54,74.22,2.30%,2,ND0228 - US 301 NB AT HYETTS CORNER,12585.1,2019-01-29 08:27:00-05,
2024-08-23 15:30:00-04,ND0228,N,86,77.33,3.34%,2,ND0228 - US 301 NB AT HYETTS CORNER,12585.1,2019-01-29 08:27:00-05,
2024-08-23 15:35:00-04,ND0228,N,77,75.39,2.92%,2,ND0228 - US 301 NB AT HYETTS CORNER,12585.1,2019-01-29 08:27:00-05,
2024-08-23 15:40:00-04,ND0228,N,78,79.02,2.92%,2,ND0228 - US 301 NB AT HYETTS CORNER,12585.1,2019-01-29 08:27:00-05,
2024-08-23 15:45:00-04,ND0228,N,78,76.23,3.29%,2,ND0228 - US 301 NB AT HYETTS CORNER,12585.1,2019-01-29 08:27:00-05,
2024-08-23 15:50:00-04,ND0228,N,79,78.47,3.02%,2,ND0228 - US 301 NB AT HYETTS CORNER,12585.1,2019-01-29 08:27:00-05,
2024-08-23 15:55:00-04,ND0228,N,94,76.48,3.79%,2,ND0228 - US 301 NB AT HYETTS CORNER,12585.1,2019-01-29 08:27:00-05,
2024-08-23 16:00:00-04,ND0228,N,72,76.98,3.31%,2,ND0228 - US 301 NB AT HYETTS CORNER,12585.1,2019-01-29 08:27:00-05,
2024-08-23 16:05:00-04,ND0228,N,85,75.97,3.24%,2,ND0228 - US 301 NB AT HYETTS CORNER,12585.1,2019-01-29 08:27:00-05,
2024-08-23 16:10:00-04,ND0228,N,76,77.29,3.12%,2,ND0228 - US 301 NB AT HYETTS CORNER,12585.1,2019-01-29 08:27:00-05,
2024-08-23 16:15:00-04,ND0228,N,83,78.73,2.86%,2,ND0228 - US 301 NB AT HYETTS CORNER,12585.1,2019-01-29 08:27:00-05,
2024-08-23 16:20:00-04,ND0228,N,93,75.29,3.70%,2,ND0228 - US 301 NB AT HYETTS CORNER,12585.1,2019-01-29 08:27:00-05,
2024-08-23 16:25:00-04,ND0228,N,67,75.65,2.65%,2,ND0228 - US 301 NB AT HYETTS CORNER,12585.1,2019-01-29 08:27:00-05,
2024-08-23 16:30:00-04,ND0228,N,76,76.43,3.32%,2,ND0228 - US 301 NB AT HYETTS CORNER,12585.1,2019-01-29 08:27:00-05,
2024-08-23 16:35:00-04,ND0228,N,72,79.51,2.56%,2,ND0228 - US 301 NB AT HYETTS CORNER,12585.1,2019-01-29 08:27:00-05,
2024-08-23 16:40:00-04,ND0228,N,100,77.44,4.29%,2,ND0228 - US 301 NB AT HYETTS CORNER,12585.1,2019-01-29 08:27:00-05,
2024-08-23 16:45:00-04,ND0228,N,92,78.27,3.89%,2,ND0228 - US 301 NB AT HYETTS CORNER,12585.1,2019-01-29 08:27:00-05,
2024-08-23 16:50:00-04,ND0228,N,110,75.73,4.70%,2,ND0228 - US 301 NB AT HYETTS CORNER,12585.1,2019-01-29 08:27:00-05,
2024-08-23 16:55:00-04,ND0228,N,89,76.44,3.73%,2,ND0228 - US 301 NB AT HYETTS CORNER,12585.1,2019-01-29 08:27:00-05,
2024-08-23 17:00:00-04,ND0228,N,93,74.03,4.02%,2,ND0228 - US 301 NB AT HYETTS CORNER,12585.1,2019-01-29 08:27:00-05,
2024-08-23 17:05:00-04,ND0228,N,78,75.46,3.35%,2,ND0228 - US 301 NB AT HYETTS CORNER,12585.1,2019-01-29 08:27:00-05,
2024-08-23 17:10:00-04,ND0228,N,81,77.21,2.99%,2,ND0228 - US 301 NB AT HYETTS CORNER,12585.1,2019-01-29 08:27:00-05,
2024-08-23 17:15:00-04,ND0228,N,81,77.05,3.02%,2,ND0228 - US 301 NB AT HYETTS CORNER,12585.1,2019-01-29 08:27:00-05,
2024-08-23 17:20:00-04,ND0228,N,83,76.44,3.13%,2,ND0228 - US 301 NB AT HYETTS CORNER,12585.1,2019-01-29 08:27:00-05,
2024-08-23 17:25:00-04,ND0228,N,89,76.18,3.41%,2,ND0228 - US 301 NB AT HYETTS CORNER,12585.1,2019-01-29 08:27:00-05,
2024-08-23 17:30:00-04,ND0228,N,71,76.96,2.87%,2,ND0228 - US 301 NB AT HYETTS CORNER,12585.1,2019-01-29 08:27:00-05,
2024-08-23 17:35:00-04,ND0228,N,74,77.39,3.18%,2,ND0228 - US 301 NB AT HYETTS CORNER,12585.1,2019-01-29 08:27:00-05,
2024-08-23 17:40:00-04,ND0228,N,79,75.83,3.06%,2,ND0228 - US 301 NB AT HYETTS CORNER,12585.1,2019-01-29 08:27:00-05,
2024-08-23 17:45:00-04,ND0228,N,78,75.07,3.27%,2,ND0228 - US 301 NB AT HYETTS CORNER,12585.1,2019-01-29 08:27:00-05,
2024-08-23 17:50:00-04,ND0228,N,74,75.99,2.86%,2,ND0228 - US 301 NB AT HYETTS CORNER,12585.1,2019-01-29 08:27:00-05,
2024-08-23 17:55:00-04,ND0228,N,75,74.68,3.23%,2,ND0228 - US 301 NB AT HYETTS CORNER,12585.1,2019-01-29 08:27:00-05,
2024-08-23 18:00:00-04,ND0228,N,89,76.28,3.28%,2,ND0228 - US 301 NB AT HYETTS CORNER,12585.1,2019-01-29 08:27:00-05,
2024-08-23 18:05:00-04,ND0228,N,75,76.97,2.81%,2,ND0228 - US 301 NB AT HYETTS CORNER,12585.1,2019-01-29 08:27:00-05,
2024-08-23 18:10:00-04,ND0228,N,77,75.48,2.95%,2,ND0228 - US 301 NB AT HYETTS CORNER,12585.1,2019-01-29 08:27:00-05,
2024-08-23 18:15:00-04,ND0228,N,94,76.60,3.45%,2,ND0228 - US 301 NB AT HYETTS CORNER,12585.1,2019-01-29 08:27:00-05,
2024-08-23 18:20:00-04,ND0228,N,86,78.22,3.17%,2,ND0228 - US 301 NB AT HYETTS CORNER,12585.1,2019-01-29 08:27:00-05,
2024-08-23 18:25:00-04,ND0228,N,69,77.77,2.67%,2,ND0228 - US 301 NB AT HYETTS CORNER,12585.1,2019-01-29 08:27:00-05,
2024-08-23 18:30:00-04,ND0228,N,69,77.09,2.65%,2,ND0228 - US 301 NB AT HYETTS CORNER,12585.1,2019-01-29 08:27:00-05,
2024-08-23 18:35:00-04,ND0228,N,105,77.54,4.12%,2,ND0228 - US 301 NB AT HYETTS CORNER,12585.1,2019-01-29 08:27:00-05,
2024-08-23 18:40:00-04,ND0228,N,98,77.70,3.60%,2,ND0228 - US 301 NB AT HYETTS CORNER,12585.1,2019-01-29 08:27:00-05,
2024-08-23 18:45:00-04,ND0228,N,59,76.40,2.76%,2,ND0228 - US 301 NB AT HYETTS CORNER,12585.1,2019-01-29 08:27:00-05,
2024-08-23 18:50:00-04,ND0228,N,84,76.18,3.05%,2,ND0228 - US 301 NB AT HYETTS CORNER,12585.1,2019-01-29 08:27:00-05,
2024-08-23 18:55:00-04,ND0228,N,75,78.56,2.65%,2,ND0228 - US 301 NB AT HYETTS CORNER,12585.1,2019-01-29 08:27:00-05,
2024-08-23 19:00:00-04,ND0228,N,72,77.61,2.71%,2,ND0228 - US 301 NB AT HYETTS CORNER,12585.1,2019-01-29 08:27:00-05,
2024-08-23 19:05:00-04,ND0228,N,68,75.97,2.99%,2,ND0228 - US 301 NB AT HYETTS CORNER,12585.1,2019-01-29 08:27:00-05,
2024-08-23 19:10:00-04,ND0228,N,81,73.86,3.38%,2,ND0228 - US 301 NB AT HYETTS CORNER,12585.1,2019-01-29 08:27:00-05,
2024-08-23 19:15:00-04,ND0228,N,89,76.30,3.16%,2,ND0228 - US 301 NB AT HYETTS CORNER,12585.1,2019-01-29 08:27:00-05,
2024-08-23 19:20:00-04,ND0228,N,78,78.55,2.88%,2,ND0228 - US 301 NB AT HYETTS CORNER,12585.1,2019-01-29 08:27:00-05,
2024-08-23 19:25:00-04,ND0228,N,72,77.18,2.83%,2,ND0228 - US 301 NB AT HYETTS CORNER,12585.1,2019-01-29 08:27:00-05,
2024-08-23 19:30:00-04,ND0228,N,91,75.12,3.81%,2,ND0228 - US 301 NB AT HYETTS CORNER,12585.1,2019-01-29 08:27:00-05,
2024-08-23 19:35:00-04,ND0228,N,67,78.76,2.49%,2,ND0228 - US 301 NB AT HYETTS CORNER,12585.1,2019-01-29 08:27:00-05,
2024-08-23 19:40:00-04,ND0228,N,66,78.97,2.53%,2,ND0228 - US 301 NB AT HYETTS CORNER,12585.1,2019-01-29 08:27:00-05,
2024-08-23 19:45:00-04,ND0228,N,48,77.37,1.92%,2,ND0228 - US 301 NB AT HYETTS CORNER,12585.1,2019-01-29 08:27:00-05,
2024-08-23 19:50:00-04,ND0228,N,63,77.47,2.55%,2,ND0228 - US 301 NB AT HYETTS CORNER,12585.1,2019-01-29 08:27:00-05,
2024-08-23 19:55:00-04,ND0228,N,89,74.83,3.63%,2,ND0228 - US 301 NB AT HYETTS CORNER,12585.1,2019-01-29 08:27:00-05,
2024-08-23 20:00:00-04,ND0228,N,60,76.87,2.84%,2,ND0228 - US 301 NB AT HYETTS CORNER,12585.1,2019-01-29 08:27:00-05,
2024-08-23 20:05:00-04,ND0228,N,40,76.41,1.51%,2,ND0228 - US 301 NB AT HYETTS CORNER,12585.1,2019-01-29 08:27:00-05,
2024-08-23 20:10:00-04,ND0228,N,46,76.52,1.88%,2,ND0228 - US 301 NB AT HYETTS CORNER,12585.1,2019-01-29 08:27:00-05,
2024-08-23 20:15:00-04,ND0228,N,41,71.68,1.75%,2,ND0228 - US 301 NB AT HYETTS CORNER,12585.1,2019-01-29 08:27:00-05,
2024-08-23 20:20:00-04,ND0228,N,36,73.76,1.45%,2,ND0228 - US 301 NB AT HYETTS CORNER,12585.1,2019-01-29 08:27:00-05,
2024-08-23 20:25:00-04,ND0228,N,30,73.07,1.44%,2,ND0228 - US 301 NB AT HYETTS CORNER,12585.1,2019-01-29 08:27:00-05,
2024-08-23 20:30:00-04,ND0228,N,44,73.15,1.82%,2,ND0228 - US 301 NB AT HYETTS CORNER,12585.1,2019-01-29 08:27:00-05,
2024-08-23 20:35:00-04,ND0228,N,29,73.23,1.25%,2,ND0228 - US 301 NB AT HYETTS CORNER,12585.1,2019-01-29 08:27:00-05,
2024-08-23 20:40:00-04,ND0228,N,41,70.97,1.85%,2,ND0228 - US 301 NB AT HYETTS CORNER,12585.1,2019-01-29 08:27:00-05,
2024-08-23 20:45:00-04,ND0228,N,23,71.75,1.07%,2,ND0228 - US 301 NB AT HYETTS CORNER,12585.1,2019-01-29 08:27:00-05,
2024-08-23 20:50:00-04,ND0228,N,23,69.21,1.28%,2,ND0228 - US 301 NB AT HYETTS CORNER,12585.1,2019-01-29 08:27:00-05,
2024-08-23 20:55:00-04,ND0228,N,25,73.82,1.19%,2,ND0228 - US 301 NB AT HYETTS CORNER,12585.1,2019-01-29 08:27:00-05,
2024-08-23 21:00:00-04,ND0228,N,34,72.95,1.78%,2,ND0228 - US 301 NB AT HYETTS CORNER,12585.1,2019-01-29 08:27:00-05,
2024-08-23 21:05:00-04,ND0228,N,28,72.24,1.29%,2,ND0228 - US 301 NB AT HYETTS CORNER,12585.1,2019-01-29 08:27:00-05,
2024-08-23 21:10:00-04,ND0228,N,23,76.98,0.95%,2,ND0228 - US 301 NB AT HYETTS CORNER,12585.1,2019-01-29 08:27:00-05,
2024-08-23 21:15:00-04,ND0228,N,27,69.99,1.33%,2,ND0228 - US 301 NB AT HYETTS CORNER,12585.1,2019-01-29 08:27:00-05,
2024-08-23 21:20:00-04,ND0228,N,34,70.88,1.67%,2,ND0228 - US 301 NB AT HYETTS CORNER,12585.1,2019-01-29 08:27:00-05,
2024-08-23 21:25:00-04,ND0228,N,29,74.74,1.56%,2,ND0228 - US 301 NB AT HYETTS CORNER,12585.1,2019-01-29 08:27:00-05,
2024-08-23 21:30:00-04,ND0228,N,26,71.87,1.14%,2,ND0228 - US 301 NB AT HYETTS CORNER,12585.1,2019-01-29 08:27:00-05,
2024-08-23 21:35:00-04,ND0228,N,22,71.95,1.04%,2,ND0228 - US 301 NB AT HYETTS CORNER,12585.1,2019-01-29 08:27:00-05,
2024-08-23 21:40:00-04,ND0228,N,25,73.83,2.15%,2,ND0228 - US 301 NB AT HYETTS CORNER,12585.1,2019-01-29 08:27:00-05,
2024-08-23 21:45:00-04,ND0228,N,18,70.42,0.91%,2,ND0228 - US 301 NB AT HYETTS CORNER,12585.1,2019-01-29 08:27:00-05,
2024-08-23 21:50:00-04,ND0228,N,16,72.74,0.69%,2,ND0228 - US 301 NB AT HYETTS CORNER,12585.1,2019-01-29 08:27:00-05,
2024-08-23 21:55:00-04,ND0228,N,18,73.45,0.76%,2,ND0228 - US 301 NB AT HYETTS CORNER,12585.1,2019-01-29 08:27:00-05,
2024-08-23 22:00:00-04,ND0228,N,21,75.36,0.88%,2,ND0228 - US 301 NB AT HYETTS CORNER,12585.1,2019-01-29 08:27:00-05,
2024-08-23 22:05:00-04,ND0228,N,29,71.58,1.25%,2,ND0228 - US 301 NB AT HYETTS CORNER,12585.1,2019-01-29 08:27:00-05,
2024-08-23 22:10:00-04,ND0228,N,21,74.55,1.15%,2,ND0228 - US 301 NB AT HYETTS CORNER,12585.1,2019-01-29 08:27:00-05,
2024-08-23 22:15:00-04,ND0228,N,19,71.69,0.89%,2,ND0228 - US 301 NB AT HYETTS CORNER,12585.1,2019-01-29 08:27:00-05,
2024-08-23 22:20:00-04,ND0228,N,16,74.83,0.78%,2,ND0228 - US 301 NB AT HYETTS CORNER,12585.1,2019-01-29 08:27:00-05,
2024-08-23 22:25:00-04,ND0228,N,18,75.31,0.72%,2,ND0228 - US 301 NB AT HYETTS CORNER,12585.1,2019-01-29 08:27:00-05,
2024-08-23 22:30:00-04,ND0228,N,14,72.99,0.67%,2,ND0228 - US 301 NB AT HYETTS CORNER,12585.1,2019-01-29 08:27:00-05,
2024-08-23 22:35:00-04,ND0228,N,21,73.69,1.61%,2,ND0228 - US 301 NB AT HYETTS CORNER,12585.1,2019-01-29 08:27:00-05,
2024-08-23 22:40:00-04,ND0228,N,31,71.81,1.88%,2,ND0228 - US 301 NB AT HYETTS CORNER,12585.1,2019-01-29 08:27:00-05,
2024-08-23 22:45:00-04,ND0228,N,14,70.81,0.94%,2,ND0228 - US 301 NB AT HYETTS CORNER,12585.1,2019-01-29 08:27:00-05,
2024-08-23 22:50:00-04,ND0228,N,20,72.82,1.04%,2,ND0228 - US 301 NB AT HYETTS CORNER,12585.1,2019-01-29 08:27:00-05,
2024-08-23 22:55:00-04,ND0228,N,12,71.54,0.92%,2,ND0228 - US 301 NB AT HYETTS CORNER,12585.1,2019-01-29 08:27:00-05,
2024-08-23 23:00:00-04,ND0228,N,9,75.07,0.46%,2,ND0228 - US 301 NB AT HYETTS CORNER,12585.1,2019-01-29 08:27:00-05,
2024-08-23 23:05:00-04,ND0228,N,15,73.16,1.11%,2,ND0228 - US 301 NB AT HYETTS CORNER,12585.1,2019-01-29 08:27:00-05,
2024-08-23 23:10:00-04,ND0228,N,11,72.52,0.66%,2,ND0228 - US 301 NB AT HYETTS CORNER,12585.1,2019-01-29 08:27:00-05,
2024-08-23 23:15:00-04,ND0228,N,12,70.29,1.11%,2,ND0228 - US 301 NB AT HYETTS CORNER,12585.1,2019-01-29 08:27:00-05,
2024-08-23 23:20:00-04,ND0228,N,17,71.81,1.09%,2,ND0228 - US 301 NB AT HYETTS CORNER,12585.1,2019-01-29 08:27:00-05,
2024-08-23 23:25:00-04,ND0228,N,12,67.85,0.62%,2,ND0228 - US 301 NB AT HYETTS CORNER,12585.1,2019-01-29 08:27:00-05,
2024-08-23 23:30:00-04,ND0228,N,10,69.04,0.60%,2,ND0228 - US 301 NB AT HYETTS CORNER,12585.1,2019-01-29 08:27:00-05,
2024-08-23 23:35:00-04,ND0228,N,15,78.40,0.89%,2,ND0228 - US 301 NB AT HYETTS CORNER,12585.1,2019-01-29 08:27:00-05,
2024-08-23 23:40:00-04,ND0228,N,13,72.76,0.58%,2,ND0228 - US 301 NB AT HYETTS CORNER,12585.1,2019-01-29 08:27:00-05,
2024-08-23 23:45:00-04,ND0228,N,10,63.40,0.62%,2,ND0228 - US 301 NB AT HYETTS CORNER,12585.1,2019-01-29 08:27:00-05,
2024-08-23 23:50:00-04,ND0228,N,10,72.66,0.55%,2,ND0228 - US 301 NB AT HYETTS CORNER,12585.1,2019-01-29 08:27:00-05,
2024-08-23 23:55:00-04,ND0228,N,13,69.19,0.79%,2,ND0228 - US 301 NB AT HYETTS CORNER,12585.1,2019-01-29 08:27:00-05,
2024-08-24 00:00:00-04,ND0228,N,11,69.97,0.80%,2,ND0228 - US 301 NB AT HYETTS CORNER,12585.1,2019-01-29 08:27:00-05,
2024-08-24 00:05:00-04,ND0228,N,11,67.48,1.16%,2,ND0228 - US 301 NB AT HYETTS CORNER,12585.1,2019-01-29 08:27:00-05,
2024-08-24 00:10:00-04,ND0228,N,3,68.24,0.21%,2,ND0228 - US 301 NB AT HYETTS CORNER,12585.1,2019-01-29 08:27:00-05,
2024-08-24 00:15:00-04,ND0228,N,10,69.48,0.77%,2,ND0228 - US 301 NB AT HYETTS CORNER,12585.1,2019-01-29 08:27:00-05,
2024-08-24 00:20:00-04,ND0228,N,7,70.17,0.93%,1,ND0228 - US 301 NB AT HYETTS CORNER,12585.1,2019-01-29 08:27:00-05,
2024-08-24 00:25:00-04,ND0228,N,7,74.74,0.44%,2,ND0228 - US 301 NB AT HYETTS CORNER,12585.1,2019-01-29 08:27:00-05,
2024-08-24 00:30:00-04,ND0228,N,3,66.62,0.25%,1,ND0228 - US 301 NB AT HYETTS CORNER,12585.1,2019-01-29 08:27:00-05,
2024-08-24 00:35:00-04,ND0228,N,8,70.35,0.64%,2,ND0228 - US 301 NB AT HYETTS CORNER,12585.1,2019-01-29 08:27:00-05,
2024-08-24 00:40:00-04,ND0228,N,3,71.79,0.14%,2,ND0228 - US 301 NB AT HYETTS CORNER,12585.1,2019-01-29 08:27:00-05,
2024-08-24 00:45:00-04,ND0228,N,3,74.27,0.21%,2,ND0228 - US 301 NB AT HYETTS CORNER,12585.1,2019-01-29 08:27:00-05,
2024-08-24 00:50:00-04,ND0228,N,2,69.98,0.32%,1,ND0228 - US 301 NB AT HYETTS CORNER,12585.1,2019-01-29 08:27:00-05,
2024-08-24 00:55:00-04,ND0228,N,4,71.47,0.20%,2,ND0228 - US 301 NB AT HYETTS CORNER,12585.1,2019-01-29 08:27:00-05,
2024-08-24 01:00:00-04,ND0228,N,4,61.14,0.31%,2,ND0228 - US 301 NB AT HYETTS CORNER,12585.1,2019-01-29 08:27:00-05,
2024-08-24 01:05:00-04,ND0228,N,4,69.40,0.65%,1,ND0228 - US 301 NB AT HYETTS CORNER,12585.1,2019-01-29 08:27:00-05,
2024-08-24 01:10:00-04,ND0228,N,1,68.33,0.29%,1,ND0228 - US 301 NB AT HYETTS CORNER,12585.1,2019-01-29 08:27:00-05,
2024-08-24 01:15:00-04,ND0228,N,2,65.04,0.61%,1,ND0228 - US 301 NB AT HYETTS CORNER,12585.1,2019-01-29 08:27:00-05,
2024-08-24 01:20:00-04,ND0228,N,5,68.46,0.41%,2,ND0228 - US 301 NB AT HYETTS CORNER,12585.1,2019-01-29 08:27:00-05,
2024-08-24 01:25:00-04,ND0228,N,8,72.86,0.62%,2,ND0228 - US 301 NB AT HYETTS CORNER,12585.1,2019-01-29 08:27:00-05,
2024-08-24 01:30:00-04,ND0228,N,10,72.09,0.87%,2,ND0228 - US 301 NB AT HYETTS CORNER,12585.1,2019-01-29 08:27:00-05,
2024-08-24 01:35:00-04,ND0228,N,4,76.12,0.24%,2,ND0228 - US 301 NB AT HYETTS CORNER,12585.1,2019-01-29 08:27:00-05,
2024-08-24 01:40:00-04,ND0228,N,4,57.57,0.65%,1,ND0228 - US 301 NB AT HYETTS CORNER,12585.1,2019-01-29 08:27:00-05,
2024-08-24 01:45:00-04,ND0228,N,3,71.78,0.20%,2,ND0228 - US 301 NB AT HYETTS CORNER,12585.1,2019-01-29 08:27:00-05,
2024-08-24 01:50:00-04,ND0228,N,4,67.76,0.43%,2,ND0228 - US 301 NB AT HYETTS CORNER,12585.1,2019-01-29 08:27:00-05,
2024-08-24 02:00:00-04,ND0228,N,4,70.55,0.41%,1,ND0228 - US 301 NB AT HYETTS CORNER,12585.1,2019-01-29 08:27:00-05,
2024-08-24 02:05:00-04,ND0228,N,3,72.13,0.18%,2,ND0228 - US 301 NB AT HYETTS CORNER,12585.1,2019-01-29 08:27:00-05,
2024-08-24 02:10:00-04,ND0228,N,1,73.75,0.07%,1,ND0228 - US 301 NB AT HYETTS CORNER,12585.1,2019-01-29 08:27:00-05,
2024-08-24 02:15:00-04,ND0228,N,4,67.78,0.17%,2,ND0228 - US 301 NB AT HYETTS CORNER,12585.1,2019-01-29 08:27:00-05,
2024-08-24 02:20:00-04,ND0228,N,1,71.18,0.07%,1,ND0228 - US 301 NB AT HYETTS CORNER,12585.1,2019-01-29 08:27:00-05,
2024-08-24 02:25:00-04,ND0228,N,7,68.70,1.40%,1,ND0228 - US 301 NB AT HYETTS CORNER,12585.1,2019-01-29 08:27:00-05,
2024-08-24 02:30:00-04,ND0228,N,5,71.63,0.38%,2,ND0228 - US 301 NB AT HYETTS CORNER,12585.1,2019-01-29 08:27:00-05,
2024-08-24 02:35:00-04,ND0228,N,4,70.08,0.14%,2,ND0228 - US 301 NB AT HYETTS CORNER,12585.1,2019-01-29 08:27:00-05,
2024-08-24 02:40:00-04,ND0228,N,3,65.46,0.59%,1,ND0228 - US 301 NB AT HYETTS CORNER,12585.1,2019-01-29 08:27:00-05,
2024-08-24 02:45:00-04,ND0228,N,3,73.07,0.59%,1,ND0228 - US 301 NB AT HYETTS CORNER,12585.1,2019-01-29 08:27:00-05,
2024-08-24 02:50:00-04,ND0228,N,1,69.04,0.07%,1,ND0228 - US 301 NB AT HYETTS CORNER,12585.1,2019-01-29 08:27:00-05,
2024-08-24 02:55:00-04,ND0228,N,3,75.02,0.32%,2,ND0228 - US 301 NB AT HYETTS CORNER,12585.1,2019-01-29 08:27:00-05,
2024-08-24 03:00:00-04,ND0228,N,5,68.79,0.99%,1,ND0228 - US 301 NB AT HYETTS CORNER,12585.1,2019-01-29 08:27:00-05,
2024-08-24 03:05:00-04,ND0228,N,4,72.20,0.29%,2,ND0228 - US 301 NB AT HYETTS CORNER,12585.1,2019-01-29 08:27:00-05,
2024-08-24 03:10:00-04,ND0228,N,2,63.77,0.28%,2,ND0228 - US 301 NB AT HYETTS CORNER,12585.1,2019-01-29 08:27:00-05,
2024-08-24 03:15:00-04,ND0228,N,4,78.83,0.24%,2,ND0228 - US 301 NB AT HYETTS CORNER,12585.1,2019-01-29 08:27:00-05,
2024-08-24 03:20:00-04,ND0228,N,7,73.34,0.61%,2,ND0228 - US 301 NB AT HYETTS CORNER,12585.1,2019-01-29 08:27:00-05,
2024-08-24 03:25:00-04,ND0228,N,3,64.23,0.24%,1,ND0228 - US 301 NB AT HYETTS CORNER,12585.1,2019-01-29 08:27:00-05,
2024-08-24 03:30:00-04,ND0228,N,4,65.30,0.37%,2,ND0228 - US 301 NB AT HYETTS CORNER,12585.1,2019-01-29 08:27:00-05,
2024-08-24 03:35:00-04,ND0228,N,4,67.92,0.36%,2,ND0228 - US 301 NB AT HYETTS CORNER,12585.1,2019-01-29 08:27:00-05,
2024-08-24 03:40:00-04,ND0228,N,1,67.13,0.11%,1,ND0228 - US 301 NB AT HYETTS CORNER,12585.1,2019-01-29 08:27:00-05,
2024-08-24 03:45:00-04,ND0228,N,9,75.32,0.65%,2,ND0228 - US 301 NB AT HYETTS CORNER,12585.1,2019-01-29 08:27:00-05,
2024-08-24 03:50:00-04,ND0228,N,6,71.95,0.31%,2,ND0228 - US 301 NB AT HYETTS CORNER,12585.1,2019-01-29 08:27:00-05,
2024-08-24 03:55:00-04,ND0228,N,8,76.82,0.57%,2,ND0228 - US 301 NB AT HYETTS CORNER,12585.1,2019-01-29 08:27:00-05,
2024-08-24 04:00:00-04,ND0228,N,5,68.18,0.27%,2,ND0228 - US 301 NB AT HYETTS CORNER,12585.1,2019-01-29 08:27:00-05,
2024-08-24 04:05:00-04,ND0228,N,4,67.76,0.34%,2,ND0228 - US 301 NB AT HYETTS CORNER,12585.1,2019-01-29 08:27:00-05,
2024-08-24 04:10:00-04,ND0228,N,7,71.39,0.49%,2,ND0228 - US 301 NB AT HYETTS CORNER,12585.1,2019-01-29 08:27:00-05,
2024-08-24 04:15:00-04,ND0228,N,1,81.97,0.06%,1,ND0228 - US 301 NB AT HYETTS CORNER,12585.1,2019-01-29 08:27:00-05,
2024-08-24 04:20:00-04,ND0228,N,7,69.98,0.40%,2,ND0228 - US 301 NB AT HYETTS CORNER,12585.1,2019-01-29 08:27:00-05,
2024-08-24 04:25:00-04,ND0228,N,4,70.78,0.44%,2,ND0228 - US 301 NB AT HYETTS CORNER,12585.1,2019-01-29 08:27:00-05,
2024-08-24 04:30:00-04,ND0228,N,5,73.48,0.52%,2,ND0228 - US 301 NB AT HYETTS CORNER,12585.1,2019-01-29 08:27:00-05,
2024-08-24 04:35:00-04,ND0228,N,3,75.40,0.41%,1,ND0228 - US 301 NB AT HYETTS CORNER,12585.1,2019-01-29 08:27:00-05,
2024-08-24 04:40:00-04,ND0228,N,5,72.71,0.52%,1,ND0228 - US 301 NB AT HYETTS CORNER,12585.1,2019-01-29 08:27:00-05,
2024-08-24 04:45:00-04,ND0228,N,4,72.25,0.48%,1,ND0228 - US 301 NB AT HYETTS CORNER,12585.1,2019-01-29 08:27:00-05,
2024-08-24 04:50:00-04,ND0228,N,6,76.27,0.60%,1,ND0228 - US 301 NB AT HYETTS CORNER,12585.1,2019-01-29 08:27:00-05,
2024-08-24 04:55:00-04,ND0228,N,5,61.98,0.33%,2,ND0228 - US 301 NB AT HYETTS CORNER,12585.1,2019-01-29 08:27:00-05,
2024-08-24 05:00:00-04,ND0228,N,8,74.67,0.34%,2,ND0228 - US 301 NB AT HYETTS CORNER,12585.1,2019-01-29 08:27:00-05,
2024-08-24 05:05:00-04,ND0228,N,6,73.56,0.21%,2,ND0228 - US 301 NB AT HYETTS CORNER,12585.1,2019-01-29 08:27:00-05,
2024-08-24 05:10:00-04,ND0228,N,6,72.55,0.33%,2,ND0228 - US 301 NB AT HYETTS CORNER,12585.1,2019-01-29 08:27:00-05,
2024-08-24 05:15:00-04,ND0228,N,9,75.84,0.53%,2,ND0228 - US 301 NB AT HYETTS CORNER,12585.1,2019-01-29 08:27:00-05,
2024-08-24 05:20:00-04,ND0228,N,10,73.64,0.48%,2,ND0228 - US 301 NB AT HYETTS CORNER,12585.1,2019-01-29 08:27:00-05,
2024-08-24 05:25:00-04,ND0228,N,16,72.47,0.99%,2,ND0228 - US 301 NB AT HYETTS CORNER,12585.1,2019-01-29 08:27:00-05,
2024-08-24 05:30:00-04,ND0228,N,10,70.63,0.43%,2,ND0228 - US 301 NB AT HYETTS CORNER,12585.1,2019-01-29 08:27:00-05,
2024-08-24 05:35:00-04,ND0228,N,12,67.79,0.73%,2,ND0228 - US 301 NB AT HYETTS CORNER,12585.1,2019-01-29 08:27:00-05,
2024-08-24 05:40:00-04,ND0228,N,12,69.27,0.71%,2,ND0228 - US 301 NB AT HYETTS CORNER,12585.1,2019-01-29 08:27:00-05,
2024-08-24 05:45:00-04,ND0228,N,6,74.72,0.30%,2,ND0228 - US 301 NB AT HYETTS CORNER,12585.1,2019-01-29 08:27:00-05,
2024-08-24 05:50:00-04,ND0228,N,12,71.25,0.73%,2,ND0228 - US 301 NB AT HYETTS CORNER,12585.1,2019-01-29 08:27:00-05,
2024-08-24 05:55:00-04,ND0228,N,17,71.75,0.79%,2,ND0228 - US 301 NB AT HYETTS CORNER,12585.1,2019-01-29 08:27:00-05,
2024-08-24 06:00:00-04,ND0228,N,10,75.69,0.62%,2,ND0228 - US 301 NB AT HYETTS CORNER,12585.1,2019-01-29 08:27:00-05,
2024-08-24 06:05:00-04,ND0228,N,7,71.68,0.40%,2,ND0228 - US 301 NB AT HYETTS CORNER,12585.1,2019-01-29 08:27:00-05,
2024-08-24 06:10:00-04,ND0228,N,16,72.53,0.94%,2,ND0228 - US 301 NB AT HYETTS CORNER,12585.1,2019-01-29 08:27:00-05,
2024-08-24 06:15:00-04,ND0228,N,14,76.57,0.52%,2,ND0228 - US 301 NB AT HYETTS CORNER,12585.1,2019-01-29 08:27:00-05,
2024-08-24 06:20:00-04,ND0228,N,15,78.02,0.52%,2,ND0228 - US 301 NB AT HYETTS CORNER,12585.1,2019-01-29 08:27:00-05,
2024-08-24 06:25:00-04,ND0228,N,15,74.37,0.58%,2,ND0228 - US 301 NB AT HYETTS CORNER,12585.1,2019-01-29 08:27:00-05,
2024-08-24 06:30:00-04,ND0228,N,19,75.41,0.71%,2,ND0228 - US 301 NB AT HYETTS CORNER,12585.1,2019-01-29 08:27:00-05,
2024-08-24 06:35:00-04,ND0228,N,11,70.42,1.01%,1,ND0228 - US 301 NB AT HYETTS CORNER,12585.1,2019-01-29 08:27:00-05,
2024-08-24 06:40:00-04,ND0228,N,15,77.74,0.50%,2,ND0228 - US 301 NB AT HYETTS CORNER,12585.1,2019-01-29 08:27:00-05,
2024-08-24 06:45:00-04,ND0228,N,26,78.49,1.12%,2,ND0228 - US 301 NB AT HYETTS CORNER,12585.1,2019-01-29 08:27:00-05,
2024-08-24 06:50:00-04,ND0228,N,20,77.40,1.08%,2,ND0228 - US 301 NB AT HYETTS CORNER,12585.1,2019-01-29 08:27:00-05,
2024-08-24 06:55:00-04,ND0228,N,19,75.24,0.70%,2,ND0228 - US 301 NB AT HYETTS CORNER,12585.1,2019-01-29 08:27:00-05,
2024-08-24 07:00:00-04,ND0228,N,12,77.07,0.46%,2,ND0228 - US 301 NB AT HYETTS CORNER,12585.1,2019-01-29 08:27:00-05,
2024-08-24 07:05:00-04,ND0228,N,14,73.96,0.61%,2,ND0228 - US 301 NB AT HYETTS CORNER,12585.1,2019-01-29 08:27:00-05,
2024-08-24 07:10:00-04,ND0228,N,18,76.54,0.84%,2,ND0228 - US 301 NB AT HYETTS CORNER,12585.1,2019-01-29 08:27:00-05,
2024-08-24 07:15:00-04,ND0228,N,22,73.84,1.14%,2,ND0228 - US 301 NB AT HYETTS CORNER,12585.1,2019-01-29 08:27:00-05,
2024-08-24 07:20:00-04,ND0228,N,33,74.70,1.42%,2,ND0228 - US 301 NB AT HYETTS CORNER,12585.1,2019-01-29 08:27:00-05,
2024-08-24 07:25:00-04,ND0228,N,17,76.69,0.86%,2,ND0228 - US 301 NB AT HYETTS CORNER,12585.1,2019-01-29 08:27:00-05,
2024-08-24 07:30:00-04,ND0228,N,26,75.39,1.11%,2,ND0228 - US 301 NB AT HYETTS CORNER,12585.1,2019-01-29 08:27:00-05,
2024-08-24 07:35:00-04,ND0228,N,26,76.24,0.95%,2,ND0228 - US 301 NB AT HYETTS CORNER,12585.1,2019-01-29 08:27:00-05,
2024-08-24 07:40:00-04,ND0228,N,26,78.68,0.91%,2,ND0228 - US 301 NB AT HYETTS CORNER,12585.1,2019-01-29 08:27:00-05,
2024-08-24 07:45:00-04,ND0228,N,39,75.72,1.57%,2,ND0228 - US 301 NB AT HYETTS CORNER,12585.1,2019-01-29 08:27:00-05,
2024-08-24 07:50:00-04,ND0228,N,30,72.19,1.42%,2,ND0228 - US 301 NB AT HYETTS CORNER,12585.1,2019-01-29 08:27:00-05,
2024-08-24 07:55:00-04,ND0228,N,28,75.52,1.26%,2,ND0228 - US 301 NB AT HYETTS CORNER,12585.1,2019-01-29 08:27:00-05,
2024-08-24 08:00:00-04,ND0228,N,28,77.06,1.24%,2,ND0228 - US 301 NB AT HYETTS CORNER,12585.1,2019-01-29 08:27:00-05,
2024-08-24 08:05:00-04,ND0228,N,25,73.34,1.17%,2,ND0228 - US 301 NB AT HYETTS CORNER,12585.1,2019-01-29 08:27:00-05,
2024-08-24 08:10:00-04,ND0228,N,37,74.05,2.16%,2,ND0228 - US 301 NB AT HYETTS CORNER,12585.1,2019-01-29 08:27:00-05,
2024-08-24 08:15:00-04,ND0228,N,23,77.19,1.13%,2,ND0228 - US 301 NB AT HYETTS CORNER,12585.1,2019-01-29 08:27:00-05,
2024-08-24 08:20:00-04,ND0228,N,37,77.86,1.67%,2,ND0228 - US 301 NB AT HYETTS CORNER,12585.1,2019-01-29 08:27:00-05,
2024-08-24 08:25:00-04,ND0228,N,36,77.94,1.32%,2,ND0228 - US 301 NB AT HYETTS CORNER,12585.1,2019-01-29 08:27:00-05,
2024-08-24 08:30:00-04,ND0228,N,42,77.07,1.71%,2,ND0228 - US 301 NB AT HYETTS CORNER,12585.1,2019-01-29 08:27:00-05,
2024-08-24 08:35:00-04,ND0228,N,36,76.76,1.48%,2,ND0228 - US 301 NB AT HYETTS CORNER,12585.1,2019-01-29 08:27:00-05,
2024-08-24 08:40:00-04,ND0228,N,38,75.41,1.77%,2,ND0228 - US 301 NB AT HYETTS CORNER,12585.1,2019-01-29 08:27:00-05,
2024-08-24 08:45:00-04,ND0228,N,40,77.34,1.77%,2,ND0228 - US 301 NB AT HYETTS CORNER,12585.1,2019-01-29 08:27:00-05,
2024-08-24 08:50:00-04,ND0228,N,53,76.38,2.21%,2,ND0228 - US 301 NB AT HYETTS CORNER,12585.1,2019-01-29 08:27:00-05,
2024-08-24 08:55:00-04,ND0228,N,55,75.56,2.42%,2,ND0228 - US 301 NB AT HYETTS CORNER,12585.1,2019-01-29 08:27:00-05,
2024-08-24 09:00:00-04,ND0228,N,53,72.06,2.33%,2,ND0228 - US 301 NB AT HYETTS CORNER,12585.1,2019-01-29 08:27:00-05,
2024-08-24 09:05:00-04,ND0228,N,49,75.94,2.08%,2,ND0228 - US 301 NB AT HYETTS CORNER,12585.1,2019-01-29 08:27:00-05,
2024-08-24 09:10:00-04,ND0228,N,53,75.07,2.20%,2,ND0228 - US 301 NB AT HYETTS CORNER,12585.1,2019-01-29 08:27:00-05,
2024-08-24 09:15:00-04,ND0228,N,61,76.20,2.54%,2,ND0228 - US 301 NB AT HYETTS CORNER,12585.1,2019-01-29 08:27:00-05,
2024-08-24 09:20:00-04,ND0228,N,47,75.46,1.91%,2,ND0228 - US 301 NB AT HYETTS CORNER,12585.1,2019-01-29 08:27:00-05,
2024-08-24 09:25:00-04,ND0228,N,55,75.28,2.29%,2,ND0228 - US 301 NB AT HYETTS CORNER,12585.1,2019-01-29 08:27:00-05,
2024-08-24 09:30:00-04,ND0228,N,71,75.57,2.76%,2,ND0228 - US 301 NB AT HYETTS CORNER,12585.1,2019-01-29 08:27:00-05,
2024-08-24 09:35:00-04,ND0228,N,50,77.52,1.91%,2,ND0228 - US 301 NB AT HYETTS CORNER,12585.1,2019-01-29 08:27:00-05,
2024-08-24 09:40:00-04,ND0228,N,52,76.37,2.10%,2,ND0228 - US 301 NB AT HYETTS CORNER,12585.1,2019-01-29 08:27:00-05,
2024-08-24 09:45:00-04,ND0228,N,51,75.44,2.27%,2,ND0228 - US 301 NB AT HYETTS CORNER,12585.1,2019-01-29 08:27:00-05,
2024-08-24 09:50:00-04,ND0228,N,70,75.48,2.95%,2,ND0228 - US 301 NB AT HYETTS CORNER,12585.1,2019-01-29 08:27:00-05,
2024-08-24 09:55:00-04,ND0228,N,56,75.12,1.98%,2,ND0228 - US 301 NB AT HYETTS CORNER,12585.1,2019-01-29 08:27:00-05,
2024-08-24 10:00:00-04,ND0228,N,65,76.81,2.91%,2,ND0228 - US 301 NB AT HYETTS CORNER,12585.1,2019-01-29 08:27:00-05,
2024-08-24 10:05:00-04,ND0228,N,50,75.55,1.91%,2,ND0228 - US 301 NB AT HYETTS CORNER,12585.1,2019-01-29 08:27:00-05,
2024-08-24 10:10:00-04,ND0228,N,64,75.53,2.65%,2,ND0228 - US 301 NB AT HYETTS CORNER,12585.1,2019-01-29 08:27:00-05,
2024-08-24 10:15:00-04,ND0228,N,53,74.70,2.18%,2,ND0228 - US 301 NB AT HYETTS CORNER,12585.1,2019-01-29 08:27:00-05,
2024-08-24 10:20:00-04,ND0228,N,56,75.46,2.07%,2,ND0228 - US 301 NB AT HYETTS CORNER,12585.1,2019-01-29 08:27:00-05,
2024-08-24 10:25:00-04,ND0228,N,74,74.80,3.01%,2,ND0228 - US 301 NB AT HYETTS CORNER,12585.1,2019-01-29 08:27:00-05,
2024-08-24 10:30:00-04,ND0228,N,67,74.24,3.01%,2,ND0228 - US 301 NB AT HYETTS CORNER,12585.1,2019-01-29 08:27:00-05,
2024-08-24 10:35:00-04,ND0228,N,75,76.05,3.24%,2,ND0228 - US 301 NB AT HYETTS CORNER,12585.1,2019-01-29 08:27:00-05,
2024-08-24 10:40:00-04,ND0228,N,77,75.14,2.93%,2,ND0228 - US 301 NB AT HYETTS CORNER,12585.1,2019-01-29 08:27:00-05,
2024-08-24 10:45:00-04,ND0228,N,62,77.79,2.39%,2,ND0228 - US 301 NB AT HYETTS CORNER,12585.1,2019-01-29 08:27:00-05,
2024-08-24 10:50:00-04,ND0228,N,70,79.15,2.46%,2,ND0228 - US 301 NB AT HYETTS CORNER,12585.1,2019-01-29 08:27:00-05,
2024-08-24 10:55:00-04,ND0228,N,67,77.85,2.70%,2,ND0228 - US 301 NB AT HYETTS CORNER,12585.1,2019-01-29 08:27:00-05,
2024-08-24 11:00:00-04,ND0228,N,80,75.92,3.16%,2,ND0228 - US 301 NB AT HYETTS CORNER,12585.1,2019-01-29 08:27:00-05,
2024-08-24 11:05:00-04,ND0228,N,66,77.17,2.41%,2,ND0228 - US 301 NB AT HYETTS CORNER,12585.1,2019-01-29 08:27:00-05,
2024-08-24 11:10:00-04,ND0228,N,73,76.89,2.96%,2,ND0228 - US 301 NB AT HYETTS CORNER,12585.1,2019-01-29 08:27:00-05,
2024-08-24 11:15:00-04,ND0228,N,55,79.73,2.06%,2,ND0228 - US 301 NB AT HYETTS CORNER,12585.1,2019-01-29 08:27:00-05,
2024-08-24 11:20:00-04,ND0228,N,57,77.17,2.25%,2,ND0228 - US 301 NB AT HYETTS CORNER,12585.1,2019-01-29 08:27:00-05,
2024-08-24 11:25:00-04,ND0228,N,74,77.34,2.63%,2,ND0228 - US 301 NB AT HYETTS CORNER,12585.1,2019-01-29 08:27:00-05,
2024-08-24 11:30:00-04,ND0228,N,77,77.66,3.03%,2,ND0228 - US 301 NB AT HYETTS CORNER,12585.1,2019-01-29 08:27:00-05,
2024-08-24 11:35:00-04,ND0228,N,72,77.83,2.67%,2,ND0228 - US 301 NB AT HYETTS CORNER,12585.1,2019-01-29 08:27:00-05,
2024-08-24 11:40:00-04,ND0228,N,68,77.36,2.40%,2,ND0228 - US 301 NB AT HYETTS CORNER,12585.1,2019-01-29 08:27:00-05,
2024-08-24 11:45:00-04,ND0228,N,53,79.28,1.85%,2,ND0228 - US 301 NB AT HYETTS CORNER,12585.1,2019-01-29 08:27:00-05,
2024-08-24 11:50:00-04,ND0228,N,63,75.84,2.69%,2,ND0228 - US 301 NB AT HYETTS CORNER,12585.1,2019-01-29 08:27:00-05,
2024-08-24 11:55:00-04,ND0228,N,51,77.72,2.10%,2,ND0228 - US 301 NB AT HYETTS CORNER,12585.1,2019-01-29 08:27:00-05,
2024-08-24 12:00:00-04,ND0228,N,65,78.79,2.44%,2,ND0228 - US 301 NB AT HYETTS CORNER,12585.1,2019-01-29 08:27:00-05,
2024-08-24 12:05:00-04,ND0228,N,63,77.59,2.34%,2,ND0228 - US 301 NB AT HYETTS CORNER,12585.1,2019-01-29 08:27:00-05,
2024-08-24 12:10:00-04,ND0228,N,70,78.91,2.58%,2,ND0228 - US 301 NB AT HYETTS CORNER,12585.1,2019-01-29 08:27:00-05,
2024-08-24 12:15:00-04,ND0228,N,64,75.95,2.37%,2,ND0228 - US 301 NB AT HYETTS CORNER,12585.1,2019-01-29 08:27:00-05,
2024-08-24 12:20:00-04,ND0228,N,51,76.52,1.88%,2,ND0228 - US 301 NB AT HYETTS CORNER,12585.1,2019-01-29 08:27:00-05,
2024-08-24 12:25:00-04,ND0228,N,63,77.49,2.52%,2,ND0228 - US 301 NB AT HYETTS CORNER,12585.1,2019-01-29 08:27:00-05,
2024-08-24 12:30:00-04,ND0228,N,74,76.56,2.96%,2,ND0228 - US 301 NB AT HYETTS CORNER,12585.1,2019-01-29 08:27:00-05,
2024-08-24 12:35:00-04,ND0228,N,64,77.32,2.42%,2,ND0228 - US 301 NB AT HYETTS CORNER,12585.1,2019-01-29 08:27:00-05,
2024-08-24 12:40:00-04,ND0228,N,55,78.14,1.98%,2,ND0228 - US 301 NB AT HYETTS CORNER,12585.1,2019-01-29 08:27:00-05,
2024-08-24 12:45:00-04,ND0228,N,70,77.32,2.92%,2,ND0228 - US 301 NB AT HYETTS CORNER,12585.1,2019-01-29 08:27:00-05,
2024-08-24 12:50:00-04,ND0228,N,74,75.12,2.67%,2,ND0228 - US 301 NB AT HYETTS CORNER,12585.1,2019-01-29 08:27:00-05,
2024-08-24 12:55:00-04,ND0228,N,66,76.46,2.55%,2,ND0228 - US 301 NB AT HYETTS CORNER,12585.1,2019-01-29 08:27:00-05,
2024-08-24 13:00:00-04,ND0228,N,74,76.67,2.79%,2,ND0228 - US 301 NB AT HYETTS CORNER,12585.1,2019-01-29 08:27:00-05,
2024-08-24 13:05:00-04,ND0228,N,82,76.73,3.08%,2,ND0228 - US 301 NB AT HYETTS CORNER,12585.1,2019-01-29 08:27:00-05,
2024-08-24 13:10:00-04,ND0228,N,51,77.25,2.01%,2,ND0228 - US 301 NB AT HYETTS CORNER,12585.1,2019-01-29 08:27:00-05,
2024-08-24 13:15:00-04,ND0228,N,73,76.47,2.81%,2,ND0228 - US 301 NB AT HYETTS CORNER,12585.1,2019-01-29 08:27:00-05,
2024-08-24 13:20:00-04,ND0228,N,60,78.01,2.50%,2,ND0228 - US 301 NB AT HYETTS CORNER,12585.1,2019-01-29 08:27:00-05,
2024-08-24 13:25:00-04,ND0228,N,84,77.35,3.30%,2,ND0228 - US 301 NB AT HYETTS CORNER,12585.1,2019-01-29 08:27:00-05,
2024-08-24 13:30:00-04,ND0228,N,69,75.36,2.41%,2,ND0228 - US 301 NB AT HYETTS CORNER,12585.1,2019-01-29 08:27:00-05,
2024-08-24 13:35:00-04,ND0228,N,70,79.27,2.54%,2,ND0228 - US 301 NB AT HYETTS CORNER,12585.1,2019-01-29 08:27:00-05,
2024-08-24 13:40:00-04,ND0228,N,63,77.65,2.25%,2,ND0228 - US 301 NB AT HYETTS CORNER,12585.1,2019-01-29 08:27:00-05,
2024-08-24 13:45:00-04,ND0228,N,61,74.70,2.40%,2,ND0228 - US 301 NB AT HYETTS CORNER,12585.1,2019-01-29 08:27:00-05,
2024-08-24 13:50:00-04,ND0228,N,60,74.49,2.35%,2,ND0228 - US 301 NB AT HYETTS CORNER,12585.1,2019-01-29 08:27:00-05,
2024-08-24 13:55:00-04,ND0228,N,87,78.26,3.22%,2,ND0228 - US 301 NB AT HYETTS CORNER,12585.1,2019-01-29 08:27:00-05,
2024-08-24 14:00:00-04,ND0228,N,66,77.12,2.44%,2,ND0228 - US 301 NB AT HYETTS CORNER,12585.1,2019-01-29 08:27:00-05,
2024-08-24 14:05:00-04,ND0228,N,90,78.35,3.22%,2,ND0228 - US 301 NB AT HYETTS CORNER,12585.1,2019-01-29 08:27:00-05,
2024-08-24 14:10:00-04,ND0228,N,75,78.05,2.77%,2,ND0228 - US 301 NB AT HYETTS CORNER,12585.1,2019-01-29 08:27:00-05,
2024-08-24 14:15:00-04,ND0228,N,78,77.04,2.79%,2,ND0228 - US 301 NB AT HYETTS CORNER,12585.1,2019-01-29 08:27:00-05,
2024-08-24 14:20:00-04,ND0228,N,62,78.29,2.52%,2,ND0228 - US 301 NB AT HYETTS CORNER,12585.1,2019-01-29 08:27:00-05,
2024-08-24 14:25:00-04,ND0228,N,60,77.53,2.45%,2,ND0228 - US 301 NB AT HYETTS CORNER,12585.1,2019-01-29 08:27:00-05,
2024-08-24 14:30:00-04,ND0228,N,63,75.87,2.41%,2,ND0228 - US 301 NB AT HYETTS CORNER,12585.1,2019-01-29 08:27:00-05,
2024-08-24 14:35:00-04,ND0228,N,56,75.42,2.30%,2,ND0228 - US 301 NB AT HYETTS CORNER,12585.1,2019-01-29 08:27:00-05,
2024-08-24 14:40:00-04,ND0228,N,60,77.92,2.24%,2,ND0228 - US 301 NB AT HYETTS CORNER,12585.1,2019-01-29 08:27:00-05,
2024-08-24 14:45:00-04,ND0228,N,51,77.61,2.02%,2,ND0228 - US 301 NB AT HYETTS CORNER,12585.1,2019-01-29 08:27:00-05,
2024-08-24 14:50:00-04,ND0228,N,60,77.78,2.41%,2,ND0228 - US 301 NB AT HYETTS CORNER,12585.1,2019-01-29 08:27:00-05,
2024-08-24 14:55:00-04,ND0228,N,70,77.34,2.67%,2,ND0228 - US 301 NB AT HYETTS CORNER,12585.1,2019-01-29 08:27:00-05,
2024-08-24 15:00:00-04,ND0228,N,56,78.73,2.12%,2,ND0228 - US 301 NB AT HYETTS CORNER,12585.1,2019-01-29 08:27:00-05,
2024-08-24 15:05:00-04,ND0228,N,48,76.79,1.73%,2,ND0228 - US 301 NB AT HYETTS CORNER,12585.1,2019-01-29 08:27:00-05,
2024-08-24 15:10:00-04,ND0228,N,54,75.15,2.19%,2,ND0228 - US 301 NB AT HYETTS CORNER,12585.1,2019-01-29 08:27:00-05,
2024-08-24 15:15:00-04,ND0228,N,55,77.44,2.35%,2,ND0228 - US 301 NB AT HYETTS CORNER,12585.1,2019-01-29 08:27:00-05,
2024-08-24 15:20:00-04,ND0228,N,57,78.93,2.24%,2,ND0228 - US 301 NB AT HYETTS CORNER,12585.1,2019-01-29 08:27:00-05,
2024-08-24 15:25:00-04,ND0228,N,61,75.48,2.43%,2,ND0228 - US 301 NB AT HYETTS CORNER,12585.1,2019-01-29 08:27:00-05,
2024-08-24 15:30:00-04,ND0228,N,65,77.08,2.49%,2,ND0228 - US 301 NB AT HYETTS CORNER,12585.1,2019-01-29 08:27:00-05,
2024-08-24 15:35:00-04,ND0228,N,50,78.38,1.96%,2,ND0228 - US 301 NB AT HYETTS CORNER,12585.1,2019-01-29 08:27:00-05,
2024-08-24 15:40:00-04,ND0228,N,81,76.80,3.20%,2,ND0228 - US 301 NB AT HYETTS CORNER,12585.1,2019-01-29 08:27:00-05,
2024-08-24 15:45:00-04,ND0228,N,71,77.09,2.86%,2,ND0228 - US 301 NB AT HYETTS CORNER,12585.1,2019-01-29 08:27:00-05,
2024-08-24 15:50:00-04,ND0228,N,71,76.22,2.56%,2,ND0228 - US 301 NB AT HYETTS CORNER,12585.1,2019-01-29 08:27:00-05,
2024-08-24 15:55:00-04,ND0228,N,80,77.16,3.09%,2,ND0228 - US 301 NB AT HYETTS CORNER,12585.1,2019-01-29 08:27:00-05,
2024-08-24 16:00:00-04,ND0228,N,62,76.67,2.18%,2,ND0228 - US 301 NB AT HYETTS CORNER,12585.1,2019-01-29 08:27:00-05,
2024-08-24 16:05:00-04,ND0228,N,77,76.24,2.92%,2,ND0228 - US 301 NB AT HYETTS CORNER,12585.1,2019-01-29 08:27:00-05,
2024-08-24 16:10:00-04,ND0228,N,86,77.04,3.38%,2,ND0228 - US 301 NB AT HYETTS CORNER,12585.1,2019-01-29 08:27:00-05,
2024-08-24 16:15:00-04,ND0228,N,82,77.70,3.18%,2,ND0228 - US 301 NB AT HYETTS CORNER,12585.1,2019-01-29 08:27:00-05,
2024-08-24 16:20:00-04,ND0228,N,68,78.78,2.36%,2,ND0228 - US 301 NB AT HYETTS CORNER,12585.1,2019-01-29 08:27:00-05,
2024-08-24 16:25:00-04,ND0228,N,59,76.14,2.35%,2,ND0228 - US 301 NB AT HYETTS CORNER,12585.1,2019-01-29 08:27:00-05,
2024-08-24 16:30:00-04,ND0228,N,63,75.81,2.32%,2,ND0228 - US 301 NB AT HYETTS CORNER,12585.1,2019-01-29 08:27:00-05,
2024-08-24 16:35:00-04,ND0228,N,81,77.03,3.06%,2,ND0228 - US 301 NB AT HYETTS CORNER,12585.1,2019-01-29 08:27:00-05,
2024-08-24 16:40:00-04,ND0228,N,41,74.12,1.58%,2,ND0228 - US 301 NB AT HYETTS CORNER,12585.1,2019-01-29 08:27:00-05,
2024-08-24 16:45:00-04,ND0228,N,68,76.89,2.50%,2,ND0228 - US 301 NB AT HYETTS CORNER,12585.1,2019-01-29 08:27:00-05,
2024-08-24 16:50:00-04,ND0228,N,78,76.61,3.21%,2,ND0228 - US 301 NB AT HYETTS CORNER,12585.1,2019-01-29 08:27:00-05,
2024-08-24 16:55:00-04,ND0228,N,84,77.24,3.87%,2,ND0228 - US 301 NB AT HYETTS CORNER,12585.1,2019-01-29 08:27:00-05,
2024-08-24 17:00:00-04,ND0228,N,76,77.58,2.87%,2,ND0228 - US 301 NB AT HYETTS CORNER,12585.1,2019-01-29 08:27:00-05,
2024-08-24 17:05:00-04,ND0228,N,67,75.43,2.90%,2,ND0228 - US 301 NB AT HYETTS CORNER,12585.1,2019-01-29 08:27:00-05,
2024-08-24 17:10:00-04,ND0228,N,82,78.90,2.95%,2,ND0228 - US 301 NB AT HYETTS CORNER,12585.1,2019-01-29 08:27:00-05,
2024-08-24 17:15:00-04,ND0228,N,97,78.91,3.95%,2,ND0228 - US 301 NB AT HYETTS CORNER,12585.1,2019-01-29 08:27:00-05,
2024-08-24 17:20:00-04,ND0228,N,91,76.42,3.62%,2,ND0228 - US 301 NB AT HYETTS CORNER,12585.1,2019-01-29 08:27:00-05,
2024-08-24 17:25:00-04,ND0228,N,106,76.58,4.21%,2,ND0228 - US 301 NB AT HYETTS CORNER,12585.1,2019-01-29 08:27:00-05,
2024-08-24 17:30:00-04,ND0228,N,77,77.13,2.93%,2,ND0228 - US 301 NB AT HYETTS CORNER,12585.1,2019-01-29 08:27:00-05,
2024-08-24 17:35:00-04,ND0228,N,90,76.40,3.46%,2,ND0228 - US 301 NB AT HYETTS CORNER,12585.1,2019-01-29 08:27:00-05,
2024-08-24 17:40:00-04,ND0228,N,64,76.11,2.31%,2,ND0228 - US 301 NB AT HYETTS CORNER,12585.1,2019-01-29 08:27:00-05,
2024-08-24 17:45:00-04,ND0228,N,117,78.38,4.16%,2,ND0228 - US 301 NB AT HYETTS CORNER,12585.1,2019-01-29 08:27:00-05,
2024-08-24 17:50:00-04,ND0228,N,74,77.60,2.95%,2,ND0228 - US 301 NB AT HYETTS CORNER,12585.1,2019-01-29 08:27:00-05,
2024-08-24 17:55:00-04,ND0228,N,103,76.44,3.79%,2,ND0228 - US 301 NB AT HYETTS CORNER,12585.1,2019-01-29 08:27:00-05,
2024-08-24 18:00:00-04,ND0228,N,93,75.13,3.64%,2,ND0228 - US 301 NB AT HYETTS CORNER,12585.1,2019-01-29 08:27:00-05,
2024-08-24 18:05:00-04,ND0228,N,74,76.33,2.82%,2,ND0228 - US 301 NB AT HYETTS CORNER,12585.1,2019-01-29 08:27:00-05,
2024-08-24 18:10:00-04,ND0228,N,80,75.87,3.19%,2,ND0228 - US 301 NB AT HYETTS CORNER,12585.1,2019-01-29 08:27:00-05,
2024-08-24 18:15:00-04,ND0228,N,70,79.72,2.53%,2,ND0228 - US 301 NB AT HYETTS CORNER,12585.1,2019-01-29 08:27:00-05,
2024-08-24 18:20:00-04,ND0228,N,75,79.16,2.79%,2,ND0228 - US 301 NB AT HYETTS CORNER,12585.1,2019-01-29 08:27:00-05,
2024-08-24 18:25:00-04,ND0228,N,55,76.85,2.15%,2,ND0228 - US 301 NB AT HYETTS CORNER,12585.1,2019-01-29 08:27:00-05,
2024-08-24 18:30:00-04,ND0228,N,72,77.84,2.67%,2,ND0228 - US 301 NB AT HYETTS CORNER,12585.1,2019-01-29 08:27:00-05,
2024-08-24 18:35:00-04,ND0228,N,99,77.22,3.98%,2,ND0228 - US 301 NB AT HYETTS CORNER,12585.1,2019-01-29 08:27:00-05,
2024-08-24 18:40:00-04,ND0228,N,54,76.06,2.19%,2,ND0228 - US 301 NB AT HYETTS CORNER,12585.1,2019-01-29 08:27:00-05,
2024-08-24 18:45:00-04,ND0228,N,71,74.81,3.08%,2,ND0228 - US 301 NB AT HYETTS CORNER,12585.1,2019-01-29 08:27:00-05,
2024-08-24 18:50:00-04,ND0228,N,59,75.35,2.24%,2,ND0228 - US 301 NB AT HYETTS CORNER,12585.1,2019-01-29 08:27:00-05,
2024-08-24 18:55:00-04,ND0228,N,73,77.49,2.66%,2,ND0228 - US 301 NB AT HYETTS CORNER,12585.1,2019-01-29 08:27:00-05,
2024-08-24 19:00:00-04,ND0228,N,61,74.79,2.76%,2,ND0228 - US 301 NB AT HYETTS CORNER,12585.1,2019-01-29 08:27:00-05,
2024-08-24 19:05:00-04,ND0228,N,71,76.75,2.66%,2,ND0228 - US 301 NB AT HYETTS CORNER,12585.1,2019-01-29 08:27:00-05,
2024-08-24 19:10:00-04,ND0228,N,62,76.48,2.62%,2,ND0228 - US 301 NB AT HYETTS CORNER,12585.1,2019-01-29 08:27:00-05,
2024-08-24 19:15:00-04,ND0228,N,70,76.59,2.94%,2,ND0228 - US 301 NB AT HYETTS CORNER,12585.1,2019-01-29 08:27:00-05,
2024-08-24 19:20:00-04,ND0228,N,67,77.53,2.54%,2,ND0228 - US 301 NB AT HYETTS CORNER,12585.1,2019-01-29 08:27:00-05,
2024-08-24 19:25:00-04,ND0228,N,61,77.28,2.28%,2,ND0228 - US 301 NB AT HYETTS CORNER,12585.1,2019-01-29 08:27:00-05,
2024-08-24 19:30:00-04,ND0228,N,50,74.90,1.90%,2,ND0228 - US 301 NB AT HYETTS CORNER,12585.1,2019-01-29 08:27:00-05,
2024-08-24 19:35:00-04,ND0228,N,44,75.91,1.82%,2,ND0228 - US 301 NB AT HYETTS CORNER,12585.1,2019-01-29 08:27:00-05,
2024-08-24 19:40:00-04,ND0228,N,69,77.78,2.75%,2,ND0228 - US 301 NB AT HYETTS CORNER,12585.1,2019-01-29 08:27:00-05,
2024-08-24 19:45:00-04,ND0228,N,41,76.31,1.68%,2,ND0228 - US 301 NB AT HYETTS CORNER,12585.1,2019-01-29 08:27:00-05,
2024-08-24 19:50:00-04,ND0228,N,52,78.58,1.88%,2,ND0228 - US 301 NB AT HYETTS CORNER,12585.1,2019-01-29 08:27:00-05,
2024-08-24 19:55:00-04,ND0228,N,48,76.68,1.87%,2,ND0228 - US 301 NB AT HYETTS CORNER,12585.1,2019-01-29 08:27:00-05,
2024-08-24 20:00:00-04,ND0228,N,56,78.01,2.16%,2,ND0228 - US 301 NB AT HYETTS CORNER,12585.1,2019-01-29 08:27:00-05,
2024-08-24 20:05:00-04,ND0228,N,50,74.15,2.45%,2,ND0228 - US 301 NB AT HYETTS CORNER,12585.1,2019-01-29 08:27:00-05,
2024-08-24 20:10:00-04,ND0228,N,70,75.65,2.78%,2,ND0228 - US 301 NB AT HYETTS CORNER,12585.1,2019-01-29 08:27:00-05,
2024-08-24 20:15:00-04,ND0228,N,42,74.93,1.83%,2,ND0228 - US 301 NB AT HYETTS CORNER,12585.1,2019-01-29 08:27:00-05,
2024-08-24 20:20:00-04,ND0228,N,55,72.91,2.08%,2,ND0228 - US 301 NB AT HYETTS CORNER,12585.1,2019-01-29 08:27:00-05,
2024-08-24 20:25:00-04,ND0228,N,37,72.64,1.45%,2,ND0228 - US 301 NB AT HYETTS CORNER,12585.1,2019-01-29 08:27:00-05,
2024-08-24 20:30:00-04,ND0228,N,53,72.17,2.17%,2,ND0228 - US 301 NB AT HYETTS CORNER,12585.1,2019-01-29 08:27:00-05,
2024-08-24 20:35:00-04,ND0228,N,39,73.24,1.53%,2,ND0228 - US 301 NB AT HYETTS CORNER,12585.1,2019-01-29 08:27:00-05,
2024-08-24 20:40:00-04,ND0228,N,49,75.28,2.07%,2,ND0228 - US 301 NB AT HYETTS CORNER,12585.1,2019-01-29 08:27:00-05,
2024-08-24 20:45:00-04,ND0228,N,46,72.95,1.77%,2,ND0228 - US 301 NB AT HYETTS CORNER,12585.1,2019-01-29 08:27:00-05,
2024-08-24 20:50:00-04,ND0228,N,37,74.37,1.59%,2,ND0228 - US 301 NB AT HYETTS CORNER,12585.1,2019-01-29 08:27:00-05,
2024-08-24 20:55:00-04,ND0228,N,31,71.07,1.31%,2,ND0228 - US 301 NB AT HYETTS CORNER,12585.1,2019-01-29 08:27:00-05,
2024-08-24 21:00:00-04,ND0228,N,46,74.13,1.87%,2,ND0228 - US 301 NB AT HYETTS CORNER,12585.1,2019-01-29 08:27:00-05,
2024-08-24 21:05:00-04,ND0228,N,30,72.73,1.41%,2,ND0228 - US 301 NB AT HYETTS CORNER,12585.1,2019-01-29 08:27:00-05,
2024-08-24 21:10:00-04,ND0228,N,24,70.40,1.18%,2,ND0228 - US 301 NB AT HYETTS CORNER,12585.1,2019-01-29 08:27:00-05,
2024-08-24 21:15:00-04,ND0228,N,32,72.54,1.35%,2,ND0228 - US 301 NB AT HYETTS CORNER,12585.1,2019-01-29 08:27:00-05,
2024-08-24 21:20:00-04,ND0228,N,33,70.62,1.52%,2,ND0228 - US 301 NB AT HYETTS CORNER,12585.1,2019-01-29 08:27:00-05,
2024-08-24 21:25:00-04,ND0228,N,38,74.75,1.75%,2,ND0228 - US 301 NB AT HYETTS CORNER,12585.1,2019-01-29 08:27:00-05,
2024-08-24 21:30:00-04,ND0228,N,36,72.04,1.69%,2,ND0228 - US 301 NB AT HYETTS CORNER,12585.1,2019-01-29 08:27:00-05,
2024-08-24 21:35:00-04,ND0228,N,21,70.30,0.77%,2,ND0228 - US 301 NB AT HYETTS CORNER,12585.1,2019-01-29 08:27:00-05,
2024-08-24 21:40:00-04,ND0228,N,29,77.40,1.20%,2,ND0228 - US 301 NB AT HYETTS CORNER,12585.1,2019-01-29 08:27:00-05,
2024-08-24 21:45:00-04,ND0228,N,25,71.11,1.09%,2,ND0228 - US 301 NB AT HYETTS CORNER,12585.1,2019-01-29 08:27:00-05,
2024-08-24 21:50:00-04,ND0228,N,21,75.70,0.95%,2,ND0228 - US 301 NB AT HYETTS CORNER,12585.1,2019-01-29 08:27:00-05,
2024-08-24 21:55:00-04,ND0228,N,24,76.29,0.88%,2,ND0228 - US 301 NB AT HYETTS CORNER,12585.1,2019-01-29 08:27:00-05,
2024-08-24 22:00:00-04,ND0228,N,25,72.02,1.13%,2,ND0228 - US 301 NB AT HYETTS CORNER,12585.1,2019-01-29 08:27:00-05,
2024-08-24 22:05:00-04,ND0228,N,25,68.83,1.29%,2,ND0228 - US 301 NB AT HYETTS CORNER,12585.1,2019-01-29 08:27:00-05,
2024-08-24 22:10:00-04,ND0228,N,21,71.50,0.78%,2,ND0228 - US 301 NB AT HYETTS CORNER,12585.1,2019-01-29 08:27:00-05,
2024-08-24 22:15:00-04,ND0228,N,24,70.23,1.08%,2,ND0228 - US 301 NB AT HYETTS CORNER,12585.1,2019-01-29 08:27:00-05,
2024-08-24 22:20:00-04,ND0228,N,11,72.47,0.80%,1,ND0228 - US 301 NB AT HYETTS CORNER,12585.1,2019-01-29 08:27:00-05,
2024-08-24 22:25:00-04,ND0228,N,16,74.29,0.66%,2,ND0228 - US 301 NB AT HYETTS CORNER,12585.1,2019-01-29 08:27:00-05,
2024-08-24 22:30:00-04,ND0228,N,13,74.66,0.63%,2,ND0228 - US 301 NB AT HYETTS CORNER,12585.1,2019-01-29 08:27:00-05,
2024-08-24 22:35:00-04,ND0228,N,29,72.80,1.21%,2,ND0228 - US 301 NB AT HYETTS CORNER,12585.1,2019-01-29 08:27:00-05,
2024-08-24 22:40:00-04,ND0228,N,18,73.13,0.78%,2,ND0228 - US 301 NB AT HYETTS CORNER,12585.1,2019-01-29 08:27:00-05,
2024-08-24 22:45:00-04,ND0228,N,17,71.98,0.71%,2,ND0228 - US 301 NB AT HYETTS CORNER,12585.1,2019-01-29 08:27:00-05,
2024-08-24 22:50:00-04,ND0228,N,16,71.82,1.00%,2,ND0228 - US 301 NB AT HYETTS CORNER,12585.1,2019-01-29 08:27:00-05,
2024-08-24 22:55:00-04,ND0228,N,16,74.54,0.70%,2,ND0228 - US 301 NB AT HYETTS CORNER,12585.1,2019-01-29 08:27:00-05,
2024-08-24 23:00:00-04,ND0228,N,10,73.90,1.03%,2,ND0228 - US 301 NB AT HYETTS CORNER,12585.1,2019-01-29 08:27:00-05,
2024-08-24 23:05:00-04,ND0228,N,11,66.99,0.44%,2,ND0228 - US 301 NB AT HYETTS CORNER,12585.1,2019-01-29 08:27:00-05,
2024-08-24 23:10:00-04,ND0228,N,14,74.75,0.66%,2,ND0228 - US 301 NB AT HYETTS CORNER,12585.1,2019-01-29 08:27:00-05,
2024-08-24 23:15:00-04,ND0228,N,16,69.80,0.76%,2,ND0228 - US 301 NB AT HYETTS CORNER,12585.1,2019-01-29 08:27:00-05,
2024-08-24 23:20:00-04,ND0228,N,28,75.18,1.21%,2,ND0228 - US 301 NB AT HYETTS CORNER,12585.1,2019-01-29 08:27:00-05,
2024-08-24 23:25:00-04,ND0228,N,21,72.24,1.20%,2,ND0228 - US 301 NB AT HYETTS CORNER,12585.1,2019-01-29 08:27:00-05,
2024-08-24 23:30:00-04,ND0228,N,9,71.01,0.53%,2,ND0228 - US 301 NB AT HYETTS CORNER,12585.1,2019-01-29 08:27:00-05,
2024-08-24 23:35:00-04,ND0228,N,10,72.80,1.08%,1,ND0228 - US 301 NB AT HYETTS CORNER,12585.1,2019-01-29 08:27:00-05,
2024-08-24 23:40:00-04,ND0228,N,11,73.32,0.38%,2,ND0228 - US 301 NB AT HYETTS CORNER,12585.1,2019-01-29 08:27:00-05,
2024-08-24 23:45:00-04,ND0228,N,6,74.49,0.31%,2,ND0228 - US 301 NB AT HYETTS CORNER,12585.1,2019-01-29 08:27:00-05,
2024-08-24 23:50:00-04,ND0228,N,12,75.79,0.53%,2,ND0228 - US 301 NB AT HYETTS CORNER,12585.1,2019-01-29 08:27:00-05,
2024-08-24 23:55:00-04,ND0228,N,13,69.08,0.62%,2,ND0228 - US 301 NB AT HYETTS CORNER,12585.1,2019-01-29 08:27:00-05,
2024-08-25 00:00:00-04,ND0228,N,11,74.91,0.47%,2,ND0228 - US 301 NB AT HYETTS CORNER,12585.1,2019-01-29 08:27:00-05,
2024-08-25 00:05:00-04,ND0228,N,11,70.18,0.56%,2,ND0228 - US 301 NB AT HYETTS CORNER,12585.1,2019-01-29 08:27:00-05,
2024-08-25 00:10:00-04,ND0228,N,8,71.27,0.53%,2,ND0228 - US 301 NB AT HYETTS CORNER,12585.1,2019-01-29 08:27:00-05,
2024-08-25 00:15:00-04,ND0228,N,4,70.99,0.29%,1,ND0228 - US 301 NB AT HYETTS CORNER,12585.1,2019-01-29 08:27:00-05,
2024-08-25 00:20:00-04,ND0228,N,8,70.79,0.38%,2,ND0228 - US 301 NB AT HYETTS CORNER,12585.1,2019-01-29 08:27:00-05,
2024-08-25 00:25:00-04,ND0228,N,11,71.31,0.52%,2,ND0228 - US 301 NB AT HYETTS CORNER,12585.1,2019-01-29 08:27:00-05,
2024-08-25 00:30:00-04,ND0228,N,11,68.33,0.75%,2,ND0228 - US 301 NB AT HYETTS CORNER,12585.1,2019-01-29 08:27:00-05,
2024-08-25 00:35:00-04,ND0228,N,10,71.30,0.73%,1,ND0228 - US 301 NB AT HYETTS CORNER,12585.1,2019-01-29 08:27:00-05,
2024-08-25 00:40:00-04,ND0228,N,9,71.01,0.58%,2,ND0228 - US 301 NB AT HYETTS CORNER,12585.1,2019-01-29 08:27:00-05,
2024-08-25 00:45:00-04,ND0228,N,4,66.57,0.22%,2,ND0228 - US 301 NB AT HYETTS CORNER,12585.1,2019-01-29 08:27:00-05,
2024-08-25 00:50:00-04,ND0228,N,6,67.68,0.45%,1,ND0228 - US 301 NB AT HYETTS CORNER,12585.1,2019-01-29 08:27:00-05,
2024-08-25 00:55:00-04,ND0228,N,8,70.84,0.41%,2,ND0228 - US 301 NB AT HYETTS CORNER,12585.1,2019-01-29 08:27:00-05,
2024-08-25 01:00:00-04,ND0228,N,1,66.83,0.07%,1,ND0228 - US 301 NB AT HYETTS CORNER,12585.1,2019-01-29 08:27:00-05,
2024-08-25 01:05:00-04,ND0228,N,3,66.13,0.43%,1,ND0228 - US 301 NB AT HYETTS CORNER,12585.1,2019-01-29 08:27:00-05,
2024-08-25 01:10:00-04,ND0228,N,4,71.80,0.29%,1,ND0228 - US 301 NB AT HYETTS CORNER,12585.1,2019-01-29 08:27:00-05,
2024-08-25 01:15:00-04,ND0228,N,6,64.70,0.68%,1,ND0228 - US 301 NB AT HYETTS CORNER,12585.1,2019-01-29 08:27:00-05,
2024-08-25 01:20:00-04,ND0228,N,6,71.59,0.40%,2,ND0228 - US 301 NB AT HYETTS CORNER,12585.1,2019-01-29 08:27:00-05,
2024-08-25 01:25:00-04,ND0228,N,2,72.17,0.14%,1,ND0228 - US 301 NB AT HYETTS CORNER,12585.1,2019-01-29 08:27:00-05,
2024-08-25 01:30:00-04,ND0228,N,10,68.71,0.68%,2,ND0228 - US 301 NB AT HYETTS CORNER,12585.1,2019-01-29 08:27:00-05,
2024-08-25 01:35:00-04,ND0228,N,6,69.07,0.43%,2,ND0228 - US 301 NB AT HYETTS CORNER,12585.1,2019-01-29 08:27:00-05,
2024-08-25 01:40:00-04,ND0228,N,1,79.64,0.07%,1,ND0228 - US 301 NB AT HYETTS CORNER,12585.1,2019-01-29 08:27:00-05,
2024-08-25 01:45:00-04,ND0228,N,1,79.48,0.16%,1,ND0228 - US 301 NB AT HYETTS CORNER,12585.1,2019-01-29 08:27:00-05,
2024-08-25 01:50:00-04,ND0228,N,9,71.46,0.56%,2,ND0228 - US 301 NB AT HYETTS CORNER,12585.1,2019-01-29 08:27:00-05,
2024-08-25 01:55:00-04,ND0228,N,3,70.72,0.83%,1,ND0228 - US 301 NB AT HYETTS CORNER,12585.1,2019-01-29 08:27:00-05,
2024-08-25 02:00:00-04,ND0228,N,2,82.76,0.12%,1,ND0228 - US 301 NB AT HYETTS CORNER,12585.1,2019-01-29 08:27:00-05,
2024-08-25 02:10:00-04,ND0228,N,7,70.62,0.67%,2,ND0228 - US 301 NB AT HYETTS CORNER,12585.1,2019-01-29 08:27:00-05,
2024-08-25 02:15:00-04,ND0228,N,1,69.62,0.30%,1,ND0228 - US 301 NB AT HYETTS CORNER,12585.1,2019-01-29 08:27:00-05,
2024-08-25 02:20:00-04,ND0228,N,1,75.57,0.08%,1,ND0228 - US 301 NB AT HYETTS CORNER,12585.1,2019-01-29 08:27:00-05,
2024-08-25 02:25:00-04,ND0228,N,1,72.52,0.26%,1,ND0228 - US 301 NB AT HYETTS CORNER,12585.1,2019-01-29 08:27:00-05,
2024-08-25 02:30:00-04,ND0228,N,5,64.38,0.66%,1,ND0228 - US 301 NB AT HYETTS CORNER,12585.1,2019-01-29 08:27:00-05,
2024-08-25 02:35:00-04,ND0228,N,2,63.78,0.18%,2,ND0228 - US 301 NB AT HYETTS CORNER,12585.1,2019-01-29 08:27:00-05,
2024-08-25 02:40:00-04,ND0228,N,2,66.09,0.15%,1,ND0228 - US 301 NB AT HYETTS CORNER,12585.1,2019-01-29 08:27:00-05,
2024-08-25 02:45:00-04,ND0228,N,3,72.29,0.21%,2,ND0228 - US 301 NB AT HYETTS CORNER,12585.1,2019-01-29 08:27:00-05,
2024-08-25 02:50:00-04,ND0228,N,1,71.18,0.07%,1,ND0228 - US 301 NB AT HYETTS CORNER,12585.1,2019-01-29 08:27:00-05,
2024-08-25 02:55:00-04,ND0228,N,2,68.02,0.23%,1,ND0228 - US 301 NB AT HYETTS CORNER,12585.1,2019-01-29 08:27:00-05,
2024-08-25 03:00:00-04,ND0228,N,4,71.84,0.33%,2,ND0228 - US 301 NB AT HYETTS CORNER,12585.1,2019-01-29 08:27:00-05,
2024-08-25 03:10:00-04,ND0228,N,9,74.05,0.64%,2,ND0228 - US 301 NB AT HYETTS CORNER,12585.1,2019-01-29 08:27:00-05,
2024-08-25 03:15:00-04,ND0228,N,3,74.20,0.21%,2,ND0228 - US 301 NB AT HYETTS CORNER,12585.1,2019-01-29 08:27:00-05,
2024-08-25 03:20:00-04,ND0228,N,3,62.37,0.24%,2,ND0228 - US 301 NB AT HYETTS CORNER,12585.1,2019-01-29 08:27:00-05,
2024-08-25 03:25:00-04,ND0228,N,5,77.63,0.44%,2,ND0228 - US 301 NB AT HYETTS CORNER,12585.1,2019-01-29 08:27:00-05,
2024-08-25 03:30:00-04,ND0228,N,4,72.96,0.83%,1,ND0228 - US 301 NB AT HYETTS CORNER,12585.1,2019-01-29 08:27:00-05,
2024-08-25 03:35:00-04,ND0228,N,5,71.63,1.00%,1,ND0228 - US 301 NB AT HYETTS CORNER,12585.1,2019-01-29 08:27:00-05,
2024-08-25 03:40:00-04,ND0228,N,3,72.61,0.22%,1,ND0228 - US 301 NB AT HYETTS CORNER,12585.1,2019-01-29 08:27:00-05,
2024-08-25 03:45:00-04,ND0228,N,5,73.37,0.29%,2,ND0228 - US 301 NB AT HYETTS CORNER,12585.1,2019-01-29 08:27:00-05,
2024-08-25 03:50:00-04,ND0228,N,4,69.14,0.22%,2,ND0228 - US 301 NB AT HYETTS CORNER,12585.1,2019-01-29 08:27:00-05,
2024-08-25 03:55:00-04,ND0228,N,3,70.67,0.57%,1,ND0228 - US 301 NB AT HYETTS CORNER,12585.1,2019-01-29 08:27:00-05,
2024-08-25 04:00:00-04,ND0228,N,4,73.94,0.16%,2,ND0228 - US 301 NB AT HYETTS CORNER,12585.1,2019-01-29 08:27:00-05,
2024-08-25 04:05:00-04,ND0228,N,3,74.20,0.36%,1,ND0228 - US 301 NB AT HYETTS CORNER,12585.1,2019-01-29 08:27:00-05,
2024-08-25 04:10:00-04,ND0228,N,5,70.15,0.30%,2,ND0228 - US 301 NB AT HYETTS CORNER,12585.1,2019-01-29 08:27:00-05,
2024-08-25 04:15:00-04,ND0228,N,2,74.14,0.34%,1,ND0228 - US 301 NB AT HYETTS CORNER,12585.1,2019-01-29 08:27:00-05,
2024-08-25 04:20:00-04,ND0228,N,1,76.85,0.07%,1,ND0228 - US 301 NB AT HYETTS CORNER,12585.1,2019-01-29 08:27:00-05,
2024-08-25 04:25:00-04,ND0228,N,1,72.90,0.09%,1,ND0228 - US 301 NB AT HYETTS CORNER,12585.1,2019-01-29 08:27:00-05,
2024-08-25 04:30:00-04,ND0228,N,5,68.54,0.43%,1,ND0228 - US 301 NB AT HYETTS CORNER,12585.1,2019-01-29 08:27:00-05,
2024-08-25 04:35:00-04,ND0228,N,4,71.51,0.25%,2,ND0228 - US 301 NB AT HYETTS CORNER,12585.1,2019-01-29 08:27:00-05,
2024-08-25 04:40:00-04,ND0228,N,2,71.25,0.42%,1,ND0228 - US 301 NB AT HYETTS CORNER,12585.1,2019-01-29 08:27:00-05,
2024-08-25 04:45:00-04,ND0228,N,4,74.11,0.16%,2,ND0228 - US 301 NB AT HYETTS CORNER,12585.1,2019-01-29 08:27:00-05,
2024-08-25 04:50:00-04,ND0228,N,2,80.54,0.34%,1,ND0228 - US 301 NB AT HYETTS CORNER,12585.1,2019-01-29 08:27:00-05,
2024-08-25 04:55:00-04,ND0228,N,3,68.32,0.12%,2,ND0228 - US 301 NB AT HYETTS CORNER,12585.1,2019-01-29 08:27:00-05,
2024-08-25 05:00:00-04,ND0228,N,4,69.72,0.61%,1,ND0228 - US 301 NB AT HYETTS CORNER,12585.1,2019-01-29 08:27:00-05,
2024-08-25 05:05:00-04,ND0228,N,6,71.09,0.43%,2,ND0228 - US 301 NB AT HYETTS CORNER,12585.1,2019-01-29 08:27:00-05,
2024-08-25 05:10:00-04,ND0228,N,6,71.80,0.32%,2,ND0228 - US 301 NB AT HYETTS CORNER,12585.1,2019-01-29 08:27:00-05,
2024-08-25 05:15:00-04,ND0228,N,1,70.68,0.07%,1,ND0228 - US 301 NB AT HYETTS CORNER,12585.1,2019-01-29 08:27:00-05,
2024-08-25 05:20:00-04,ND0228,N,7,71.42,0.47%,2,ND0228 - US 301 NB AT HYETTS CORNER,12585.1,2019-01-29 08:27:00-05,
2024-08-25 05:25:00-04,ND0228,N,5,72.94,0.28%,2,ND0228 - US 301 NB AT HYETTS CORNER,12585.1,2019-01-29 08:27:00-05,
2024-08-25 05:30:00-04,ND0228,N,3,69.54,0.21%,2,ND0228 - US 301 NB AT HYETTS CORNER,12585.1,2019-01-29 08:27:00-05,
2024-08-25 05:35:00-04,ND0228,N,9,72.67,0.63%,2,ND0228 - US 301 NB AT HYETTS CORNER,12585.1,2019-01-29 08:27:00-05,
2024-08-25 05:40:00-04,ND0228,N,8,76.41,0.39%,2,ND0228 - US 301 NB AT HYETTS CORNER,12585.1,2019-01-29 08:27:00-05,
2024-08-25 05:45:00-04,ND0228,N,8,76.80,0.30%,2,ND0228 - US 301 NB AT HYETTS CORNER,12585.1,2019-01-29 08:27:00-05,
2024-08-25 05:50:00-04,ND0228,N,9,75.47,0.36%,2,ND0228 - US 301 NB AT HYETTS CORNER,12585.1,2019-01-29 08:27:00-05,
2024-08-25 05:55:00-04,ND0228,N,8,67.42,0.42%,2,ND0228 - US 301 NB AT HYETTS CORNER,12585.1,2019-01-29 08:27:00-05,
2024-08-25 06:00:00-04,ND0228,N,9,72.82,0.36%,2,ND0228 - US 301 NB AT HYETTS CORNER,12585.1,2019-01-29 08:27:00-05,
2024-08-25 06:05:00-04,ND0228,N,7,71.21,0.27%,2,ND0228 - US 301 NB AT HYETTS CORNER,12585.1,2019-01-29 08:27:00-05,
2024-08-25 06:10:00-04,ND0228,N,9,73.46,0.45%,2,ND0228 - US 301 NB AT HYETTS CORNER,12585.1,2019-01-29 08:27:00-05,
2024-08-25 06:15:00-04,ND0228,N,6,69.39,1.02%,1,ND0228 - US 301 NB AT HYETTS CORNER,12585.1,2019-01-29 08:27:00-05,
2024-08-25 06:20:00-04,ND0228,N,7,78.00,0.26%,2,ND0228 - US 301 NB AT HYETTS CORNER,12585.1,2019-01-29 08:27:00-05,
2024-08-25 06:25:00-04,ND0228,N,20,75.33,1.04%,2,ND0228 - US 301 NB AT HYETTS CORNER,12585.1,2019-01-29 08:27:00-05,
2024-08-25 06:30:00-04,ND0228,N,12,76.74,0.40%,2,ND0228 - US 301 NB AT HYETTS CORNER,12585.1,2019-01-29 08:27:00-05,
2024-08-25 06:35:00-04,ND0228,N,8,78.39,0.29%,2,ND0228 - US 301 NB AT HYETTS CORNER,12585.1,2019-01-29 08:27:00-05,
2024-08-25 06:40:00-04,ND0228,N,17,78.39,0.70%,2,ND0228 - US 301 NB AT HYETTS CORNER,12585.1,2019-01-29 08:27:00-05,
2024-08-25 06:45:00-04,ND0228,N,12,77.96,0.50%,2,ND0228 - US 301 NB AT HYETTS CORNER,12585.1,2019-01-29 08:27:00-05,
2024-08-25 06:50:00-04,ND0228,N,7,77.09,0.24%,2,ND0228 - US 301 NB AT HYETTS CORNER,12585.1,2019-01-29 08:27:00-05,
2024-08-25 06:55:00-04,ND0228,N,20,76.67,1.03%,2,ND0228 - US 301 NB AT HYETTS CORNER,12585.1,2019-01-29 08:27:00-05,
2024-08-25 07:00:00-04,ND0228,N,20,73.07,0.78%,2,ND0228 - US 301 NB AT HYETTS CORNER,12585.1,2019-01-29 08:27:00-05,
2024-08-25 07:05:00-04,ND0228,N,8,68.79,0.70%,1,ND0228 - US 301 NB AT HYETTS CORNER,12585.1,2019-01-29 08:27:00-05,
2024-08-25 07:10:00-04,ND0228,N,19,76.09,0.71%,2,ND0228 - US 301 NB AT HYETTS CORNER,12585.1,2019-01-29 08:27:00-05,
2024-08-25 07:15:00-04,ND0228,N,16,78.14,0.58%,2,ND0228 - US 301 NB AT HYETTS CORNER,12585.1,2019-01-29 08:27:00-05,
2024-08-25 07:20:00-04,ND0228,N,16,73.07,0.72%,2,ND0228 - US 301 NB AT HYETTS CORNER,12585.1,2019-01-29 08:27:00-05,
2024-08-25 07:25:00-04,ND0228,N,23,75.83,0.94%,2,ND0228 - US 301 NB AT HYETTS CORNER,12585.1,2019-01-29 08:27:00-05,
2024-08-25 07:30:00-04,ND0228,N,20,79.44,0.86%,2,ND0228 - US 301 NB AT HYETTS CORNER,12585.1,2019-01-29 08:27:00-05,
2024-08-25 07:35:00-04,ND0228,N,24,79.09,0.84%,2,ND0228 - US 301 NB AT HYETTS CORNER,12585.1,2019-01-29 08:27:00-05,
2024-08-25 07:40:00-04,ND0228,N,21,76.06,0.95%,2,ND0228 - US 301 NB AT HYETTS CORNER,12585.1,2019-01-29 08:27:00-05,
2024-08-25 07:45:00-04,ND0228,N,13,76.31,0.66%,2,ND0228 - US 301 NB AT HYETTS CORNER,12585.1,2019-01-29 08:27:00-05,
2024-08-25 07:50:00-04,ND0228,N,20,75.92,0.85%,2,ND0228 - US 301 NB AT HYETTS CORNER,12585.1,2019-01-29 08:27:00-05,
2024-08-25 07:55:00-04,ND0228,N,20,76.02,0.89%,2,ND0228 - US 301 NB AT HYETTS CORNER,12585.1,2019-01-29 08:27:00-05,
2024-08-25 08:00:00-04,ND0228,N,22,78.47,0.98%,2,ND0228 - US 301 NB AT HYETTS CORNER,12585.1,2019-01-29 08:27:00-05,
2024-08-25 08:05:00-04,ND0228,N,25,75.88,1.05%,2,ND0228 - US 301 NB AT HYETTS CORNER,12585.1,2019-01-29 08:27:00-05,
2024-08-25 08:10:00-04,ND0228,N,28,78.01,1.02%,2,ND0228 - US 301 NB AT HYETTS CORNER,12585.1,2019-01-29 08:27:00-05,
2024-08-25 08:15:00-04,ND0228,N,33,79.55,1.04%,2,ND0228 - US 301 NB AT HYETTS CORNER,12585.1,2019-01-29 08:27:00-05,
2024-08-25 08:20:00-04,ND0228,N,29,75.94,1.27%,2,ND0228 - US 301 NB AT HYETTS CORNER,12585.1,2019-01-29 08:27:00-05,
2024-08-25 08:25:00-04,ND0228,N,29,75.47,1.15%,2,ND0228 - US 301 NB AT HYETTS CORNER,12585.1,2019-01-29 08:27:00-05,
2024-08-25 08:30:00-04,ND0228,N,37,76.12,1.62%,2,ND0228 - US 301 NB AT HYETTS CORNER,12585.1,2019-01-29 08:27:00-05,
2024-08-25 08:35:00-04,ND0228,N,42,77.06,1.64%,2,ND0228 - US 301 NB AT HYETTS CORNER,12585.1,2019-01-29 08:27:00-05,
2024-08-25 08:40:00-04,ND0228,N,36,77.78,1.28%,2,ND0228 - US 301 NB AT HYETTS CORNER,12585.1,2019-01-29 08:27:00-05,
2024-08-25 08:45:00-04,ND0228,N,28,74.42,0.98%,2,ND0228 - US 301 NB AT HYETTS CORNER,12585.1,2019-01-29 08:27:00-05,
2024-08-25 08:50:00-04,ND0228,N,49,77.18,1.94%,2,ND0228 - US 301 NB AT HYETTS CORNER,12585.1,2019-01-29 08:27:00-05,
2024-08-25 08:55:00-04,ND0228,N,40,73.67,1.77%,2,ND0228 - US 301 NB AT HYETTS CORNER,12585.1,2019-01-29 08:27:00-05,
2024-08-25 09:00:00-04,ND0228,N,39,75.57,1.64%,2,ND0228 - US 301 NB AT HYETTS CORNER,12585.1,2019-01-29 08:27:00-05,
2024-08-25 09:05:00-04,ND0228,N,38,75.49,1.46%,2,ND0228 - US 301 NB AT HYETTS CORNER,12585.1,2019-01-29 08:27:00-05,
2024-08-25 09:10:00-04,ND0228,N,41,75.40,1.62%,2,ND0228 - US 301 NB AT HYETTS CORNER,12585.1,2019-01-29 08:27:00-05,
2024-08-25 09:15:00-04,ND0228,N,52,74.82,2.04%,2,ND0228 - US 301 NB AT HYETTS CORNER,12585.1,2019-01-29 08:27:00-05,
2024-08-25 09:20:00-04,ND0228,N,34,76.66,1.32%,2,ND0228 - US 301 NB AT HYETTS CORNER,12585.1,2019-01-29 08:27:00-05,
2024-08-25 09:25:00-04,ND0228,N,59,75.43,2.19%,2,ND0228 - US 301 NB AT HYETTS CORNER,12585.1,2019-01-29 08:27:00-05,
2024-08-25 09:30:00-04,ND0228,N,44,76.00,1.61%,2,ND0228 - US 301 NB AT HYETTS CORNER,12585.1,2019-01-29 08:27:00-05,
2024-08-25 09:35:00-04,ND0228,N,50,77.45,1.93%,2,ND0228 - US 301 NB AT HYETTS CORNER,12585.1,2019-01-29 08:27:00-05,
2024-08-25 09:40:00-04,ND0228,N,49,77.50,2.10%,2,ND0228 - US 301 NB AT HYETTS CORNER,12585.1,2019-01-29 08:27:00-05,
2024-08-25 09:45:00-04,ND0228,N,52,77.06,2.02%,2,ND0228 - US 301 NB AT HYETTS CORNER,12585.1,2019-01-29 08:27:00-05,
2024-08-25 09:50:00-04,ND0228,N,61,77.02,2.69%,2,ND0228 - US 301 NB AT HYETTS CORNER,12585.1,2019-01-29 08:27:00-05,
2024-08-25 09:55:00-04,ND0228,N,59,77.20,2.54%,2,ND0228 - US 301 NB AT HYETTS CORNER,12585.1,2019-01-29 08:27:00-05,
2024-08-25 10:00:00-04,ND0228,N,54,76.17,1.95%,2,ND0228 - US 301 NB AT HYETTS CORNER,12585.1,2019-01-29 08:27:00-05,
2024-08-25 10:05:00-04,ND0228,N,57,76.71,1.96%,2,ND0228 - US 301 NB AT HYETTS CORNER,12585.1,2019-01-29 08:27:00-05,
2024-08-25 10:10:00-04,ND0228,N,55,76.48,2.04%,2,ND0228 - US 301 NB AT HYETTS CORNER,12585.1,2019-01-29 08:27:00-05,
2024-08-25 10:15:00-04,ND0228,N,67,78.00,2.36%,2,ND0228 - US 301 NB AT HYETTS CORNER,12585.1,2019-01-29 08:27:00-05,
2024-08-25 10:20:00-04,ND0228,N,47,76.02,1.81%,2,ND0228 - US 301 NB AT HYETTS CORNER,12585.1,2019-01-29 08:27:00-05,
2024-08-25 10:25:00-04,ND0228,N,70,76.87,2.72%,2,ND0228 - US 301 NB AT HYETTS CORNER,12585.1,2019-01-29 08:27:00-05,
2024-08-25 10:30:00-04,ND0228,N,70,76.83,2.52%,2,ND0228 - US 301 NB AT HYETTS CORNER,12585.1,2019-01-29 08:27:00-05,
2024-08-25 10:35:00-04,ND0228,N,53,76.56,1.86%,2,ND0228 - US 301 NB AT HYETTS CORNER,12585.1,2019-01-29 08:27:00-05,
2024-08-25 10:40:00-04,ND0228,N,62,77.38,2.60%,2,ND0228 - US 301 NB AT HYETTS CORNER,12585.1,2019-01-29 08:27:00-05,
2024-08-25 10:45:00-04,ND0228,N,80,76.00,3.12%,2,ND0228 - US 301 NB AT HYETTS CORNER,12585.1,2019-01-29 08:27:00-05,
2024-08-25 10:50:00-04,ND0228,N,68,75.76,2.69%,2,ND0228 - US 301 NB AT HYETTS CORNER,12585.1,2019-01-29 08:27:00-05,
2024-08-25 10:55:00-04,ND0228,N,84,76.84,3.09%,2,ND0228 - US 301 NB AT HYETTS CORNER,12585.1,2019-01-29 08:27:00-05,
2024-08-25 11:00:00-04,ND0228,N,66,75.94,2.69%,2,ND0228 - US 301 NB AT HYETTS CORNER,12585.1,2019-01-29 08:27:00-05,
2024-08-25 11:05:00-04,ND0228,N,68,77.19,2.51%,2,ND0228 - US 301 NB AT HYETTS CORNER,12585.1,2019-01-29 08:27:00-05,
2024-08-25 11:10:00-04,ND0228,N,67,76.87,2.42%,2,ND0228 - US 301 NB AT HYETTS CORNER,12585.1,2019-01-29 08:27:00-05,
2024-08-25 11:15:00-04,ND0228,N,65,75.91,2.40%,2,ND0228 - US 301 NB AT HYETTS CORNER,12585.1,2019-01-29 08:27:00-05,
2024-08-25 11:20:00-04,ND0228,N,73,75.40,2.68%,2,ND0228 - US 301 NB AT HYETTS CORNER,12585.1,2019-01-29 08:27:00-05,
2024-08-25 11:25:00-04,ND0228,N,72,76.01,2.68%,2,ND0228 - US 301 NB AT HYETTS CORNER,12585.1,2019-01-29 08:27:00-05,
2024-08-25 11:30:00-04,ND0228,N,69,76.47,2.49%,2,ND0228 - US 301 NB AT HYETTS CORNER,12585.1,2019-01-29 08:27:00-05,
2024-08-25 11:35:00-04,ND0228,N,76,76.55,3.11%,2,ND0228 - US 301 NB AT HYETTS CORNER,12585.1,2019-01-29 08:27:00-05,
2024-08-25 11:40:00-04,ND0228,N,75,78.06,2.85%,2,ND0228 - US 301 NB AT HYETTS CORNER,12585.1,2019-01-29 08:27:00-05,
2024-08-25 11:45:00-04,ND0228,N,81,76.02,2.95%,2,ND0228 - US 301 NB AT HYETTS CORNER,12585.1,2019-01-29 08:27:00-05,
2024-08-25 11:50:00-04,ND0228,N,85,77.26,3.29%,2,ND0228 - US 301 NB AT HYETTS CORNER,12585.1,2019-01-29 08:27:00-05,
2024-08-25 11:55:00-04,ND0228,N,81,76.18,3.21%,2,ND0228 - US 301 NB AT HYETTS CORNER,12585.1,2019-01-29 08:27:00-05,
2024-08-25 12:00:00-04,ND0228,N,76,78.41,2.73%,2,ND0228 - US 301 NB AT HYETTS CORNER,12585.1,2019-01-29 08:27:00-05,
2024-08-25 12:05:00-04,ND0228,N,85,77.54,3.22%,2,ND0228 - US 301 NB AT HYETTS CORNER,12585.1,2019-01-29 08:27:00-05,
2024-08-25 12:10:00-04,ND0228,N,72,76.29,2.55%,2,ND0228 - US 301 NB AT HYETTS CORNER,12585.1,2019-01-29 08:27:00-05,
2024-08-25 12:15:00-04,ND0228,N,77,77.03,2.86%,2,ND0228 - US 301 NB AT HYETTS CORNER,12585.1,2019-01-29 08:27:00-05,
2024-08-25 12:20:00-04,ND0228,N,64,76.98,2.48%,2,ND0228 - US 301 NB AT HYETTS CORNER,12585.1,2019-01-29 08:27:00-05,
2024-08-25 12:25:00-04,ND0228,N,69,77.42,2.42%,2,ND0228 - US 301 NB AT HYETTS CORNER,12585.1,2019-01-29 08:27:00-05,
2024-08-25 12:30:00-04,ND0228,N,73,77.88,2.69%,2,ND0228 - US 301 NB AT HYETTS CORNER,12585.1,2019-01-29 08:27:00-05,
2024-08-25 12:35:00-04,ND0228,N,66,75.51,2.40%,2,ND0228 - US 301 NB AT HYETTS CORNER,12585.1,2019-01-29 08:27:00-05,
2024-08-25 12:40:00-04,ND0228,N,67,77.97,2.54%,2,ND0228 - US 301 NB AT HYETTS CORNER,12585.1,2019-01-29 08:27:00-05,
2024-08-25 12:45:00-04,ND0228,N,79,76.82,2.85%,2,ND0228 - US 301 NB AT HYETTS CORNER,12585.1,2019-01-29 08:27:00-05,
2024-08-25 12:50:00-04,ND0228,N,77,75.81,3.14%,2,ND0228 - US 301 NB AT HYETTS CORNER,12585.1,2019-01-29 08:27:00-05,
2024-08-25 12:55:00-04,ND0228,N,62,77.59,2.39%,2,ND0228 - US 301 NB AT HYETTS CORNER,12585.1,2019-01-29 08:27:00-05,
2024-08-25 13:00:00-04,ND0228,N,67,75.99,2.52%,2,ND0228 - US 301 NB AT HYETTS CORNER,12585.1,2019-01-29 08:27:00-05,
2024-08-25 13:05:00-04,ND0228,N,89,75.41,3.88%,2,ND0228 - US 301 NB AT HYETTS CORNER,12585.1,2019-01-29 08:27:00-05,
2024-08-25 13:10:00-04,ND0228,N,73,76.41,2.84%,2,ND0228 - US 301 NB AT HYETTS CORNER,12585.1,2019-01-29 08:27:00-05,
2024-08-25 13:15:00-04,ND0228,N,72,75.76,2.61%,2,ND0228 - US 301 NB AT HYETTS CORNER,12585.1,2019-01-29 08:27:00-05,
2024-08-25 13:20:00-04,ND0228,N,64,78.95,2.45%,2,ND0228 - US 301 NB AT HYETTS CORNER,12585.1,2019-01-29 08:27:00-05,
2024-08-25 13:25:00-04,ND0228,N,68,75.68,2.62%,2,ND0228 - US 301 NB AT HYETTS CORNER,12585.1,2019-01-29 08:27:00-05,
2024-08-25 13:30:00-04,ND0228,N,88,77.21,3.31%,2,ND0228 - US 301 NB AT HYETTS CORNER,12585.1,2019-01-29 08:27:00-05,
2024-08-25 13:35:00-04,ND0228,N,71,77.62,2.89%,2,ND0228 - US 301 NB AT HYETTS CORNER,12585.1,2019-01-29 08:27:00-05,
2024-08-25 13:40:00-04,ND0228,N,82,78.59,3.08%,2,ND0228 - US 301 NB AT HYETTS CORNER,12585.1,2019-01-29 08:27:00-05,
2024-08-25 13:45:00-04,ND0228,N,77,76.22,2.86%,2,ND0228 - US 301 NB AT HYETTS CORNER,12585.1,2019-01-29 08:27:00-05,
2024-08-25 13:50:00-04,ND0228,N,73,76.34,2.70%,2,ND0228 - US 301 NB AT HYETTS CORNER,12585.1,2019-01-29 08:27:00-05,
2024-08-25 13:55:00-04,ND0228,N,64,76.54,2.47%,2,ND0228 - US 301 NB AT HYETTS CORNER,12585.1,2019-01-29 08:27:00-05,
2024-08-25 14:00:00-04,ND0228,N,75,77.37,2.96%,2,ND0228 - US 301 NB AT HYETTS CORNER,12585.1,2019-01-29 08:27:00-05,
2024-08-25 14:05:00-04,ND0228,N,96,77.33,3.89%,2,ND0228 - US 301 NB AT HYETTS CORNER,12585.1,2019-01-29 08:27:00-05,
2024-08-25 14:10:00-04,ND0228,N,62,79.27,2.18%,2,ND0228 - US 301 NB AT HYETTS CORNER,12585.1,2019-01-29 08:27:00-05,
2024-08-25 14:15:00-04,ND0228,N,95,78.32,3.47%,2,ND0228 - US 301 NB AT HYETTS CORNER,12585.1,2019-01-29 08:27:00-05,
2024-08-25 14:20:00-04,ND0228,N,91,77.15,3.38%,2,ND0228 - US 301 NB AT HYETTS CORNER,12585.1,2019-01-29 08:27:00-05,
2024-08-25 14:25:00-04,ND0228,N,77,77.07,2.97%,2,ND0228 - US 301 NB AT HYETTS CORNER,12585.1,2019-01-29 08:27:00-05,
2024-08-25 14:30:00-04,ND0228,N,105,74.48,3.93%,2,ND0228 - US 301 NB AT HYETTS CORNER,12585.1,2019-01-29 08:27:00-05,
2024-08-25 14:35:00-04,ND0228,N,105,78.90,4.04%,2,ND0228 - US 301 NB AT HYETTS CORNER,12585.1,2019-01-29 08:27:00-05,
2024-08-25 14:40:00-04,ND0228,N,94,78.64,3.51%,2,ND0228 - US 301 NB AT HYETTS CORNER,12585.1,2019-01-29 08:27:00-05,
2024-08-25 14:45:00-04,ND0228,N,113,76.99,3.95%,2,ND0228 - US 301 NB AT HYETTS CORNER,12585.1,2019-01-29 08:27:00-05,
2024-08-25 14:50:00-04,ND0228,N,104,77.58,3.62%,2,ND0228 - US 301 NB AT HYETTS CORNER,12585.1,2019-01-29 08:27:00-05,
2024-08-25 14:55:00-04,ND0228,N,98,74.61,3.78%,2,ND0228 - US 301 NB AT HYETTS CORNER,12585.1,2019-01-29 08:27:00-05,
2024-08-25 15:00:00-04,ND0228,N,111,76.99,3.90%,2,ND0228 - US 301 NB AT HYETTS CORNER,12585.1,2019-01-29 08:27:00-05,
2024-08-25 15:05:00-04,ND0228,N,97,76.34,4.02%,2,ND0228 - US 301 NB AT HYETTS CORNER,12585.1,2019-01-29 08:27:00-05,
2024-08-25 15:10:00-04,ND0228,N,134,76.12,4.69%,2,ND0228 - US 301 NB AT HYETTS CORNER,12585.1,2019-01-29 08:27:00-05,
2024-08-25 15:15:00-04,ND0228,N,135,76.20,5.21%,2,ND0228 - US 301 NB AT HYETTS CORNER,12585.1,2019-01-29 08:27:00-05,
2024-08-25 15:20:00-04,ND0228,N,118,76.96,4.49%,2,ND0228 - US 301 NB AT HYETTS CORNER,12585.1,2019-01-29 08:27:00-05,
2024-08-25 15:25:00-04,ND0228,N,118,74.85,4.61%,2,ND0228 - US 301 NB AT HYETTS CORNER,12585.1,2019-01-29 08:27:00-05,
2024-08-25 15:30:00-04,ND0228,N,131,74.15,5.29%,2,ND0228 - US 301 NB AT HYETTS CORNER,12585.1,2019-01-29 08:27:00-05,
2024-08-25 15:35:00-04,ND0228,N,118,74.35,4.70%,2,ND0228 - US 301 NB AT HYETTS CORNER,12585.1,2019-01-29 08:27:00-05,
2024-08-25 15:40:00-04,ND0228,N,95,75.88,3.55%,2,ND0228 - US 301 NB AT HYETTS CORNER,12585.1,2019-01-29 08:27:00-05,
2024-08-25 15:45:00-04,ND0228,N,92,75.71,3.47%,2,ND0228 - US 301 NB AT HYETTS CORNER,12585.1,2019-01-29 08:27:00-05,
2024-08-25 15:50:00-04,ND0228,N,83,76.46,3.01%,2,ND0228 - US 301 NB AT HYETTS CORNER,12585.1,2019-01-29 08:27:00-05,
2024-08-25 15:55:00-04,ND0228,N,89,75.96,3.30%,2,ND0228 - US 301 NB AT HYETTS CORNER,12585.1,2019-01-29 08:27:00-05,
2024-08-25 16:00:00-04,ND0228,N,86,75.60,3.37%,2,ND0228 - US 301 NB AT HYETTS CORNER,12585.1,2019-01-29 08:27:00-05,
2024-08-25 16:05:00-04,ND0228,N,108,76.87,4.04%,2,ND0228 - US 301 NB AT HYETTS CORNER,12585.1,2019-01-29 08:27:00-05,
2024-08-25 16:10:00-04,ND0228,N,92,74.26,3.67%,2,ND0228 - US 301 NB AT HYETTS CORNER,12585.1,2019-01-29 08:27:00-05,
2024-08-25 16:15:00-04,ND0228,N,67,73.90,2.90%,2,ND0228 - US 301 NB AT HYETTS CORNER,12585.1,2019-01-29 08:27:00-05,
2024-08-25 16:20:00-04,ND0228,N,84,75.21,3.70%,2,ND0228 - US 301 NB AT HYETTS CORNER,12585.1,2019-01-29 08:27:00-05,
2024-08-25 16:25:00-04,ND0228,N,90,76.17,3.48%,2,ND0228 - US 301 NB AT HYETTS CORNER,12585.1,2019-01-29 08:27:00-05,
2024-08-25 16:30:00-04,ND0228,N,85,76.21,3.35%,2,ND0228 - US 301 NB AT HYETTS CORNER,12585.1,2019-01-29 08:27:00-05,
2024-08-25 16:35:00-04,ND0228,N,96,76.01,3.56%,2,ND0228 - US 301 NB AT HYETTS CORNER,12585.1,2019-01-29 08:27:00-05,
2024-08-25 16:40:00-04,ND0228,N,103,76.48,3.76%,2,ND0228 - US 301 NB AT HYETTS CORNER,12585.1,2019-01-29 08:27:00-05,
2024-08-25 16:45:00-04,ND0228,N,120,75.47,4.60%,2,ND0228 - US 301 NB AT HYETTS CORNER,12585.1,2019-01-29 08:27:00-05,
2024-08-25 16:50:00-04,ND0228,N,97,75.23,4.10%,2,ND0228 - US 301 NB AT HYETTS CORNER,12585.1,2019-01-29 08:27:00-05,
2024-08-25 16:55:00-04,ND0228,N,81,74.36,3.02%,2,ND0228 - US 301 NB AT HYETTS CORNER,12585.1,2019-01-29 08:27:00-05,
2024-08-25 17:00:00-04,ND0228,N,100,76.79,3.71%,2,ND0228 - US 301 NB AT HYETTS CORNER,12585.1,2019-01-29 08:27:00-05,
2024-08-25 17:05:00-04,ND0228,N,87,76.33,3.29%,2,ND0228 - US 301 NB AT HYETTS CORNER,12585.1,2019-01-29 08:27:00-05,
2024-08-25 17:10:00-04,ND0228,N,72,74.16,2.69%,2,ND0228 - US 301 NB AT HYETTS CORNER,12585.1,2019-01-29 08:27:00-05,
2024-08-25 17:15:00-04,ND0228,N,85,75.88,3.34%,2,ND0228 - US 301 NB AT HYETTS CORNER,12585.1,2019-01-29 08:27:00-05,
2024-08-25 17:20:00-04,ND0228,N,75,76.32,2.84%,2,ND0228 - US 301 NB AT HYETTS CORNER,12585.1,2019-01-29 08:27:00-05,
2024-08-25 17:25:00-04,ND0228,N,87,75.98,3.29%,2,ND0228 - US 301 NB AT HYETTS CORNER,12585.1,2019-01-29 08:27:00-05,
2024-08-25 17:30:00-04,ND0228,N,62,75.31,2.68%,2,ND0228 - US 301 NB AT HYETTS CORNER,12585.1,2019-01-29 08:27:00-05,
2024-08-25 17:35:00-04,ND0228,N,63,76.11,2.78%,2,ND0228 - US 301 NB AT HYETTS CORNER,12585.1,2019-01-29 08:27:00-05,
2024-08-25 17:40:00-04,ND0228,N,75,78.48,2.77%,2,ND0228 - US 301 NB AT HYETTS CORNER,12585.1,2019-01-29 08:27:00-05,
2024-08-25 17:45:00-04,ND0228,N,48,75.27,1.87%,2,ND0228 - US 301 NB AT HYETTS CORNER,12585.1,2019-01-29 08:27:00-05,
2024-08-25 17:50:00-04,ND0228,N,83,78.74,2.90%,2,ND0228 - US 301 NB AT HYETTS CORNER,12585.1,2019-01-29 08:27:00-05,
2024-08-25 17:55:00-04,ND0228,N,81,76.36,3.15%,2,ND0228 - US 301 NB AT HYETTS CORNER,12585.1,2019-01-29 08:27:00-05,
2024-08-25 18:00:00-04,ND0228,N,67,75.67,2.76%,2,ND0228 - US 301 NB AT HYETTS CORNER,12585.1,2019-01-29 08:27:00-05,
2024-08-25 18:05:00-04,ND0228,N,52,77.15,2.27%,2,ND0228 - US 301 NB AT HYETTS CORNER,12585.1,2019-01-29 08:27:00-05,
2024-08-25 18:10:00-04,ND0228,N,75,75.02,3.11%,2,ND0228 - US 301 NB AT HYETTS CORNER,12585.1,2019-01-29 08:27:00-05,
2024-08-25 18:15:00-04,ND0228,N,63,74.94,2.47%,2,ND0228 - US 301 NB AT HYETTS CORNER,12585.1,2019-01-29 08:27:00-05,
2024-08-25 18:20:00-04,ND0228,N,69,76.37,2.53%,2,ND0228 - US 301 NB AT HYETTS CORNER,12585.1,2019-01-29 08:27:00-05,
2024-08-25 18:25:00-04,ND0228,N,71,77.47,2.51%,2,ND0228 - US 301 NB AT HYETTS CORNER,12585.1,2019-01-29 08:27:00-05,
2024-08-25 18:30:00-04,ND0228,N,62,77.20,2.26%,2,ND0228 - US 301 NB AT HYETTS CORNER,12585.1,2019-01-29 08:27:00-05,
2024-08-25 18:35:00-04,ND0228,N,53,77.27,2.02%,2,ND0228 - US 301 NB AT HYETTS CORNER,12585.1,2019-01-29 08:27:00-05,
2024-08-25 18:40:00-04,ND0228,N,45,78.07,1.53%,2,ND0228 - US 301 NB AT HYETTS CORNER,12585.1,2019-01-29 08:27:00-05,
2024-08-25 18:45:00-04,ND0228,N,53,74.10,2.32%,2,ND0228 - US 301 NB AT HYETTS CORNER,12585.1,2019-01-29 08:27:00-05,
2024-08-25 18:50:00-04,ND0228,N,49,74.36,1.88%,2,ND0228 - US 301 NB AT HYETTS CORNER,12585.1,2019-01-29 08:27:00-05,
2024-08-25 18:55:00-04,ND0228,N,53,78.53,2.13%,2,ND0228 - US 301 NB AT HYETTS CORNER,12585.1,2019-01-29 08:27:00-05,
2024-08-25 19:00:00-04,ND0228,N,33,78.21,1.35%,2,ND0228 - US 301 NB AT HYETTS CORNER,12585.1,2019-01-29 08:27:00-05,
2024-08-25 19:05:00-04,ND0228,N,55,77.73,2.27%,2,ND0228 - US 301 NB AT HYETTS CORNER,12585.1,2019-01-29 08:27:00-05,
2024-08-25 19:10:00-04,ND0228,N,45,77.17,1.82%,2,ND0228 - US 301 NB AT HYETTS CORNER,12585.1,2019-01-29 08:27:00-05,
2024-08-25 19:15:00-04,ND0228,N,46,76.56,1.86%,2,ND0228 - US 301 NB AT HYETTS CORNER,12585.1,2019-01-29 08:27:00-05,
2024-08-25 19:20:00-04,ND0228,N,41,77.27,1.59%,2,ND0228 - US 301 NB AT HYETTS CORNER,12585.1,2019-01-29 08:27:00-05,
2024-08-25 19:25:00-04,ND0228,N,43,77.21,1.71%,2,ND0228 - US 301 NB AT HYETTS CORNER,12585.1,2019-01-29 08:27:00-05,
2024-08-25 19:30:00-04,ND0228,N,40,74.27,1.55%,2,ND0228 - US 301 NB AT HYETTS CORNER,12585.1,2019-01-29 08:27:00-05,
2024-08-25 19:35:00-04,ND0228,N,41,75.94,1.91%,2,ND0228 - US 301 NB AT HYETTS CORNER,12585.1,2019-01-29 08:27:00-05,
2024-08-25 19:40:00-04,ND0228,N,48,75.99,2.38%,2,ND0228 - US 301 NB AT HYETTS CORNER,12585.1,2019-01-29 08:27:00-05,
2024-08-25 19:45:00-04,ND0228,N,47,75.09,2.19%,2,ND0228 - US 301 NB AT HYETTS CORNER,12585.1,2019-01-29 08:27:00-05,
2024-08-25 19:50:00-04,ND0228,N,34,76.52,1.36%,2,ND0228 - US 301 NB AT HYETTS CORNER,12585.1,2019-01-29 08:27:00-05,
2024-08-25 19:55:00-04,ND0228,N,48,75.59,1.89%,2,ND0228 - US 301 NB AT HYETTS CORNER,12585.1,2019-01-29 08:27:00-05,
2024-08-25 20:00:00-04,ND0228,N,40,77.90,1.50%,2,ND0228 - US 301 NB AT HYETTS CORNER,12585.1,2019-01-29 08:27:00-05,
2024-08-25 20:05:00-04,ND0228,N,41,75.00,1.84%,2,ND0228 - US 301 NB AT HYETTS CORNER,12585.1,2019-01-29 08:27:00-05,
2024-08-25 20:10:00-04,ND0228,N,30,74.22,1.25%,2,ND0228 - US 301 NB AT HYETTS CORNER,12585.1,2019-01-29 08:27:00-05,
2024-08-25 20:15:00-04,ND0228,N,37,74.41,1.61%,2,ND0228 - US 301 NB AT HYETTS CORNER,12585.1,2019-01-29 08:27:00-05,
2024-08-25 20:20:00-04,ND0228,N,33,74.33,1.43%,2,ND0228 - US 301 NB AT HYETTS CORNER,12585.1,2019-01-29 08:27:00-05,
2024-08-25 20:25:00-04,ND0228,N,32,72.29,1.33%,2,ND0228 - US 301 NB AT HYETTS CORNER,12585.1,2019-01-29 08:27:00-05,
2024-08-25 20:30:00-04,ND0228,N,29,71.56,1.59%,2,ND0228 - US 301 NB AT HYETTS CORNER,12585.1,2019-01-29 08:27:00-05,
2024-08-25 20:35:00-04,ND0228,N,31,71.47,1.35%,2,ND0228 - US 301 NB AT HYETTS CORNER,12585.1,2019-01-29 08:27:00-05,
2024-08-25 20:40:00-04,ND0228,N,32,73.93,1.37%,2,ND0228 - US 301 NB AT HYETTS CORNER,12585.1,2019-01-29 08:27:00-05,
2024-08-25 20:45:00-04,ND0228,N,25,75.09,0.96%,2,ND0228 - US 301 NB AT HYETTS CORNER,12585.1,2019-01-29 08:27:00-05,
2024-08-25 20:50:00-04,ND0228,N,35,74.21,1.45%,2,ND0228 - US 301 NB AT HYETTS CORNER,12585.1,2019-01-29 08:27:00-05,
2024-08-25 20:55:00-04,ND0228,N,31,73.55,1.60%,2,ND0228 - US 301 NB AT HYETTS CORNER,12585.1,2019-01-29 08:27:00-05,
2024-08-25 21:00:00-04,ND0228,N,33,72.31,1.41%,2,ND0228 - US 301 NB AT HYETTS CORNER,12585.1,2019-01-29 08:27:00-05,
2024-08-25 21:05:00-04,ND0228,N,24,73.96,1.05%,2,ND0228 - US 301 NB AT HYETTS CORNER,12585.1,2019-01-29 08:27:00-05,
2024-08-25 21:10:00-04,ND0228,N,30,72.80,1.48%,2,ND0228 - US 301 NB AT HYETTS CORNER,12585.1,2019-01-29 08:27:00-05,
2024-08-25 21:15:00-04,ND0228,N,19,68.95,2.23%,1,ND0228 - US 301 NB AT HYETTS CORNER,12585.1,2019-01-29 08:27:00-05,
2024-08-25 21:20:00-04,ND0228,N,24,74.23,0.94%,2,ND0228 - US 301 NB AT HYETTS CORNER,12585.1,2019-01-29 08:27:00-05,
2024-08-25 21:25:00-04,ND0228,N,23,75.69,0.86%,2,ND0228 - US 301 NB AT HYETTS CORNER,12585.1,2019-01-29 08:27:00-05,
2024-08-25 21:30:00-04,ND0228,N,26,71.33,1.57%,2,ND0228 - US 301 NB AT HYETTS CORNER,12585.1,2019-01-29 08:27:00-05,
2024-08-25 21:35:00-04,ND0228,N,21,76.57,1.23%,2,ND0228 - US 301 NB AT HYETTS CORNER,12585.1,2019-01-29 08:27:00-05,
2024-08-25 21:40:00-04,ND0228,N,27,70.85,1.62%,2,ND0228 - US 301 NB AT HYETTS CORNER,12585.1,2019-01-29 08:27:00-05,
2024-08-25 21:45:00-04,ND0228,N,25,75.59,1.46%,2,ND0228 - US 301 NB AT HYETTS CORNER,12585.1,2019-01-29 08:27:00-05,
2024-08-25 21:50:00-04,ND0228,N,15,72.88,0.93%,2,ND0228 - US 301 NB AT HYETTS CORNER,12585.1,2019-01-29 08:27:00-05,
2024-08-25 21:55:00-04,ND0228,N,15,73.10,0.63%,2,ND0228 - US 301 NB AT HYETTS CORNER,12585.1,2019-01-29 08:27:00-05,
2024-08-25 22:00:00-04,ND0228,N,11,73.02,0.68%,2,ND0228 - US 301 NB AT HYETTS CORNER,12585.1,2019-01-29 08:27:00-05,
2024-08-25 22:05:00-04,ND0228,N,15,74.00,0.72%,2,ND0228 - US 301 NB AT HYETTS CORNER,12585.1,2019-01-29 08:27:00-05,
2024-08-25 22:10:00-04,ND0228,N,19,70.92,1.31%,2,ND0228 - US 301 NB AT HYETTS CORNER,12585.1,2019-01-29 08:27:00-05,
2024-08-25 22:15:00-04,ND0228,N,13,72.74,0.73%,2,ND0228 - US 301 NB AT HYETTS CORNER,12585.1,2019-01-29 08:27:00-05,
2024-08-25 22:20:00-04,ND0228,N,10,75.54,0.86%,2,ND0228 - US 301 NB AT HYETTS CORNER,12585.1,2019-01-29 08:27:00-05,
2024-08-25 22:25:00-04,ND0228,N,11,69.56,0.96%,2,ND0228 - US 301 NB AT HYETTS CORNER,12585.1,2019-01-29 08:27:00-05,
2024-08-25 22:30:00-04,ND0228,N,8,68.94,0.40%,2,ND0228 - US 301 NB AT HYETTS CORNER,12585.1,2019-01-29 08:27:00-05,
2024-08-25 22:35:00-04,ND0228,N,6,70.70,0.82%,1,ND0228 - US 301 NB AT HYETTS CORNER,12585.1,2019-01-29 08:27:00-05,
2024-08-25 22:40:00-04,ND0228,N,10,72.28,0.72%,2,ND0228 - US 301 NB AT HYETTS CORNER,12585.1,2019-01-29 08:27:00-05,
2024-08-25 22:45:00-04,ND0228,N,9,69.01,0.55%,2,ND0228 - US 301 NB AT HYETTS CORNER,12585.1,2019-01-29 08:27:00-05,
2024-08-25 22:50:00-04,ND0228,N,11,74.41,0.63%,2,ND0228 - US 301 NB AT HYETTS CORNER,12585.1,2019-01-29 08:27:00-05,
2024-08-25 22:55:00-04,ND0228,N,6,68.73,0.66%,2,ND0228 - US 301 NB AT HYETTS CORNER,12585.1,2019-01-29 08:27:00-05,
2024-08-25 23:00:00-04,ND0228,N,11,74.64,0.76%,2,ND0228 - US 301 NB AT HYETTS CORNER,12585.1,2019-01-29 08:27:00-05,
2024-08-25 23:05:00-04,ND0228,N,8,71.47,0.59%,2,ND0228 - US 301 NB AT HYETTS CORNER,12585.1,2019-01-29 08:27:00-05,
2024-08-25 23:10:00-04,ND0228,N,6,73.08,0.31%,2,ND0228 - US 301 NB AT HYETTS CORNER,12585.1,2019-01-29 08:27:00-05,
2024-08-25 23:15:00-04,ND0228,N,8,65.89,1.69%,1,ND0228 - US 301 NB AT HYETTS CORNER,12585.1,2019-01-29 08:27:00-05,
2024-08-25 23:20:00-04,ND0228,N,8,69.62,0.60%,2,ND0228 - US 301 NB AT HYETTS CORNER,12585.1,2019-01-29 08:27:00-05,
2024-08-25 23:25:00-04,ND0228,N,6,66.20,1.14%,1,ND0228 - US 301 NB AT HYETTS CORNER,12585.1,2019-01-29 08:27:00-05,
2024-08-25 23:30:00-04,ND0228,N,4,64.45,0.26%,2,ND0228 - US 301 NB AT HYETTS CORNER,12585.1,2019-01-29 08:27:00-05,
2024-08-25 23:35:00-04,ND0228,N,10,69.58,0.76%,2,ND0228 - US 301 NB AT HYETTS CORNER,12585.1,2019-01-29 08:27:00-05,
2024-08-25 23:40:00-04,ND0228,N,8,70.88,0.54%,2,ND0228 - US 301 NB AT HYETTS CORNER,12585.1,2019-01-29 08:27:00-05,
2024-08-25 23:45:00-04,ND0228,N,8,72.19,0.51%,2,ND0228 - US 301 NB AT HYETTS CORNER,12585.1,2019-01-29 08:27:00-05,
2024-08-25 23:50:00-04,ND0228,N,4,67.07,0.31%,1,ND0228 - US 301 NB AT HYETTS CORNER,12585.1,2019-01-29 08:27:00-05,
2024-08-25 23:55:00-04,ND0228,N,5,69.11,1.17%,1,ND0228 - US 301 NB AT HYETTS CORNER,12585.1,2019-01-29 08:27:00-05,
2024-08-26 00:00:00-04,ND0228,N,8,74.71,0.61%,2,ND0228 - US 301 NB AT HYETTS CORNER,12585.1,2019-01-29 08:27:00-05,
2024-08-26 00:05:00-04,ND0228,N,7,65.59,0.41%,2,ND0228 - US 301 NB AT HYETTS CORNER,12585.1,2019-01-29 08:27:00-05,
2024-08-26 00:10:00-04,ND0228,N,3,65.37,0.11%,2,ND0228 - US 301 NB AT HYETTS CORNER,12585.1,2019-01-29 08:27:00-05,
2024-08-26 00:15:00-04,ND0228,N,10,73.06,0.63%,2,ND0228 - US 301 NB AT HYETTS CORNER,12585.1,2019-01-29 08:27:00-05,
2024-08-26 00:20:00-04,ND0228,N,4,65.47,0.27%,2,ND0228 - US 301 NB AT HYETTS CORNER,12585.1,2019-01-29 08:27:00-05,
2024-08-26 00:25:00-04,ND0228,N,6,70.83,0.33%,2,ND0228 - US 301 NB AT HYETTS CORNER,12585.1,2019-01-29 08:27:00-05,
2024-08-26 00:30:00-04,ND0228,N,5,69.64,0.59%,1,ND0228 - US 301 NB AT HYETTS CORNER,12585.1,2019-01-29 08:27:00-05,
2024-08-26 00:35:00-04,ND0228,N,6,69.50,1.27%,1,ND0228 - US 301 NB AT HYETTS CORNER,12585.1,2019-01-29 08:27:00-05,
2024-08-26 00:40:00-04,ND0228,N,4,66.93,0.77%,1,ND0228 - US 301 NB AT HYETTS CORNER,12585.1,2019-01-29 08:27:00-05,
2024-08-26 00:45:00-04,ND0228,N,4,70.38,0.29%,2,ND0228 - US 301 NB AT HYETTS CORNER,12585.1,2019-01-29 08:27:00-05,
2024-08-26 00:50:00-04,ND0228,N,3,63.43,0.25%,2,ND0228 - US 301 NB AT HYETTS CORNER,12585.1,2019-01-29 08:27:00-05,
2024-08-26 00:55:00-04,ND0228,N,4,64.05,0.30%,2,ND0228 - US 301 NB AT HYETTS CORNER,12585.1,2019-01-29 08:27:00-05,
2024-08-26 01:00:00-04,ND0228,N,4,69.40,0.43%,1,ND0228 - US 301 NB AT HYETTS CORNER,12585.1,2019-01-29 08:27:00-05,
2024-08-26 01:05:00-04,ND0228,N,2,67.74,0.43%,1,ND0228 - US 301 NB AT HYETTS CORNER,12585.1,2019-01-29 08:27:00-05,
2024-08-26 01:15:00-04,ND0228,N,2,72.82,0.38%,1,ND0228 - US 301 NB AT HYETTS CORNER,12585.1,2019-01-29 08:27:00-05,
2024-08-26 01:20:00-04,ND0228,N,4,72.89,0.40%,2,ND0228 - US 301 NB AT HYETTS CORNER,12585.1,2019-01-29 08:27:00-05,
2024-08-26 01:25:00-04,ND0228,N,4,74.92,0.48%,1,ND0228 - US 301 NB AT HYETTS CORNER,12585.1,2019-01-29 08:27:00-05,
2024-08-26 01:30:00-04,ND0228,N,4,64.58,0.59%,2,ND0228 - US 301 NB AT HYETTS CORNER,12585.1,2019-01-29 08:27:00-05,
2024-08-26 01:35:00-04,ND0228,N,3,65.82,0.23%,1,ND0228 - US 301 NB AT HYETTS CORNER,12585.1,2019-01-29 08:27:00-05,
2024-08-26 01:40:00-04,ND0228,N,4,62.74,0.83%,1,ND0228 - US 301 NB AT HYETTS CORNER,12585.1,2019-01-29 08:27:00-05,
2024-08-26 01:50:00-04,ND0228,N,3,71.71,0.47%,1,ND0228 - US 301 NB AT HYETTS CORNER,12585.1,2019-01-29 08:27:00-05,
2024-08-26 01:55:00-04,ND0228,N,5,69.87,0.28%,2,ND0228 - US 301 NB AT HYETTS CORNER,12585.1,2019-01-29 08:27:00-05,
2024-08-26 02:00:00-04,ND0228,N,1,68.94,0.29%,1,ND0228 - US 301 NB AT HYETTS CORNER,12585.1,2019-01-29 08:27:00-05,
2024-08-26 02:05:00-04,ND0228,N,1,64.36,0.09%,1,ND0228 - US 301 NB AT HYETTS CORNER,12585.1,2019-01-29 08:27:00-05,
2024-08-26 02:10:00-04,ND0228,N,3,68.34,0.31%,2,ND0228 - US 301 NB AT HYETTS CORNER,12585.1,2019-01-29 08:27:00-05,
2024-08-26 02:15:00-04,ND0228,N,3,71.70,0.11%,2,ND0228 - US 301 NB AT HYETTS CORNER,12585.1,2019-01-29 08:27:00-05,
2024-08-26 02:20:00-04,ND0228,N,5,68.94,0.59%,2,ND0228 - US 301 NB AT HYETTS CORNER,12585.1,2019-01-29 08:27:00-05,
2024-08-26 02:25:00-04,ND0228,N,5,76.86,0.46%,2,ND0228 - US 301 NB AT HYETTS CORNER,12585.1,2019-01-29 08:27:00-05,
2024-08-26 02:30:00-04,ND0228,N,1,75.73,0.06%,1,ND0228 - US 301 NB AT HYETTS CORNER,12585.1,2019-01-29 08:27:00-05,
2024-08-26 02:35:00-04,ND0228,N,7,68.91,0.56%,2,ND0228 - US 301 NB AT HYETTS CORNER,12585.1,2019-01-29 08:27:00-05,
2024-08-26 02:40:00-04,ND0228,N,2,68.24,0.23%,1,ND0228 - US 301 NB AT HYETTS CORNER,12585.1,2019-01-29 08:27:00-05,
2024-08-26 02:45:00-04,ND0228,N,3,75.05,0.13%,2,ND0228 - US 301 NB AT HYETTS CORNER,12585.1,2019-01-29 08:27:00-05,
2024-08-26 02:50:00-04,ND0228,N,8,75.54,0.68%,2,ND0228 - US 301 NB AT HYETTS CORNER,12585.1,2019-01-29 08:27:00-05,
2024-08-26 02:55:00-04,ND0228,N,7,70.24,0.60%,2,ND0228 - US 301 NB AT HYETTS CORNER,12585.1,2019-01-29 08:27:00-05,
2024-08-26 03:00:00-04,ND0228,N,3,67.91,0.38%,2,ND0228 - US 301 NB AT HYETTS CORNER,12585.1,2019-01-29 08:27:00-05,
2024-08-26 03:05:00-04,ND0228,N,8,72.73,0.64%,2,ND0228 - US 301 NB AT HYETTS CORNER,12585.1,2019-01-29 08:27:00-05,
2024-08-26 03:10:00-04,ND0228,N,4,78.20,0.21%,2,ND0228 - US 301 NB AT HYETTS CORNER,12585.1,2019-01-29 08:27:00-05,
2024-08-26 03:15:00-04,ND0228,N,5,76.36,0.26%,2,ND0228 - US 301 NB AT HYETTS CORNER,12585.1,2019-01-29 08:27:00-05,
2024-08-26 03:20:00-04,ND0228,N,6,71.92,0.57%,2,ND0228 - US 301 NB AT HYETTS CORNER,12585.1,2019-01-29 08:27:00-05,
2024-08-26 03:25:00-04,ND0228,N,8,69.19,0.67%,2,ND0228 - US 301 NB AT HYETTS CORNER,12585.1,2019-01-29 08:27:00-05,
2024-08-26 03:30:00-04,ND0228,N,8,73.22,0.61%,2,ND0228 - US 301 NB AT HYETTS CORNER,12585.1,2019-01-29 08:27:00-05,
2024-08-26 03:35:00-04,ND0228,N,5,71.31,0.18%,2,ND0228 - US 301 NB AT HYETTS CORNER,12585.1,2019-01-29 08:27:00-05,
2024-08-26 03:40:00-04,ND0228,N,6,72.03,0.34%,2,ND0228 - US 301 NB AT HYETTS CORNER,12585.1,2019-01-29 08:27:00-05,
2024-08-26 03:45:00-04,ND0228,N,6,73.48,0.49%,2,ND0228 - US 301 NB AT HYETTS CORNER,12585.1,2019-01-29 08:27:00-05,
2024-08-26 03:50:00-04,ND0228,N,2,58.49,0.64%,1,ND0228 - US 301 NB AT HYETTS CORNER,12585.1,2019-01-29 08:27:00-05,
2024-08-26 03:55:00-04,ND0228,N,9,76.31,0.43%,2,ND0228 - US 301 NB AT HYETTS CORNER,12585.1,2019-01-29 08:27:00-05,
2024-08-26 04:00:00-04,ND0228,N,6,70.95,0.22%,2,ND0228 - US 301 NB AT HYETTS CORNER,12585.1,2019-01-29 08:27:00-05,
2024-08-26 04:05:00-04,ND0228,N,7,77.95,0.54%,2,ND0228 - US 301 NB AT HYETTS CORNER,12585.1,2019-01-29 08:27:00-05,
2024-08-26 04:10:00-04,ND0228,N,8,75.58,0.52%,2,ND0228 - US 301 NB AT HYETTS CORNER,12585.1,2019-01-29 08:27:00-05,
2024-08-26 04:15:00-04,ND0228,N,7,78.07,0.33%,2,ND0228 - US 301 NB AT HYETTS CORNER,12585.1,2019-01-29 08:27:00-05,
2024-08-26 04:20:00-04,ND0228,N,17,74.45,1.44%,2,ND0228 - US 301 NB AT HYETTS CORNER,12585.1,2019-01-29 08:27:00-05,
2024-08-26 04:25:00-04,ND0228,N,4,69.51,0.21%,2,ND0228 - US 301 NB AT HYETTS CORNER,12585.1,2019-01-29 08:27:00-05,
2024-08-26 04:30:00-04,ND0228,N,8,72.41,0.51%,2,ND0228 - US 301 NB AT HYETTS CORNER,12585.1,2019-01-29 08:27:00-05,
2024-08-26 04:35:00-04,ND0228,N,16,74.38,0.95%,2,ND0228 - US 301 NB AT HYETTS CORNER,12585.1,2019-01-29 08:27:00-05,
2024-08-26 04:40:00-04,ND0228,N,15,74.37,0.77%,2,ND0228 - US 301 NB AT HYETTS CORNER,12585.1,2019-01-29 08:27:00-05,
2024-08-26 04:45:00-04,ND0228,N,12,72.96,0.88%,2,ND0228 - US 301 NB AT HYETTS CORNER,12585.1,2019-01-29 08:27:00-05,
2024-08-26 04:50:00-04,ND0228,N,6,68.40,0.35%,2,ND0228 - US 301 NB AT HYETTS CORNER,12585.1,2019-01-29 08:27:00-05,
2024-08-26 04:55:00-04,ND0228,N,14,71.41,0.78%,2,ND0228 - US 301 NB AT HYETTS CORNER,12585.1,2019-01-29 08:27:00-05,
2024-08-26 05:00:00-04,ND0228,N,22,76.42,1.11%,2,ND0228 - US 301 NB AT HYETTS CORNER,12585.1,2019-01-29 08:27:00-05,
2024-08-26 05:05:00-04,ND0228,N,15,75.80,0.67%,2,ND0228 - US 301 NB AT HYETTS CORNER,12585.1,2019-01-29 08:27:00-05,
2024-08-26 05:10:00-04,ND0228,N,13,71.90,0.82%,2,ND0228 - US 301 NB AT HYETTS CORNER,12585.1,2019-01-29 08:27:00-05,
2024-08-26 05:15:00-04,ND0228,N,25,75.74,1.25%,2,ND0228 - US 301 NB AT HYETTS CORNER,12585.1,2019-01-29 08:27:00-05,
2024-08-26 05:20:00-04,ND0228,N,19,70.95,1.18%,2,ND0228 - US 301 NB AT HYETTS CORNER,12585.1,2019-01-29 08:27:00-05,
2024-08-26 05:25:00-04,ND0228,N,32,74.34,1.43%,2,ND0228 - US 301 NB AT HYETTS CORNER,12585.1,2019-01-29 08:27:00-05,
2024-08-26 05:30:00-04,ND0228,N,18,73.58,0.74%,2,ND0228 - US 301 NB AT HYETTS CORNER,12585.1,2019-01-29 08:27:00-05,
2024-08-26 05:35:00-04,ND0228,N,29,74.71,1.26%,2,ND0228 - US 301 NB AT HYETTS CORNER,12585.1,2019-01-29 08:27:00-05,
2024-08-26 05:40:00-04,ND0228,N,37,75.23,1.76%,2,ND0228 - US 301 NB AT HYETTS CORNER,12585.1,2019-01-29 08:27:00-05,
2024-08-26 05:45:00-04,ND0228,N,28,75.79,1.30%,2,ND0228 - US 301 NB AT HYETTS CORNER,12585.1,2019-01-29 08:27:00-05,
2024-08-26 05:50:00-04,ND0228,N,33,76.46,1.45%,2,ND0228 - US 301 NB AT HYETTS CORNER,12585.1,2019-01-29 08:27:00-05,
2024-08-26 05:55:00-04,ND0228,N,50,75.37,2.18%,2,ND0228 - US 301 NB AT HYETTS CORNER,12585.1,2019-01-29 08:27:00-05,
2024-08-26 06:00:00-04,ND0228,N,45,76.07,1.72%,2,ND0228 - US 301 NB AT HYETTS CORNER,12585.1,2019-01-29 08:27:00-05,
2024-08-26 06:05:00-04,ND0228,N,38,75.66,1.48%,2,ND0228 - US 301 NB AT HYETTS CORNER,12585.1,2019-01-29 08:27:00-05,
2024-08-26 06:10:00-04,ND0228,N,53,76.08,2.19%,2,ND0228 - US 301 NB AT HYETTS CORNER,12585.1,2019-01-29 08:27:00-05,
2024-08-26 06:15:00-04,ND0228,N,48,77.14,2.06%,2,ND0228 - US 301 NB AT HYETTS CORNER,12585.1,2019-01-29 08:27:00-05,
2024-08-26 06:20:00-04,ND0228,N,77,75.98,3.04%,2,ND0228 - US 301 NB AT HYETTS CORNER,12585.1,2019-01-29 08:27:00-05,
2024-08-26 06:25:00-04,ND0228,N,62,75.43,2.69%,2,ND0228 - US 301 NB AT HYETTS CORNER,12585.1,2019-01-29 08:27:00-05,
2024-08-26 06:30:00-04,ND0228,N,73,76.74,3.20%,2,ND0228 - US 301 NB AT HYETTS CORNER,12585.1,2019-01-29 08:27:00-05,
2024-08-26 06:35:00-04,ND0228,N,86,75.97,3.65%,2,ND0228 - US 301 NB AT HYETTS CORNER,12585.1,2019-01-29 08:27:00-05,
2024-08-26 06:40:00-04,ND0228,N,86,79.29,3.10%,2,ND0228 - US 301 NB AT HYETTS CORNER,12585.1,2019-01-29 08:27:00-05,
2024-08-26 06:45:00-04,ND0228,N,79,75.72,3.32%,2,ND0228 - US 301 NB AT HYETTS CORNER,12585.1,2019-01-29 08:27:00-05,
2024-08-26 06:50:00-04,ND0228,N,63,77.33,2.39%,2,ND0228 - US 301 NB AT HYETTS CORNER,12585.1,2019-01-29 08:27:00-05,
2024-08-26 06:55:00-04,ND0228,N,78,76.46,3.11%,2,ND0228 - US 301 NB AT HYETTS CORNER,12585.1,2019-01-29 08:27:00-05,
2024-08-26 07:00:00-04,ND0228,N,76,76.28,2.84%,2,ND0228 - US 301 NB AT HYETTS CORNER,12585.1,2019-01-29 08:27:00-05,
2024-08-26 07:05:00-04,ND0228,N,56,77.19,2.14%,2,ND0228 - US 301 NB AT HYETTS CORNER,12585.1,2019-01-29 08:27:00-05,
2024-08-26 07:10:00-04,ND0228,N,76,77.83,2.79%,2,ND0228 - US 301 NB AT HYETTS CORNER,12585.1,2019-01-29 08:27:00-05,
2024-08-26 07:15:00-04,ND0228,N,88,75.71,3.42%,2,ND0228 - US 301 NB AT HYETTS CORNER,12585.1,2019-01-29 08:27:00-05,
2024-08-26 07:20:00-04,ND0228,N,87,79.36,3.07%,2,ND0228 - US 301 NB AT HYETTS CORNER,12585.1,2019-01-29 08:27:00-05,
2024-08-26 07:25:00-04,ND0228,N,91,76.40,3.49%,2,ND0228 - US 301 NB AT HYETTS CORNER,12585.1,2019-01-29 08:27:00-05,
2024-08-26 07:30:00-04,ND0228,N,89,75.21,3.61%,2,ND0228 - US 301 NB AT HYETTS CORNER,12585.1,2019-01-29 08:27:00-05,
2024-08-26 07:35:00-04,ND0228,N,85,74.26,3.52%,2,ND0228 - US 301 NB AT HYETTS CORNER,12585.1,2019-01-29 08:27:00-05,
2024-08-26 07:40:00-04,ND0228,N,83,77.59,3.29%,2,ND0228 - US 301 NB AT HYETTS CORNER,12585.1,2019-01-29 08:27:00-05,
2024-08-26 07:45:00-04,ND0228,N,67,74.67,2.73%,2,ND0228 - US 301 NB AT HYETTS CORNER,12585.1,2019-01-29 08:27:00-05,
2024-08-26 07:50:00-04,ND0228,N,89,76.35,3.70%,2,ND0228 - US 301 NB AT HYETTS CORNER,12585.1,2019-01-29 08:27:00-05,
2024-08-26 07:55:00-04,ND0228,N,65,77.59,2.46%,2,ND0228 - US 301 NB AT HYETTS CORNER,12585.1,2019-01-29 08:27:00-05,
2024-08-26 08:00:00-04,ND0228,N,83,77.75,3.56%,2,ND0228 - US 301 NB AT HYETTS CORNER,12585.1,2019-01-29 08:27:00-05,
2024-08-26 08:05:00-04,ND0228,N,82,75.36,3.49%,2,ND0228 - US 301 NB AT HYETTS CORNER,12585.1,2019-01-29 08:27:00-05,
2024-08-26 08:10:00-04,ND0228,N,63,75.63,2.64%,2,ND0228 - US 301 NB AT HYETTS CORNER,12585.1,2019-01-29 08:27:00-05,
2024-08-26 08:15:00-04,ND0228,N,65,73.93,2.85%,2,ND0228 - US 301 NB AT HYETTS CORNER,12585.1,2019-01-29 08:27:00-05,
2024-08-26 08:20:00-04,ND0228,N,81,75.39,3.36%,2,ND0228 - US 301 NB AT HYETTS CORNER,12585.1,2019-01-29 08:27:00-05,
2024-08-26 08:25:00-04,ND0228,N,77,74.14,3.72%,2,ND0228 - US 301 NB AT HYETTS CORNER,12585.1,2019-01-29 08:27:00-05,
2024-08-26 08:30:00-04,ND0228,N,49,76.38,1.86%,2,ND0228 - US 301 NB AT HYETTS CORNER,12585.1,2019-01-29 08:27:00-05,
2024-08-26 08:35:00-04,ND0228,N,84,74.44,3.26%,2,ND0228 - US 301 NB AT HYETTS CORNER,12585.1,2019-01-29 08:27:00-05,
2024-08-26 08:40:00-04,ND0228,N,56,75.84,2.10%,2,ND0228 - US 301 NB AT HYETTS CORNER,12585.1,2019-01-29 08:27:00-05,
2024-08-26 08:45:00-04,ND0228,N,57,75.42,2.48%,2,ND0228 - US 301 NB AT HYETTS CORNER,12585.1,2019-01-29 08:27:00-05,
2024-08-26 08:50:00-04,ND0228,N,61,75.43,2.57%,2,ND0228 - US 301 NB AT HYETTS CORNER,12585.1,2019-01-29 08:27:00-05,
2024-08-26 08:55:00-04,ND0228,N,46,76.01,1.90%,2,ND0228 - US 301 NB AT HYETTS CORNER,12585.1,2019-01-29 08:27:00-05,
2024-08-26 09:00:00-04,ND0228,N,49,75.99,1.90%,2,ND0228 - US 301 NB AT HYETTS CORNER,12585.1,2019-01-29 08:27:00-05,
2024-08-26 09:05:00-04,ND0228,N,54,75.43,1.99%,2,ND0228 - US 301 NB AT HYETTS CORNER,12585.1,2019-01-29 08:27:00-05,
2024-08-26 09:10:00-04,ND0228,N,57,74.00,2.86%,2,ND0228 - US 301 NB AT HYETTS CORNER,12585.1,2019-01-29 08:27:00-05,
2024-08-26 09:15:00-04,ND0228,N,40,76.61,1.44%,2,ND0228 - US 301 NB AT HYETTS CORNER,12585.1,2019-01-29 08:27:00-05,
2024-08-26 09:20:00-04,ND0228,N,40,74.60,1.93%,2,ND0228 - US 301 NB AT HYETTS CORNER,12585.1,2019-01-29 08:27:00-05,
2024-08-26 09:25:00-04,ND0228,N,48,76.73,2.09%,2,ND0228 - US 301 NB AT HYETTS CORNER,12585.1,2019-01-29 08:27:00-05,
2024-08-26 09:30:00-04,ND0228,N,54,76.74,2.11%,2,ND0228 - US 301 NB AT HYETTS CORNER,12585.1,2019-01-29 08:27:00-05,
2024-08-26 09:35:00-04,ND0228,N,55,75.17,2.43%,2,ND0228 - US 301 NB AT HYETTS CORNER,12585.1,2019-01-29 08:27:00-05,
2024-08-26 09:40:00-04,ND0228,N,50,76.88,2.21%,2,ND0228 - US 301 NB AT HYETTS CORNER,12585.1,2019-01-29 08:27:00-05,
2024-08-26 09:45:00-04,ND0228,N,51,74.23,2.43%,2,ND0228 - US 301 NB AT HYETTS CORNER,12585.1,2019-01-29 08:27:00-05,
2024-08-26 09:50:00-04,ND0228,N,57,72.55,2.67%,2,ND0228 - US 301 NB AT HYETTS CORNER,12585.1,2019-01-29 08:27:00-05,
2024-08-26 09:55:00-04,ND0228,N,69,73.86,3.30%,2,ND0228 - US 301 NB AT HYETTS CORNER,12585.1,2019-01-29 08:27:00-05,
2024-08-26 10:00:00-04,ND0228,N,62,74.35,2.94%,2,ND0228 - US 301 NB AT HYETTS CORNER,12585.1,2019-01-29 08:27:00-05,
2024-08-26 10:05:00-04,ND0228,N,48,72.93,2.49%,2,ND0228 - US 301 NB AT HYETTS CORNER,12585.1,2019-01-29 08:27:00-05,
2024-08-26 10:10:00-04,ND0228,N,39,74.02,1.57%,2,ND0228 - US 301 NB AT HYETTS CORNER,12585.1,2019-01-29 08:27:00-05,
2024-08-26 10:15:00-04,ND0228,N,66,72.42,3.37%,2,ND0228 - US 301 NB AT HYETTS CORNER,12585.1,2019-01-29 08:27:00-05,
2024-08-26 10:20:00-04,ND0228,N,64,72.21,3.06%,2,ND0228 - US 301 NB AT HYETTS CORNER,12585.1,2019-01-29 08:27:00-05,
2024-08-26 10:25:00-04,ND0228,N,68,71.75,3.29%,2,ND0228 - US 301 NB AT HYETTS CORNER,12585.1,2019-01-29 08:27:00-05,
2024-08-26 10:30:00-04,ND0228,N,51,72.74,2.26%,2,ND0228 - US 301 NB AT HYETTS CORNER,12585.1,2019-01-29 08:27:00-05,
2024-08-26 10:35:00-04,ND0228,N,60,73.67,2.75%,2,ND0228 - US 301 NB AT HYETTS CORNER,12585.1,2019-01-29 08:27:00-05,
2024-08-26 10:40:00-04,ND0228,N,51,75.01,2.24%,2,ND0228 - US 301 NB AT HYETTS CORNER,12585.1,2019-01-29 08:27:00-05,
2024-08-26 10:45:00-04,ND0228,N,45,76.50,1.86%,2,ND0228 - US 301 NB AT HYETTS CORNER,12585.1,2019-01-29 08:27:00-05,
2024-08-26 10:50:00-04,ND0228,N,51,73.88,2.48%,2,ND0228 - US 301 NB AT HYETTS CORNER,12585.1,2019-01-29 08:27:00-05,
2024-08-26 10:55:00-04,ND0228,N,60,73.64,3.02%,2,ND0228 - US 301 NB AT HYETTS CORNER,12585.1,2019-01-29 08:27:00-05,
2024-08-26 11:00:00-04,ND0228,N,41,75.46,1.75%,2,ND0228 - US 301 NB AT HYETTS CORNER,12585.1,2019-01-29 08:27:00-05,
2024-08-26 11:05:00-04,ND0228,N,48,74.55,2.30%,2,ND0228 - US 301 NB AT HYETTS CORNER,12585.1,2019-01-29 08:27:00-05,
2024-08-26 11:10:00-04,ND0228,N,33,74.07,1.53%,2,ND0228 - US 301 NB AT HYETTS CORNER,12585.1,2019-01-29 08:27:00-05,
2024-08-26 11:15:00-04,ND0228,N,47,78.04,1.83%,2,ND0228 - US 301 NB AT HYETTS CORNER,12585.1,2019-01-29 08:27:00-05,
2024-08-26 11:20:00-04,ND0228,N,50,75.41,2.04%,2,ND0228 - US 301 NB AT HYETTS CORNER,12585.1,2019-01-29 08:27:00-05,
2024-08-26 11:25:00-04,ND0228,N,57,74.95,2.46%,2,ND0228 - US 301 NB AT HYETTS CORNER,12585.1,2019-01-29 08:27:00-05,
2024-08-26 11:30:00-04,ND0228,N,58,72.78,3.02%,2,ND0228 - US 301 NB AT HYETTS CORNER,12585.1,2019-01-29 08:27:00-05,
2024-08-26 11:35:00-04,ND0228,N,54,73.30,2.59%,2,ND0228 - US 301 NB AT HYETTS CORNER,12585.1,2019-01-29 08:27:00-05,
2024-08-26 11:40:00-04,ND0228,N,57,72.01,2.45%,2,ND0228 - US 301 NB AT HYETTS CORNER,12585.1,2019-01-29 08:27:00-05,
2024-08-26 11:45:00-04,ND0228,N,72,74.41,3.48%,2,ND0228 - US 301 NB AT HYETTS CORNER,12585.1,2019-01-29 08:27:00-05,
2024-08-26 11:50:00-04,ND0228,N,47,73.39,2.32%,2,ND0228 - US 301 NB AT HYETTS CORNER,12585.1,2019-01-29 08:27:00-05,
2024-08-26 11:55:00-04,ND0228,N,41,75.25,1.55%,2,ND0228 - US 301 NB AT HYETTS CORNER,12585.1,2019-01-29 08:27:00-05,
2024-08-26 12:00:00-04,ND0228,N,60,71.80,3.34%,2,ND0228 - US 301 NB AT HYETTS CORNER,12585.1,2019-01-29 08:27:00-05,
2024-08-26 12:05:00-04,ND0228,N,54,74.82,2.89%,2,ND0228 - US 301 NB AT HYETTS CORNER,12585.1,2019-01-29 08:27:00-05,
2024-08-26 12:10:00-04,ND0228,N,67,75.64,2.73%,2,ND0228 - US 301 NB AT HYETTS CORNER,12585.1,2019-01-29 08:27:00-05,
2024-08-26 12:15:00-04,ND0228,N,62,74.48,2.98%,2,ND0228 - US 301 NB AT HYETTS CORNER,12585.1,2019-01-29 08:27:00-05,
2024-08-26 12:20:00-04,ND0228,N,76,74.19,3.57%,2,ND0228 - US 301 NB AT HYETTS CORNER,12585.1,2019-01-29 08:27:00-05,
2024-08-26 12:25:00-04,ND0228,N,70,75.01,3.07%,2,ND0228 - US 301 NB AT HYETTS CORNER,12585.1,2019-01-29 08:27:00-05,
2024-08-26 12:30:00-04,ND0228,N,50,75.15,2.30%,2,ND0228 - US 301 NB AT HYETTS CORNER,12585.1,2019-01-29 08:27:00-05,
2024-08-26 12:35:00-04,ND0228,N,64,73.78,3.08%,2,ND0228 - US 301 NB AT HYETTS CORNER,12585.1,2019-01-29 08:27:00-05,
2024-08-26 12:40:00-04,ND0228,N,50,74.81,2.44%,2,ND0228 - US 301 NB AT HYETTS CORNER,12585.1,2019-01-29 08:27:00-05,
2024-08-26 12:45:00-04,ND0228,N,49,78.39,1.93%,2,ND0228 - US 301 NB AT HYETTS CORNER,12585.1,2019-01-29 08:27:00-05,
2024-08-26 12:50:00-04,ND0228,N,38,75.11,1.87%,2,ND0228 - US 301 NB AT HYETTS CORNER,12585.1,2019-01-29 08:27:00-05,
2024-08-26 12:55:00-04,ND0228,N,63,73.93,3.01%,2,ND0228 - US 301 NB AT HYETTS CORNER,12585.1,2019-01-29 08:27:00-05,
2024-08-26 13:00:00-04,ND0228,N,38,73.53,1.72%,2,ND0228 - US 301 NB AT HYETTS CORNER,12585.1,2019-01-29 08:27:00-05,
2024-08-26 13:05:00-04,ND0228,N,44,75.36,1.99%,2,ND0228 - US 301 NB AT HYETTS CORNER,12585.1,2019-01-29 08:27:00-05,
2024-08-26 13:10:00-04,ND0228,N,38,74.06,2.09%,2,ND0228 - US 301 NB AT HYETTS CORNER,12585.1,2019-01-29 08:27:00-05,
2024-08-26 13:15:00-04,ND0228,N,49,72.52,2.30%,2,ND0228 - US 301 NB AT HYETTS CORNER,12585.1,2019-01-29 08:27:00-05,
2024-08-26 13:20:00-04,ND0228,N,46,73.71,2.11%,2,ND0228 - US 301 NB AT HYETTS CORNER,12585.1,2019-01-29 08:27:00-05,
2024-08-26 13:25:00-04,ND0228,N,46,74.23,2.29%,2,ND0228 - US 301 NB AT HYETTS CORNER,12585.1,2019-01-29 08:27:00-05,
2024-08-26 13:30:00-04,ND0228,N,29,75.34,1.38%,2,ND0228 - US 301 NB AT HYETTS CORNER,12585.1,2019-01-29 08:27:00-05,
2024-08-26 13:35:00-04,ND0228,N,39,74.46,1.84%,2,ND0228 - US 301 NB AT HYETTS CORNER,12585.1,2019-01-29 08:27:00-05,
2024-08-26 13:40:00-04,ND0228,N,49,75.11,2.17%,2,ND0228 - US 301 NB AT HYETTS CORNER,12585.1,2019-01-29 08:27:00-05,
2024-08-26 13:45:00-04,ND0228,N,44,73.33,1.87%,2,ND0228 - US 301 NB AT HYETTS CORNER,12585.1,2019-01-29 08:27:00-05,
2024-08-26 13:50:00-04,ND0228,N,41,76.39,1.64%,2,ND0228 - US 301 NB AT HYETTS CORNER,12585.1,2019-01-29 08:27:00-05,
2024-08-26 13:55:00-04,ND0228,N,36,70.62,2.03%,2,ND0228 - US 301 NB AT HYETTS CORNER,12585.1,2019-01-29 08:27:00-05,
2024-08-26 14:00:00-04,ND0228,N,48,71.41,2.21%,2,ND0228 - US 301 NB AT HYETTS CORNER,12585.1,2019-01-29 08:27:00-05,
2024-08-26 14:05:00-04,ND0228,N,54,70.17,2.84%,2,ND0228 - US 301 NB AT HYETTS CORNER,12585.1,2019-01-29 08:27:00-05,
2024-08-26 14:10:00-04,ND0228,N,55,73.41,2.35%,2,ND0228 - US 301 NB AT HYETTS CORNER,12585.1,2019-01-29 08:27:00-05,
2024-08-26 14:15:00-04,ND0228,N,41,74.58,2.00%,2,ND0228 - US 301 NB AT HYETTS CORNER,12585.1,2019-01-29 08:27:00-05,
2024-08-26 14:20:00-04,ND0228,N,46,77.19,2.13%,2,ND0228 - US 301 NB AT HYETTS CORNER,12585.1,2019-01-29 08:27:00-05,
2024-08-26 14:25:00-04,ND0228,N,48,76.38,2.32%,2,ND0228 - US 301 NB AT HYETTS CORNER,12585.1,2019-01-29 08:27:00-05,
2024-08-26 14:30:00-04,ND0228,N,50,76.67,2.15%,2,ND0228 - US 301 NB AT HYETTS CORNER,12585.1,2019-01-29 08:27:00-05,
2024-08-26 14:35:00-04,ND0228,N,45,75.80,1.85%,2,ND0228 - US 301 NB AT HYETTS CORNER,12585.1,2019-01-29 08:27:00-05,
2024-08-26 14:40:00-04,ND0228,N,45,77.44,2.06%,2,ND0228 - US 301 NB AT HYETTS CORNER,12585.1,2019-01-29 08:27:00-05,
2024-08-26 14:45:00-04,ND0228,N,58,76.99,2.80%,2,ND0228 - US 301 NB AT HYETTS CORNER,12585.1,2019-01-29 08:27:00-05,
2024-08-26 14:50:00-04,ND0228,N,45,78.95,1.95%,2,ND0228 - US 301 NB AT HYETTS CORNER,12585.1,2019-01-29 08:27:00-05,
2024-08-26 14:55:00-04,ND0228,N,54,76.87,2.14%,2,ND0228 - US 301 NB AT HYETTS CORNER,12585.1,2019-01-29 08:27:00-05,
2024-08-26 15:00:00-04,ND0228,N,47,76.33,1.88%,2,ND0228 - US 301 NB AT HYETTS CORNER,12585.1,2019-01-29 08:27:00-05,
2024-08-26 15:05:00-04,ND0228,N,55,74.78,2.73%,2,ND0228 - US 301 NB AT HYETTS CORNER,12585.1,2019-01-29 08:27:00-05,
2024-08-26 15:10:00-04,ND0228,N,49,73.18,2.18%,2,ND0228 - US 301 NB AT HYETTS CORNER,12585.1,2019-01-29 08:27:00-05,
2024-08-26 15:15:00-04,ND0228,N,60,74.18,2.56%,2,ND0228 - US 301 NB AT HYETTS CORNER,12585.1,2019-01-29 08:27:00-05,
2024-08-26 15:20:00-04,ND0228,N,56,75.73,2.40%,2,ND0228 - US 301 NB AT HYETTS CORNER,12585.1,2019-01-29 08:27:00-05,
2024-08-26 15:25:00-04,ND0228,N,51,74.35,2.36%,2,ND0228 - US 301 NB AT HYETTS CORNER,12585.1,2019-01-29 08:27:00-05,
2024-08-26 15:30:00-04,ND0228,N,66,76.61,2.75%,2,ND0228 - US 301 NB AT HYETTS CORNER,12585.1,2019-01-29 08:27:00-05,
2024-08-26 15:35:00-04,ND0228,N,69,77.64,2.97%,2,ND0228 - US 301 NB AT HYETTS CORNER,12585.1,2019-01-29 08:27:00-05,
2024-08-26 15:40:00-04,ND0228,N,62,75.88,2.98%,2,ND0228 - US 301 NB AT HYETTS CORNER,12585.1,2019-01-29 08:27:00-05,
2024-08-26 15:45:00-04,ND0228,N,66,75.70,2.55%,2,ND0228 - US 301 NB AT HYETTS CORNER,12585.1,2019-01-29 08:27:00-05,
2024-08-26 15:50:00-04,ND0228,N,52,75.77,2.02%,2,ND0228 - US 301 NB AT HYETTS CORNER,12585.1,2019-01-29 08:27:00-05,
2024-08-26 15:55:00-04,ND0228,N,80,76.87,3.44%,2,ND0228 - US 301 NB AT HYETTS CORNER,12585.1,2019-01-29 08:27:00-05,
2024-08-26 16:00:00-04,ND0228,N,54,77.50,2.24%,2,ND0228 - US 301 NB AT HYETTS CORNER,12585.1,2019-01-29 08:27:00-05,
2024-08-26 16:05:00-04,ND0228,N,64,75.86,2.92%,2,ND0228 - US 301 NB AT HYETTS CORNER,12585.1,2019-01-29 08:27:00-05,
2024-08-26 16:10:00-04,ND0228,N,60,77.45,2.33%,2,ND0228 - US 301 NB AT HYETTS CORNER,12585.1,2019-01-29 08:27:00-05,
2024-08-26 16:15:00-04,ND0228,N,90,76.70,3.46%,2,ND0228 - US 301 NB AT HYETTS CORNER,12585.1,2019-01-29 08:27:00-05,
2024-08-26 16:20:00-04,ND0228,N,88,77.01,3.76%,2,ND0228 - US 301 NB AT HYETTS CORNER,12585.1,2019-01-29 08:27:00-05,
2024-08-26 16:25:00-04,ND0228,N,70,75.70,2.74%,2,ND0228 - US 301 NB AT HYETTS CORNER,12585.1,2019-01-29 08:27:00-05,
2024-08-26 16:30:00-04,ND0228,N,79,77.05,2.89%,2,ND0228 - US 301 NB AT HYETTS CORNER,12585.1,2019-01-29 08:27:00-05,
2024-08-26 16:35:00-04,ND0228,N,87,76.02,3.60%,2,ND0228 - US 301 NB AT HYETTS CORNER,12585.1,2019-01-29 08:27:00-05,
2024-08-26 16:40:00-04,ND0228,N,82,76.20,3.27%,2,ND0228 - US 301 NB AT HYETTS CORNER,12585.1,2019-01-29 08:27:00-05,
2024-08-26 16:45:00-04,ND0228,N,83,77.00,3.58%,2,ND0228 - US 301 NB AT HYETTS CORNER,12585.1,2019-01-29 08:27:00-05,
2024-08-26 16:50:00-04,ND0228,N,55,76.49,2.33%,2,ND0228 - US 301 NB AT HYETTS CORNER,12585.1,2019-01-29 08:27:00-05,
2024-08-26 16:55:00-04,ND0228,N,67,76.42,2.56%,2,ND0228 - US 301 NB AT HYETTS CORNER,12585.1,2019-01-29 08:27:00-05,
2024-08-26 17:00:00-04,ND0228,N,79,76.89,3.26%,2,ND0228 - US 301 NB AT HYETTS CORNER,12585.1,2019-01-29 08:27:00-05,
2024-08-26 17:05:00-04,ND0228,N,72,77.26,3.02%,2,ND0228 - US 301 NB AT HYETTS CORNER,12585.1,2019-01-29 08:27:00-05,
2024-08-26 17:10:00-04,ND0228,N,83,76.57,3.43%,2,ND0228 - US 301 NB AT HYETTS CORNER,12585.1,2019-01-29 08:27:00-05,
2024-08-26 17:15:00-04,ND0228,N,85,76.71,3.81%,2,ND0228 - US 301 NB AT HYETTS CORNER,12585.1,2019-01-29 08:27:00-05,
2024-08-26 17:20:00-04,ND0228,N,92,77.93,3.66%,2,ND0228 - US 301 NB AT HYETTS CORNER,12585.1,2019-01-29 08:27:00-05,
2024-08-26 17:25:00-04,ND0228,N,79,75.54,3.54%,2,ND0228 - US 301 NB AT HYETTS CORNER,12585.1,2019-01-29 08:27:00-05,
2024-08-26 17:30:00-04,ND0228,N,83,76.57,3.20%,2,ND0228 - US 301 NB AT HYETTS CORNER,12585.1,2019-01-29 08:27:00-05,
2024-08-26 17:35:00-04,ND0228,N,72,76.40,3.27%,2,ND0228 - US 301 NB AT HYETTS CORNER,12585.1,2019-01-29 08:27:00-05,
2024-08-26 17:40:00-04,ND0228,N,81,78.55,3.53%,2,ND0228 - US 301 NB AT HYETTS CORNER,12585.1,2019-01-29 08:27:00-05,
2024-08-26 17:45:00-04,ND0228,N,55,75.68,2.16%,2,ND0228 - US 301 NB AT HYETTS CORNER,12585.1,2019-01-29 08:27:00-05,
2024-08-26 17:50:00-04,ND0228,N,76,78.00,2.94%,2,ND0228 - US 301 NB AT HYETTS CORNER,12585.1,2019-01-29 08:27:00-05,
2024-08-26 17:55:00-04,ND0228,N,67,76.11,2.50%,2,ND0228 - US 301 NB AT HYETTS CORNER,12585.1,2019-01-29 08:27:00-05,
2024-08-26 18:00:00-04,ND0228,N,80,77.07,3.50%,2,ND0228 - US 301 NB AT HYETTS CORNER,12585.1,2019-01-29 08:27:00-05,
2024-08-26 18:05:00-04,ND0228,N,55,75.23,2.51%,2,ND0228 - US 301 NB AT HYETTS CORNER,12585.1,2019-01-29 08:27:00-05,
2024-08-26 18:10:00-04,ND0228,N,65,77.72,2.66%,2,ND0228 - US 301 NB AT HYETTS CORNER,12585.1,2019-01-29 08:27:00-05,
2024-08-26 18:15:00-04,ND0228,N,66,77.39,2.47%,2,ND0228 - US 301 NB AT HYETTS CORNER,12585.1,2019-01-29 08:27:00-05,
2024-08-26 18:20:00-04,ND0228,N,52,76.66,2.17%,2,ND0228 - US 301 NB AT HYETTS CORNER,12585.1,2019-01-29 08:27:00-05,
2024-08-26 18:25:00-04,ND0228,N,72,76.61,2.72%,2,ND0228 - US 301 NB AT HYETTS CORNER,12585.1,2019-01-29 08:27:00-05,
2024-08-26 18:30:00-04,ND0228,N,75,77.27,3.24%,2,ND0228 - US 301 NB AT HYETTS CORNER,12585.1,2019-01-29 08:27:00-05,
2024-08-26 18:35:00-04,ND0228,N,56,78.66,1.99%,2,ND0228 - US 301 NB AT HYETTS CORNER,12585.1,2019-01-29 08:27:00-05,
2024-08-26 18:40:00-04,ND0228,N,61,79.91,2.25%,2,ND0228 - US 301 NB AT HYETTS CORNER,12585.1,2019-01-29 08:27:00-05,
2024-08-26 18:45:00-04,ND0228,N,44,78.16,1.84%,2,ND0228 - US 301 NB AT HYETTS CORNER,12585.1,2019-01-29 08:27:00-05,
2024-08-26 18:50:00-04,ND0228,N,63,76.19,2.64%,2,ND0228 - US 301 NB AT HYETTS CORNER,12585.1,2019-01-29 08:27:00-05,
2024-08-26 18:55:00-04,ND0228,N,35,76.21,1.70%,2,ND0228 - US 301 NB AT HYETTS CORNER,12585.1,2019-01-29 08:27:00-05,
2024-08-26 19:00:00-04,ND0228,N,54,76.66,2.24%,2,ND0228 - US 301 NB AT HYETTS CORNER,12585.1,2019-01-29 08:27:00-05,
2024-08-26 19:05:00-04,ND0228,N,41,73.08,1.85%,2,ND0228 - US 301 NB AT HYETTS CORNER,12585.1,2019-01-29 08:27:00-05,
2024-08-26 19:10:00-04,ND0228,N,45,76.36,2.12%,2,ND0228 - US 301 NB AT HYETTS CORNER,12585.1,2019-01-29 08:27:00-05,
2024-08-26 19:15:00-04,ND0228,N,61,77.56,2.49%,2,ND0228 - US 301 NB AT HYETTS CORNER,12585.1,2019-01-29 08:27:00-05,
2024-08-26 19:20:00-04,ND0228,N,41,75.37,1.93%,2,ND0228 - US 301 NB AT HYETTS CORNER,12585.1,2019-01-29 08:27:00-05,
2024-08-26 19:25:00-04,ND0228,N,43,76.04,2.02%,2,ND0228 - US 301 NB AT HYETTS CORNER,12585.1,2019-01-29 08:27:00-05,
2024-08-26 19:30:00-04,ND0228,N,49,76.19,2.72%,2,ND0228 - US 301 NB AT HYETTS CORNER,12585.1,2019-01-29 08:27:00-05,
2024-08-26 19:35:00-04,ND0228,N,49,75.87,2.98%,2,ND0228 - US 301 NB AT HYETTS CORNER,12585.1,2019-01-29 08:27:00-05,
2024-08-26 19:40:00-04,ND0228,N,25,80.63,1.24%,2,ND0228 - US 301 NB AT HYETTS CORNER,12585.1,2019-01-29 08:27:00-05,
2024-08-26 19:45:00-04,ND0228,N,31,76.19,1.33%,2,ND0228 - US 301 NB AT HYETTS CORNER,12585.1,2019-01-29 08:27:00-05,
2024-08-26 19:50:00-04,ND0228,N,28,75.85,1.68%,2,ND0228 - US 301 NB AT HYETTS CORNER,12585.1,2019-01-29 08:27:00-05,
2024-08-26 19:55:00-04,ND0228,N,36,72.18,1.74%,2,ND0228 - US 301 NB AT HYETTS CORNER,12585.1,2019-01-29 08:27:00-05,
2024-08-26 20:00:00-04,ND0228,N,27,76.11,1.19%,2,ND0228 - US 301 NB AT HYETTS CORNER,12585.1,2019-01-29 08:27:00-05,
2024-08-26 20:05:00-04,ND0228,N,27,71.56,1.22%,2,ND0228 - US 301 NB AT HYETTS CORNER,12585.1,2019-01-29 08:27:00-05,
2024-08-26 20:10:00-04,ND0228,N,23,74.06,1.05%,2,ND0228 - US 301 NB AT HYETTS CORNER,12585.1,2019-01-29 08:27:00-05,
2024-08-26 20:15:00-04,ND0228,N,22,69.19,1.53%,2,ND0228 - US 301 NB AT HYETTS CORNER,12585.1,2019-01-29 08:27:00-05,
2024-08-26 20:20:00-04,ND0228,N,21,71.28,1.14%,2,ND0228 - US 301 NB AT HYETTS CORNER,12585.1,2019-01-29 08:27:00-05,
2024-08-26 20:25:00-04,ND0228,N,33,73.28,1.65%,2,ND0228 - US 301 NB AT HYETTS CORNER,12585.1,2019-01-29 08:27:00-05,
2024-08-26 20:30:00-04,ND0228,N,23,73.35,1.46%,2,ND0228 - US 301 NB AT HYETTS CORNER,12585.1,2019-01-29 08:27:00-05,
2024-08-26 20:35:00-04,ND0228,N,20,69.10,1.33%,2,ND0228 - US 301 NB AT HYETTS CORNER,12585.1,2019-01-29 08:27:00-05,
2024-08-26 20:40:00-04,ND0228,N,20,71.24,0.91%,2,ND0228 - US 301 NB AT HYETTS CORNER,12585.1,2019-01-29 08:27:00-05,
2024-08-26 20:45:00-04,ND0228,N,22,71.50,1.29%,2,ND0228 - US 301 NB AT HYETTS CORNER,12585.1,2019-01-29 08:27:00-05,
2024-08-26 20:50:00-04,ND0228,N,21,73.45,1.37%,2,ND0228 - US 301 NB AT HYETTS CORNER,12585.1,2019-01-29 08:27:00-05,
2024-08-26 20:55:00-04,ND0228,N,16,72.62,0.82%,2,ND0228 - US 301 NB AT HYETTS CORNER,12585.1,2019-01-29 08:27:00-05,
2024-08-26 21:00:00-04,ND0228,N,30,71.61,1.57%,2,ND0228 - US 301 NB AT HYETTS CORNER,12585.1,2019-01-29 08:27:00-05,
2024-08-26 21:05:00-04,ND0228,N,14,73.12,0.55%,2,ND0228 - US 301 NB AT HYETTS CORNER,12585.1,2019-01-29 08:27:00-05,
2024-08-26 21:10:00-04,ND0228,N,14,71.98,0.96%,2,ND0228 - US 301 NB AT HYETTS CORNER,12585.1,2019-01-29 08:27:00-05,
2024-08-26 21:15:00-04,ND0228,N,16,74.15,0.59%,2,ND0228 - US 301 NB AT HYETTS CORNER,12585.1,2019-01-29 08:27:00-05,
2024-08-26 21:20:00-04,ND0228,N,19,70.43,1.31%,2,ND0228 - US 301 NB AT HYETTS CORNER,12585.1,2019-01-29 08:27:00-05,
2024-08-26 21:25:00-04,ND0228,N,10,78.11,0.65%,2,ND0228 - US 301 NB AT HYETTS CORNER,12585.1,2019-01-29 08:27:00-05,
2024-08-26 21:30:00-04,ND0228,N,13,73.31,0.59%,2,ND0228 - US 301 NB AT HYETTS CORNER,12585.1,2019-01-29 08:27:00-05,
2024-08-26 21:35:00-04,ND0228,N,12,71.89,0.66%,2,ND0228 - US 301 NB AT HYETTS CORNER,12585.1,2019-01-29 08:27:00-05,
2024-08-26 21:40:00-04,ND0228,N,11,69.83,0.72%,2,ND0228 - US 301 NB AT HYETTS CORNER,12585.1,2019-01-29 08:27:00-05,
2024-08-26 21:45:00-04,ND0228,N,10,73.44,0.63%,2,ND0228 - US 301 NB AT HYETTS CORNER,12585.1,2019-01-29 08:27:00-05,
2024-08-26 21:50:00-04,ND0228,N,23,75.01,1.27%,2,ND0228 - US 301 NB AT HYETTS CORNER,12585.1,2019-01-29 08:27:00-05,
2024-08-26 21:55:00-04,ND0228,N,14,71.34,0.99%,2,ND0228 - US 301 NB AT HYETTS CORNER,12585.1,2019-01-29 08:27:00-05,
2024-08-26 22:00:00-04,ND0228,N,13,70.79,0.81%,2,ND0228 - US 301 NB AT HYETTS CORNER,12585.1,2019-01-29 08:27:00-05,
2024-08-26 22:05:00-04,ND0228,N,10,74.54,0.70%,2,ND0228 - US 301 NB AT HYETTS CORNER,12585.1,2019-01-29 08:27:00-05,
2024-08-26 22:10:00-04,ND0228,N,10,71.54,0.55%,2,ND0228 - US 301 NB AT HYETTS CORNER,12585.1,2019-01-29 08:27:00-05,
2024-08-26 22:15:00-04,ND0228,N,9,71.08,0.59%,2,ND0228 - US 301 NB AT HYETTS CORNER,12585.1,2019-01-29 08:27:00-05,
2024-08-26 22:20:00-04,ND0228,N,7,71.51,0.70%,2,ND0228 - US 301 NB AT HYETTS CORNER,12585.1,2019-01-29 08:27:00-05,
2024-08-26 22:25:00-04,ND0228,N,12,71.58,0.69%,2,ND0228 - US 301 NB AT HYETTS CORNER,12585.1,2019-01-29 08:27:00-05,
2024-08-26 22:30:00-04,ND0228,N,12,71.13,0.99%,2,ND0228 - US 301 NB AT HYETTS CORNER,12585.1,2019-01-29 08:27:00-05,
2024-08-26 22:35:00-04,ND0228,N,7,70.91,0.33%,2,ND0228 - US 301 NB AT HYETTS CORNER,12585.1,2019-01-29 08:27:00-05,
2024-08-26 22:40:00-04,ND0228,N,10,73.58,0.67%,2,ND0228 - US 301 NB AT HYETTS CORNER,12585.1,2019-01-29 08:27:00-05,
2024-08-26 22:45:00-04,ND0228,N,8,71.32,0.53%,2,ND0228 - US 301 NB AT HYETTS CORNER,12585.1,2019-01-29 08:27:00-05,
2024-08-26 22:50:00-04,ND0228,N,10,73.97,0.74%,2,ND0228 - US 301 NB AT HYETTS CORNER,12585.1,2019-01-29 08:27:00-05,
2024-08-26 22:55:00-04,ND0228,N,7,70.83,0.46%,2,ND0228 - US 301 NB AT HYETTS CORNER,12585.1,2019-01-29 08:27:00-05,
2024-08-26 23:00:00-04,ND0228,N,8,73.06,0.51%,2,ND0228 - US 301 NB AT HYETTS CORNER,12585.1,2019-01-29 08:27:00-05,
2024-08-26 23:05:00-04,ND0228,N,6,71.14,0.43%,2,ND0228 - US 301 NB AT HYETTS CORNER,12585.1,2019-01-29 08:27:00-05,
2024-08-26 23:10:00-04,ND0228,N,10,69.42,0.87%,2,ND0228 - US 301 NB AT HYETTS CORNER,12585.1,2019-01-29 08:27:00-05,
2024-08-26 23:15:00-04,ND0228,N,7,71.62,0.38%,2,ND0228 - US 301 NB AT HYETTS CORNER,12585.1,2019-01-29 08:27:00-05,
2024-08-26 23:20:00-04,ND0228,N,5,73.66,0.36%,2,ND0228 - US 301 NB AT HYETTS CORNER,12585.1,2019-01-29 08:27:00-05,
2024-08-26 23:25:00-04,ND0228,N,4,72.75,0.45%,2,ND0228 - US 301 NB AT HYETTS CORNER,12585.1,2019-01-29 08:27:00-05,
2024-08-26 23:30:00-04,ND0228,N,4,65.41,0.95%,1,ND0228 - US 301 NB AT HYETTS CORNER,12585.1,2019-01-29 08:27:00-05,
2024-08-26 23:35:00-04,ND0228,N,9,71.27,0.78%,2,ND0228 - US 301 NB AT HYETTS CORNER,12585.1,2019-01-29 08:27:00-05,
2024-08-26 23:40:00-04,ND0228,N,12,72.55,1.13%,2,ND0228 - US 301 NB AT HYETTS CORNER,12585.1,2019-01-29 08:27:00-05,
2024-08-26 23:45:00-04,ND0228,N,6,70.34,0.50%,2,ND0228 - US 301 NB AT HYETTS CORNER,12585.1,2019-01-29 08:27:00-05,
2024-08-26 23:50:00-04,ND0228,N,7,76.81,0.69%,2,ND0228 - US 301 NB AT HYETTS CORNER,12585.1,2019-01-29 08:27:00-05,
2024-08-26 23:55:00-04,ND0228,N,8,71.67,1.22%,1,ND0228 - US 301 NB AT HYETTS CORNER,12585.1,2019-01-29 08:27:00-05,
2024-08-27 00:00:00-04,ND0228,N,6,66.78,0.75%,2,ND0228 - US 301 NB AT HYETTS CORNER,12585.1,2019-01-29 08:27:00-05,
2024-08-27 00:05:00-04,ND0228,N,5,69.97,0.42%,2,ND0228 - US 301 NB AT HYETTS CORNER,12585.1,2019-01-29 08:27:00-05,
2024-08-27 00:10:00-04,ND0228,N,1,62.83,0.09%,1,ND0228 - US 301 NB AT HYETTS CORNER,12585.1,2019-01-29 08:27:00-05,
2024-08-27 00:15:00-04,ND0228,N,5,64.78,0.60%,2,ND0228 - US 301 NB AT HYETTS CORNER,12585.1,2019-01-29 08:27:00-05,
2024-08-27 00:20:00-04,ND0228,N,5,68.93,0.67%,1,ND0228 - US 301 NB AT HYETTS CORNER,12585.1,2019-01-29 08:27:00-05,
2024-08-27 00:25:00-04,ND0228,N,3,70.98,0.22%,2,ND0228 - US 301 NB AT HYETTS CORNER,12585.1,2019-01-29 08:27:00-05,
2024-08-27 00:30:00-04,ND0228,N,6,68.23,0.35%,2,ND0228 - US 301 NB AT HYETTS CORNER,12585.1,2019-01-29 08:27:00-05,
2024-08-27 00:35:00-04,ND0228,N,4,68.87,0.70%,1,ND0228 - US 301 NB AT HYETTS CORNER,12585.1,2019-01-29 08:27:00-05,
2024-08-27 00:40:00-04,ND0228,N,7,67.37,0.67%,2,ND0228 - US 301 NB AT HYETTS CORNER,12585.1,2019-01-29 08:27:00-05,
2024-08-27 00:45:00-04,ND0228,N,4,67.67,0.37%,2,ND0228 - US 301 NB AT HYETTS CORNER,12585.1,2019-01-29 08:27:00-05,
2024-08-27 00:50:00-04,ND0228,N,8,68.26,0.60%,2,ND0228 - US 301 NB AT HYETTS CORNER,12585.1,2019-01-29 08:27:00-05,
2024-08-27 00:55:00-04,ND0228,N,2,72.11,0.18%,2,ND0228 - US 301 NB AT HYETTS CORNER,12585.1,2019-01-29 08:27:00-05,
2024-08-27 01:00:00-04,ND0228,N,7,68.80,0.45%,2,ND0228 - US 301 NB AT HYETTS CORNER,12585.1,2019-01-29 08:27:00-05,
2024-08-27 01:05:00-04,ND0228,N,1,65.92,0.07%,1,ND0228 - US 301 NB AT HYETTS CORNER,12585.1,2019-01-29 08:27:00-05,
2024-08-27 01:10:00-04,ND0228,N,4,68.32,0.34%,2,ND0228 - US 301 NB AT HYETTS CORNER,12585.1,2019-01-29 08:27:00-05,
2024-08-27 01:15:00-04,ND0228,N,3,67.65,0.60%,1,ND0228 - US 301 NB AT HYETTS CORNER,12585.1,2019-01-29 08:27:00-05,
2024-08-27 01:20:00-04,ND0228,N,3,70.52,0.24%,2,ND0228 - US 301 NB AT HYETTS CORNER,12585.1,2019-01-29 08:27:00-05,
2024-08-27 01:25:00-04,ND0228,N,6,69.33,1.43%,1,ND0228 - US 301 NB AT HYETTS CORNER,12585.1,2019-01-29 08:27:00-05,
2024-08-27 01:30:00-04,ND0228,N,6,69.16,0.41%,2,ND0228 - US 301 NB AT HYETTS CORNER,12585.1,2019-01-29 08:27:00-05,
2024-08-27 01:35:00-04,ND0228,N,4,70.23,0.44%,2,ND0228 - US 301 NB AT HYETTS CORNER,12585.1,2019-01-29 08:27:00-05,
2024-08-27 01:40:00-04,ND0228,N,3,75.54,0.41%,1,ND0228 - US 301 NB AT HYETTS CORNER,12585.1,2019-01-29 08:27:00-05,
2024-08-27 01:45:00-04,ND0228,N,4,71.13,0.40%,2,ND0228 - US 301 NB AT HYETTS CORNER,12585.1,2019-01-29 08:27:00-05,
2024-08-27 01:50:00-04,ND0228,N,3,70.06,0.59%,1,ND0228 - US 301 NB AT HYETTS CORNER,12585.1,2019-01-29 08:27:00-05,
2024-08-27 01:55:00-04,ND0228,N,2,65.19,0.17%,1,ND0228 - US 301 NB AT HYETTS CORNER,12585.1,2019-01-29 08:27:00-05,
2024-08-27 02:00:00-04,ND0228,N,2,67.20,0.56%,1,ND0228 - US 301 NB AT HYETTS CORNER,12585.1,2019-01-29 08:27:00-05,
2024-08-27 02:10:00-04,ND0228,N,1,60.78,0.31%,1,ND0228 - US 301 NB AT HYETTS CORNER,12585.1,2019-01-29 08:27:00-05,
2024-08-27 02:15:00-04,ND0228,N,10,67.69,0.97%,2,ND0228 - US 301 NB AT HYETTS CORNER,12585.1,2019-01-29 08:27:00-05,
2024-08-27 02:20:00-04,ND0228,N,4,68.42,0.88%,1,ND0228 - US 301 NB AT HYETTS CORNER,12585.1,2019-01-29 08:27:00-05,
2024-08-27 02:25:00-04,ND0228,N,7,72.57,0.67%,2,ND0228 - US 301 NB AT HYETTS CORNER,12585.1,2019-01-29 08:27:00-05,
2024-08-27 02:30:00-04,ND0228,N,4,71.46,0.34%,2,ND0228 - US 301 NB AT HYETTS CORNER,12585.1,2019-01-29 08:27:00-05,
2024-08-27 02:35:00-04,ND0228,N,5,64.52,1.11%,1,ND0228 - US 301 NB AT HYETTS CORNER,12585.1,2019-01-29 08:27:00-05,
2024-08-27 02:40:00-04,ND0228,N,7,72.14,0.40%,2,ND0228 - US 301 NB AT HYETTS CORNER,12585.1,2019-01-29 08:27:00-05,
2024-08-27 02:45:00-04,ND0228,N,4,63.88,0.72%,1,ND0228 - US 301 NB AT HYETTS CORNER,12585.1,2019-01-29 08:27:00-05,
2024-08-27 02:50:00-04,ND0228,N,15,68.77,1.59%,2,ND0228 - US 301 NB AT HYETTS CORNER,12585.1,2019-01-29 08:27:00-05,
2024-08-27 02:55:00-04,ND0228,N,3,69.69,0.61%,1,ND0228 - US 301 NB AT HYETTS CORNER,12585.1,2019-01-29 08:27:00-05,
2024-08-27 03:00:00-04,ND0228,N,4,72.20,0.27%,2,ND0228 - US 301 NB AT HYETTS CORNER,12585.1,2019-01-29 08:27:00-05,
2024-08-27 03:05:00-04,ND0228,N,4,80.08,0.40%,2,ND0228 - US 301 NB AT HYETTS CORNER,12585.1,2019-01-29 08:27:00-05,
2024-08-27 03:10:00-04,ND0228,N,2,71.88,0.34%,1,ND0228 - US 301 NB AT HYETTS CORNER,12585.1,2019-01-29 08:27:00-05,
2024-08-27 03:15:00-04,ND0228,N,7,68.89,1.18%,1,ND0228 - US 301 NB AT HYETTS CORNER,12585.1,2019-01-29 08:27:00-05,
2024-08-27 03:20:00-04,ND0228,N,5,73.01,0.39%,2,ND0228 - US 301 NB AT HYETTS CORNER,12585.1,2019-01-29 08:27:00-05,
2024-08-27 03:25:00-04,ND0228,N,2,71.34,0.34%,1,ND0228 - US 301 NB AT HYETTS CORNER,12585.1,2019-01-29 08:27:00-05,
2024-08-27 03:30:00-04,ND0228,N,7,77.41,0.33%,2,ND0228 - US 301 NB AT HYETTS CORNER,12585.1,2019-01-29 08:27:00-05,
2024-08-27 03:35:00-04,ND0228,N,12,71.72,0.91%,2,ND0228 - US 301 NB AT HYETTS CORNER,12585.1,2019-01-29 08:27:00-05,
2024-08-27 03:40:00-04,ND0228,N,5,65.90,0.20%,2,ND0228 - US 301 NB AT HYETTS CORNER,12585.1,2019-01-29 08:27:00-05,
2024-08-27 03:45:00-04,ND0228,N,2,66.11,0.15%,1,ND0228 - US 301 NB AT HYETTS CORNER,12585.1,2019-01-29 08:27:00-05,
2024-08-27 03:50:00-04,ND0228,N,8,72.47,1.00%,1,ND0228 - US 301 NB AT HYETTS CORNER,12585.1,2019-01-29 08:27:00-05,
2024-08-27 03:55:00-04,ND0228,N,3,72.05,0.38%,1,ND0228 - US 301 NB AT HYETTS CORNER,12585.1,2019-01-29 08:27:00-05,
2024-08-27 04:00:00-04,ND0228,N,15,74.41,1.12%,2,ND0228 - US 301 NB AT HYETTS CORNER,12585.1,2019-01-29 08:27:00-05,
2024-08-27 04:05:00-04,ND0228,N,9,73.69,0.40%,2,ND0228 - US 301 NB AT HYETTS CORNER,12585.1,2019-01-29 08:27:00-05,
2024-08-27 04:10:00-04,ND0228,N,10,80.82,0.62%,2,ND0228 - US 301 NB AT HYETTS CORNER,12585.1,2019-01-29 08:27:00-05,
2024-08-27 04:15:00-04,ND0228,N,15,75.53,1.07%,2,ND0228 - US 301 NB AT HYETTS CORNER,12585.1,2019-01-29 08:27:00-05,
2024-08-27 04:20:00-04,ND0228,N,12,71.60,0.96%,2,ND0228 - US 301 NB AT HYETTS CORNER,12585.1,2019-01-29 08:27:00-05,
2024-08-27 04:25:00-04,ND0228,N,13,66.89,0.93%,2,ND0228 - US 301 NB AT HYETTS CORNER,12585.1,2019-01-29 08:27:00-05,
2024-08-27 04:30:00-04,ND0228,N,19,76.03,1.47%,2,ND0228 - US 301 NB AT HYETTS CORNER,12585.1,2019-01-29 08:27:00-05,
2024-08-27 04:35:00-04,ND0228,N,13,72.81,0.63%,2,ND0228 - US 301 NB AT HYETTS CORNER,12585.1,2019-01-29 08:27:00-05,
2024-08-27 04:40:00-04,ND0228,N,11,78.01,0.58%,2,ND0228 - US 301 NB AT HYETTS CORNER,12585.1,2019-01-29 08:27:00-05,
2024-08-27 04:45:00-04,ND0228,N,14,71.18,0.53%,2,ND0228 - US 301 NB AT HYETTS CORNER,12585.1,2019-01-29 08:27:00-05,
2024-08-27 04:50:00-04,ND0228,N,13,75.48,0.85%,2,ND0228 - US 301 NB AT HYETTS CORNER,12585.1,2019-01-29 08:27:00-05,
2024-08-27 04:55:00-04,ND0228,N,13,74.78,1.01%,2,ND0228 - US 301 NB AT HYETTS CORNER,12585.1,2019-01-29 08:27:00-05,
2024-08-27 05:00:00-04,ND0228,N,16,75.14,0.81%,2,ND0228 - US 301 NB AT HYETTS CORNER,12585.1,2019-01-29 08:27:00-05,
2024-08-27 05:05:00-04,ND0228,N,11,74.78,0.39%,2,ND0228 - US 301 NB AT HYETTS CORNER,12585.1,2019-01-29 08:27:00-05,
2024-08-27 05:10:00-04,ND0228,N,14,76.76,0.53%,2,ND0228 - US 301 NB AT HYETTS CORNER,12585.1,2019-01-29 08:27:00-05,
2024-08-27 05:15:00-04,ND0228,N,28,74.06,1.40%,2,ND0228 - US 301 NB AT HYETTS CORNER,12585.1,2019-01-29 08:27:00-05,
2024-08-27 05:20:00-04,ND0228,N,24,73.41,1.03%,2,ND0228 - US 301 NB AT HYETTS CORNER,12585.1,2019-01-29 08:27:00-05,
2024-08-27 05:25:00-04,ND0228,N,37,75.56,1.91%,2,ND0228 - US 301 NB AT HYETTS CORNER,12585.1,2019-01-29 08:27:00-05,
2024-08-27 05:30:00-04,ND0228,N,33,74.98,1.44%,2,ND0228 - US 301 NB AT HYETTS CORNER,12585.1,2019-01-29 08:27:00-05,
2024-08-27 05:35:00-04,ND0228,N,13,74.38,0.66%,2,ND0228 - US 301 NB AT HYETTS CORNER,12585.1,2019-01-29 08:27:00-05,
2024-08-27 05:40:00-04,ND0228,N,31,74.78,1.45%,2,ND0228 - US 301 NB AT HYETTS CORNER,12585.1,2019-01-29 08:27:00-05,
2024-08-27 05:45:00-04,ND0228,N,47,74.57,2.16%,2,ND0228 - US 301 NB AT HYETTS CORNER,12585.1,2019-01-29 08:27:00-05,
2024-08-27 05:50:00-04,ND0228,N,38,77.36,1.51%,2,ND0228 - US 301 NB AT HYETTS CORNER,12585.1,2019-01-29 08:27:00-05,
2024-08-27 05:55:00-04,ND0228,N,41,75.71,1.80%,2,ND0228 - US 301 NB AT HYETTS CORNER,12585.1,2019-01-29 08:27:00-05,
2024-08-27 06:00:00-04,ND0228,N,45,77.33,2.06%,2,ND0228 - US 301 NB AT HYETTS CORNER,12585.1,2019-01-29 08:27:00-05,
2024-08-27 06:05:00-04,ND0228,N,42,72.69,2.24%,2,ND0228 - US 301 NB AT HYETTS CORNER,12585.1,2019-01-29 08:27:00-05,
2024-08-27 06:10:00-04,ND0228,N,50,75.90,2.42%,2,ND0228 - US 301 NB AT HYETTS CORNER,12585.1,2019-01-29 08:27:00-05,
2024-08-27 06:15:00-04,ND0228,N,50,76.89,2.10%,2,ND0228 - US 301 NB AT HYETTS CORNER,12585.1,2019-01-29 08:27:00-05,
2024-08-27 06:20:00-04,ND0228,N,61,76.68,2.55%,2,ND0228 - US 301 NB AT HYETTS CORNER,12585.1,2019-01-29 08:27:00-05,
2024-08-27 06:25:00-04,ND0228,N,77,74.19,3.53%,2,ND0228 - US 301 NB AT HYETTS CORNER,12585.1,2019-01-29 08:27:00-05,
2024-08-27 06:30:00-04,ND0228,N,96,75.93,3.97%,2,ND0228 - US 301 NB AT HYETTS CORNER,12585.1,2019-01-29 08:27:00-05,
2024-08-27 06:35:00-04,ND0228,N,62,74.81,2.61%,2,ND0228 - US 301 NB AT HYETTS CORNER,12585.1,2019-01-29 08:27:00-05,
2024-08-27 06:40:00-04,ND0228,N,87,77.00,3.41%,2,ND0228 - US 301 NB AT HYETTS CORNER,12585.1,2019-01-29 08:27:00-05,
2024-08-27 06:45:00-04,ND0228,N,67,76.74,2.50%,2,ND0228 - US 301 NB AT HYETTS CORNER,12585.1,2019-01-29 08:27:00-05,
2024-08-27 06:50:00-04,ND0228,N,86,78.45,3.46%,2,ND0228 - US 301 NB AT HYETTS CORNER,12585.1,2019-01-29 08:27:00-05,
2024-08-27 06:55:00-04,ND0228,N,69,75.82,2.69%,2,ND0228 - US 301 NB AT HYETTS CORNER,12585.1,2019-01-29 08:27:00-05,
2024-08-27 07:00:00-04,ND0228,N,67,78.03,2.58%,2,ND0228 - US 301 NB AT HYETTS CORNER,12585.1,2019-01-29 08:27:00-05,
2024-08-27 07:05:00-04,ND0228,N,67,75.07,2.78%,2,ND0228 - US 301 NB AT HYETTS CORNER,12585.1,2019-01-29 08:27:00-05,
2024-08-27 07:10:00-04,ND0228,N,72,75.10,3.34%,2,ND0228 - US 301 NB AT HYETTS CORNER,12585.1,2019-01-29 08:27:00-05,
2024-08-27 07:15:00-04,ND0228,N,99,76.44,4.03%,2,ND0228 - US 301 NB AT HYETTS CORNER,12585.1,2019-01-29 08:27:00-05,
2024-08-27 07:20:00-04,ND0228,N,100,76.76,3.71%,2,ND0228 - US 301 NB AT HYETTS CORNER,12585.1,2019-01-29 08:27:00-05,
2024-08-27 07:25:00-04,ND0228,N,93,75.56,3.71%,2,ND0228 - US 301 NB AT HYETTS CORNER,12585.1,2019-01-29 08:27:00-05,
2024-08-27 07:30:00-04,ND0228,N,98,75.66,4.27%,2,ND0228 - US 301 NB AT HYETTS CORNER,12585.1,2019-01-29 08:27:00-05,
2024-08-27 07:35:00-04,ND0228,N,93,75.60,3.65%,2,ND0228 - US 301 NB AT HYETTS CORNER,12585.1,2019-01-29 08:27:00-05,
2024-08-27 07:40:00-04,ND0228,N,103,73.87,4.28%,2,ND0228 - US 301 NB AT HYETTS CORNER,12585.1,2019-01-29 08:27:00-05,
2024-08-27 07:45:00-04,ND0228,N,95,74.01,4.16%,2,ND0228 - US 301 NB AT HYETTS CORNER,12585.1,2019-01-29 08:27:00-05,
2024-08-27 07:50:00-04,ND0228,N,82,75.86,3.46%,2,ND0228 - US 301 NB AT HYETTS CORNER,12585.1,2019-01-29 08:27:00-05,
2024-08-27 07:55:00-04,ND0228,N,79,76.15,3.39%,2,ND0228 - US 301 NB AT HYETTS CORNER,12585.1,2019-01-29 08:27:00-05,
2024-08-27 08:00:00-04,ND0228,N,88,76.06,3.44%,2,ND0228 - US 301 NB AT HYETTS CORNER,12585.1,2019-01-29 08:27:00-05,
2024-08-27 08:05:00-04,ND0228,N,76,76.29,3.17%,2,ND0228 - US 301 NB AT HYETTS CORNER,12585.1,2019-01-29 08:27:00-05,
2024-08-27 08:10:00-04,ND0228,N,66,76.35,2.53%,2,ND0228 - US 301 NB AT HYETTS CORNER,12585.1,2019-01-29 08:27:00-05,
2024-08-27 08:15:00-04,ND0228,N,66,75.67,3.13%,2,ND0228 - US 301 NB AT HYETTS CORNER,12585.1,2019-01-29 08:27:00-05,
2024-08-27 08:20:00-04,ND0228,N,77,76.49,3.09%,2,ND0228 - US 301 NB AT HYETTS CORNER,12585.1,2019-01-29 08:27:00-05,
2024-08-27 08:25:00-04,ND0228,N,72,76.05,2.64%,2,ND0228 - US 301 NB AT HYETTS CORNER,12585.1,2019-01-29 08:27:00-05,
2024-08-27 08:30:00-04,ND0228,N,67,77.11,2.94%,2,ND0228 - US 301 NB AT HYETTS CORNER,12585.1,2019-01-29 08:27:00-05,
2024-08-27 08:35:00-04,ND0228,N,67,75.26,2.89%,2,ND0228 - US 301 NB AT HYETTS CORNER,12585.1,2019-01-29 08:27:00-05,
2024-08-27 08:40:00-04,ND0228,N,75,75.76,3.13%,2,ND0228 - US 301 NB AT HYETTS CORNER,12585.1,2019-01-29 08:27:00-05,
2024-08-27 08:45:00-04,ND0228,N,79,74.23,3.56%,2,ND0228 - US 301 NB AT HYETTS CORNER,12585.1,2019-01-29 08:27:00-05,
2024-08-27 08:50:00-04,ND0228,N,55,76.60,2.17%,2,ND0228 - US 301 NB AT HYETTS CORNER,12585.1,2019-01-29 08:27:00-05,
2024-08-27 08:55:00-04,ND0228,N,73,73.80,3.41%,2,ND0228 - US 301 NB AT HYETTS CORNER,12585.1,2019-01-29 08:27:00-05,
2024-08-27 09:00:00-04,ND0228,N,52,73.33,2.17%,2,ND0228 - US 301 NB AT HYETTS CORNER,12585.1,2019-01-29 08:27:00-05,
2024-08-27 09:05:00-04,ND0228,N,64,75.12,2.42%,2,ND0228 - US 301 NB AT HYETTS CORNER,12585.1,2019-01-29 08:27:00-05,
2024-08-27 09:10:00-04,ND0228,N,64,74.52,2.86%,2,ND0228 - US 301 NB AT HYETTS CORNER,12585.1,2019-01-29 08:27:00-05,
2024-08-27 09:15:00-04,ND0228,N,69,74.75,2.68%,2,ND0228 - US 301 NB AT HYETTS CORNER,12585.1,2019-01-29 08:27:00-05,
2024-08-27 09:20:00-04,ND0228,N,53,74.39,2.18%,2,ND0228 - US 301 NB AT HYETTS CORNER,12585.1,2019-01-29 08:27:00-05,
2024-08-27 09:25:00-04,ND0228,N,53,73.82,2.49%,2,ND0228 - US 301 NB AT HYETTS CORNER,12585.1,2019-01-29 08:27:00-05,
2024-08-27 09:30:00-04,ND0228,N,60,76.62,2.57%,2,ND0228 - US 301 NB AT HYETTS CORNER,12585.1,2019-01-29 08:27:00-05,
2024-08-27 09:35:00-04,ND0228,N,71,75.01,3.10%,2,ND0228 - US 301 NB AT HYETTS CORNER,12585.1,2019-01-29 08:27:00-05,
2024-08-27 09:40:00-04,ND0228,N,62,73.58,2.46%,2,ND0228 - US 301 NB AT HYETTS CORNER,12585.1,2019-01-29 08:27:00-05,
2024-08-27 09:45:00-04,ND0228,N,65,75.95,2.55%,2,ND0228 - US 301 NB AT HYETTS CORNER,12585.1,2019-01-29 08:27:00-05,
2024-08-27 09:50:00-04,ND0228,N,56,73.39,2.75%,2,ND0228 - US 301 NB AT HYETTS CORNER,12585.1,2019-01-29 08:27:00-05,
2024-08-27 09:55:00-04,ND0228,N,66,73.20,3.31%,2,ND0228 - US 301 NB AT HYETTS CORNER,12585.1,2019-01-29 08:27:00-05,
2024-08-27 10:00:00-04,ND0228,N,74,74.36,3.50%,2,ND0228 - US 301 NB AT HYETTS CORNER,12585.1,2019-01-29 08:27:00-05,
2024-08-27 10:05:00-04,ND0228,N,60,71.18,2.92%,2,ND0228 - US 301 NB AT HYETTS CORNER,12585.1,2019-01-29 08:27:00-05,
2024-08-27 10:10:00-04,ND0228,N,64,74.33,3.19%,2,ND0228 - US 301 NB AT HYETTS CORNER,12585.1,2019-01-29 08:27:00-05,
2024-08-27 10:15:00-04,ND0228,N,55,74.22,2.34%,2,ND0228 - US 301 NB AT HYETTS CORNER,12585.1,2019-01-29 08:27:00-05,
2024-08-27 10:20:00-04,ND0228,N,59,73.78,2.96%,2,ND0228 - US 301 NB AT HYETTS CORNER,12585.1,2019-01-29 08:27:00-05,
2024-08-27 10:25:00-04,ND0228,N,44,73.02,1.92%,2,ND0228 - US 301 NB AT HYETTS CORNER,12585.1,2019-01-29 08:27:00-05,
2024-08-27 10:30:00-04,ND0228,N,55,74.52,2.68%,2,ND0228 - US 301 NB AT HYETTS CORNER,12585.1,2019-01-29 08:27:00-05,
2024-08-27 10:35:00-04,ND0228,N,68,75.57,3.03%,2,ND0228 - US 301 NB AT HYETTS CORNER,12585.1,2019-01-29 08:27:00-05,
2024-08-27 10:40:00-04,ND0228,N,56,73.37,2.75%,2,ND0228 - US 301 NB AT HYETTS CORNER,12585.1,2019-01-29 08:27:00-05,
2024-08-27 10:45:00-04,ND0228,N,55,74.32,2.56%,2,ND0228 - US 301 NB AT HYETTS CORNER,12585.1,2019-01-29 08:27:00-05,
2024-08-27 10:50:00-04,ND0228,N,61,74.77,2.66%,2,ND0228 - US 301 NB AT HYETTS CORNER,12585.1,2019-01-29 08:27:00-05,
2024-08-27 10:55:00-04,ND0228,N,64,72.53,3.30%,2,ND0228 - US 301 NB AT HYETTS CORNER,12585.1,2019-01-29 08:27:00-05,
2024-08-27 11:00:00-04,ND0228,N,55,74.78,2.17%,2,ND0228 - US 301 NB AT HYETTS CORNER,12585.1,2019-01-29 08:27:00-05,
2024-08-27 11:05:00-04,ND0228,N,52,74.95,2.44%,2,ND0228 - US 301 NB AT HYETTS CORNER,12585.1,2019-01-29 08:27:00-05,
2024-08-27 11:10:00-04,ND0228,N,76,72.48,3.50%,2,ND0228 - US 301 NB AT HYETTS CORNER,12585.1,2019-01-29 08:27:00-05,
2024-08-27 11:15:00-04,ND0228,N,54,74.29,2.75%,2,ND0228 - US 301 NB AT HYETTS CORNER,12585.1,2019-01-29 08:27:00-05,
2024-08-27 11:20:00-04,ND0228,N,85,75.13,3.45%,2,ND0228 - US 301 NB AT HYETTS CORNER,12585.1,2019-01-29 08:27:00-05,
2024-08-27 11:25:00-04,ND0228,N,65,73.20,3.35%,2,ND0228 - US 301 NB AT HYETTS CORNER,12585.1,2019-01-29 08:27:00-05,
2024-08-27 11:30:00-04,ND0228,N,69,74.23,3.08%,2,ND0228 - US 301 NB AT HYETTS CORNER,12585.1,2019-01-29 08:27:00-05,
2024-08-27 11:35:00-04,ND0228,N,76,73.38,3.41%,2,ND0228 - US 301 NB AT HYETTS CORNER,12585.1,2019-01-29 08:27:00-05,
2024-08-27 11:40:00-04,ND0228,N,70,75.20,3.17%,2,ND0228 - US 301 NB AT HYETTS CORNER,12585.1,2019-01-29 08:27:00-05,
2024-08-27 11:45:00-04,ND0228,N,65,74.29,3.03%,2,ND0228 - US 301 NB AT HYETTS CORNER,12585.1,2019-01-29 08:27:00-05,
2024-08-27 11:50:00-04,ND0228,N,66,74.55,3.24%,2,ND0228 - US 301 NB AT HYETTS CORNER,12585.1,2019-01-29 08:27:00-05,
2024-08-27 11:55:00-04,ND0228,N,57,73.29,2.42%,2,ND0228 - US 301 NB AT HYETTS CORNER,12585.1,2019-01-29 08:27:00-05,
2024-08-27 12:00:00-04,ND0228,N,75,74.89,3.32%,2,ND0228 - US 301 NB AT HYETTS CORNER,12585.1,2019-01-29 08:27:00-05,
2024-08-27 12:05:00-04,ND0228,N,72,74.45,3.64%,2,ND0228 - US 301 NB AT HYETTS CORNER,12585.1,2019-01-29 08:27:00-05,
2024-08-27 12:10:00-04,ND0228,N,64,73.91,3.41%,2,ND0228 - US 301 NB AT HYETTS CORNER,12585.1,2019-01-29 08:27:00-05,
2024-08-27 12:15:00-04,ND0228,N,64,75.04,2.84%,2,ND0228 - US 301 NB AT HYETTS CORNER,12585.1,2019-01-29 08:27:00-05,
2024-08-27 12:20:00-04,ND0228,N,60,74.51,2.83%,2,ND0228 - US 301 NB AT HYETTS CORNER,12585.1,2019-01-29 08:27:00-05,
2024-08-27 12:25:00-04,ND0228,N,62,75.87,2.76%,2,ND0228 - US 301 NB AT HYETTS CORNER,12585.1,2019-01-29 08:27:00-05,
2024-08-27 12:30:00-04,ND0228,N,63,74.09,3.03%,2,ND0228 - US 301 NB AT HYETTS CORNER,12585.1,2019-01-29 08:27:00-05,
2024-08-27 12:35:00-04,ND0228,N,54,76.30,2.33%,2,ND0228 - US 301 NB AT HYETTS CORNER,12585.1,2019-01-29 08:27:00-05,
2024-08-27 12:40:00-04,ND0228,N,49,73.95,2.24%,2,ND0228 - US 301 NB AT HYETTS CORNER,12585.1,2019-01-29 08:27:00-05,
2024-08-27 12:45:00-04,ND0228,N,57,73.65,2.44%,2,ND0228 - US 301 NB AT HYETTS CORNER,12585.1,2019-01-29 08:27:00-05,
2024-08-27 12:50:00-04,ND0228,N,54,74.93,2.59%,2,ND0228 - US 301 NB AT HYETTS CORNER,12585.1,2019-01-29 08:27:00-05,
2024-08-27 12:55:00-04,ND0228,N,52,73.64,2.38%,2,ND0228 - US 301 NB AT HYETTS CORNER,12585.1,2019-01-29 08:27:00-05,
2024-08-27 13:00:00-04,ND0228,N,46,72.36,2.44%,2,ND0228 - US 301 NB AT HYETTS CORNER,12585.1,2019-01-29 08:27:00-05,
2024-08-27 13:05:00-04,ND0228,N,66,73.21,3.57%,2,ND0228 - US 301 NB AT HYETTS CORNER,12585.1,2019-01-29 08:27:00-05,
2024-08-27 13:10:00-04,ND0228,N,61,72.97,2.91%,2,ND0228 - US 301 NB AT HYETTS CORNER,12585.1,2019-01-29 08:27:00-05,
2024-08-27 13:15:00-04,ND0228,N,63,72.45,2.96%,2,ND0228 - US 301 NB AT HYETTS CORNER,12585.1,2019-01-29 08:27:00-05,
2024-08-27 13:20:00-04,ND0228,N,54,73.52,2.35%,2,ND0228 - US 301 NB AT HYETTS CORNER,12585.1,2019-01-29 08:27:00-05,
2024-08-27 13:25:00-04,ND0228,N,60,74.11,2.46%,2,ND0228 - US 301 NB AT HYETTS CORNER,12585.1,2019-01-29 08:27:00-05,
2024-08-27 13:30:00-04,ND0228,N,51,72.76,2.35%,2,ND0228 - US 301 NB AT HYETTS CORNER,12585.1,2019-01-29 08:27:00-05,
2024-08-27 13:35:00-04,ND0228,N,48,75.26,2.24%,2,ND0228 - US 301 NB AT HYETTS CORNER,12585.1,2019-01-29 08:27:00-05,
2024-08-27 13:40:00-04,ND0228,N,53,75.27,2.23%,2,ND0228 - US 301 NB AT HYETTS CORNER,12585.1,2019-01-29 08:27:00-05,
2024-08-27 13:45:00-04,ND0228,N,57,72.04,2.44%,2,ND0228 - US 301 NB AT HYETTS CORNER,12585.1,2019-01-29 08:27:00-05,
2024-08-27 13:50:00-04,ND0228,N,57,75.14,2.68%,2,ND0228 - US 301 NB AT HYETTS CORNER,12585.1,2019-01-29 08:27:00-05,
2024-08-27 13:55:00-04,ND0228,N,40,73.83,2.28%,2,ND0228 - US 301 NB AT HYETTS CORNER,12585.1,2019-01-29 08:27:00-05,
2024-08-27 14:00:00-04,ND0228,N,43,75.16,1.80%,2,ND0228 - US 301 NB AT HYETTS CORNER,12585.1,2019-01-29 08:27:00-05,
2024-08-27 14:05:00-04,ND0228,N,48,74.58,2.39%,2,ND0228 - US 301 NB AT HYETTS CORNER,12585.1,2019-01-29 08:27:00-05,
2024-08-27 14:10:00-04,ND0228,N,48,71.79,2.71%,2,ND0228 - US 301 NB AT HYETTS CORNER,12585.1,2019-01-29 08:27:00-05,
2024-08-27 14:15:00-04,ND0228,N,59,72.72,3.19%,2,ND0228 - US 301 NB AT HYETTS CORNER,12585.1,2019-01-29 08:27:00-05,
2024-08-27 14:20:00-04,ND0228,N,50,74.74,2.15%,2,ND0228 - US 301 NB AT HYETTS CORNER,12585.1,2019-01-29 08:27:00-05,
2024-08-27 14:25:00-04,ND0228,N,57,75.64,2.76%,2,ND0228 - US 301 NB AT HYETTS CORNER,12585.1,2019-01-29 08:27:00-05,
2024-08-27 14:30:00-04,ND0228,N,46,74.64,2.33%,2,ND0228 - US 301 NB AT HYETTS CORNER,12585.1,2019-01-29 08:27:00-05,
2024-08-27 14:35:00-04,ND0228,N,64,75.28,3.21%,2,ND0228 - US 301 NB AT HYETTS CORNER,12585.1,2019-01-29 08:27:00-05,
2024-08-27 14:40:00-04,ND0228,N,53,76.98,2.26%,2,ND0228 - US 301 NB AT HYETTS CORNER,12585.1,2019-01-29 08:27:00-05,
2024-08-27 14:45:00-04,ND0228,N,42,71.89,2.43%,2,ND0228 - US 301 NB AT HYETTS CORNER,12585.1,2019-01-29 08:27:00-05,
2024-08-27 14:50:00-04,ND0228,N,47,74.12,2.00%,2,ND0228 - US 301 NB AT HYETTS CORNER,12585.1,2019-01-29 08:27:00-05,
2024-08-27 14:55:00-04,ND0228,N,59,76.01,2.56%,2,ND0228 - US 301 NB AT HYETTS CORNER,12585.1,2019-01-29 08:27:00-05,
2024-08-27 15:00:00-04,ND0228,N,68,76.46,2.98%,2,ND0228 - US 301 NB AT HYETTS CORNER,12585.1,2019-01-29 08:27:00-05,
2024-08-27 15:05:00-04,ND0228,N,59,74.45,2.83%,2,ND0228 - US 301 NB AT HYETTS CORNER,12585.1,2019-01-29 08:27:00-05,
2024-08-27 15:10:00-04,ND0228,N,78,75.86,3.58%,2,ND0228 - US 301 NB AT HYETTS CORNER,12585.1,2019-01-29 08:27:00-05,
2024-08-27 15:15:00-04,ND0228,N,77,74.56,3.72%,2,ND0228 - US 301 NB AT HYETTS CORNER,12585.1,2019-01-29 08:27:00-05,
2024-08-27 15:20:00-04,ND0228,N,59,77.12,2.44%,2,ND0228 - US 301 NB AT HYETTS CORNER,12585.1,2019-01-29 08:27:00-05,
2024-08-27 15:25:00-04,ND0228,N,59,73.12,3.10%,2,ND0228 - US 301 NB AT HYETTS CORNER,12585.1,2019-01-29 08:27:00-05,
2024-08-27 15:30:00-04,ND0228,N,64,75.68,2.73%,2,ND0228 - US 301 NB AT HYETTS CORNER,12585.1,2019-01-29 08:27:00-05,
2024-08-27 15:35:00-04,ND0228,N,59,75.97,2.67%,2,ND0228 - US 301 NB AT HYETTS CORNER,12585.1,2019-01-29 08:27:00-05,
2024-08-27 15:40:00-04,ND0228,N,70,75.12,2.71%,2,ND0228 - US 301 NB AT HYETTS CORNER,12585.1,2019-01-29 08:27:00-05,
2024-08-27 15:45:00-04,ND0228,N,71,74.65,3.01%,2,ND0228 - US 301 NB AT HYETTS CORNER,12585.1,2019-01-29 08:27:00-05,
2024-08-27 15:50:00-04,ND0228,N,62,75.54,2.70%,2,ND0228 - US 301 NB AT HYETTS CORNER,12585.1,2019-01-29 08:27:00-05,
2024-08-27 15:55:00-04,ND0228,N,54,74.82,2.29%,2,ND0228 - US 301 NB AT HYETTS CORNER,12585.1,2019-01-29 08:27:00-05,
2024-08-27 16:00:00-04,ND0228,N,73,76.03,2.98%,2,ND0228 - US 301 NB AT HYETTS CORNER,12585.1,2019-01-29 08:27:00-05,
2024-08-27 16:05:00-04,ND0228,N,61,77.80,2.28%,2,ND0228 - US 301 NB AT HYETTS CORNER,12585.1,2019-01-29 08:27:00-05,
2024-08-27 16:10:00-04,ND0228,N,67,77.29,2.80%,2,ND0228 - US 301 NB AT HYETTS CORNER,12585.1,2019-01-29 08:27:00-05,
2024-08-27 16:15:00-04,ND0228,N,75,76.65,3.16%,2,ND0228 - US 301 NB AT HYETTS CORNER,12585.1,2019-01-29 08:27:00-05,
2024-08-27 16:20:00-04,ND0228,N,84,76.14,3.39%,2,ND0228 - US 301 NB AT HYETTS CORNER,12585.1,2019-01-29 08:27:00-05,
2024-08-27 16:25:00-04,ND0228,N,89,74.83,3.87%,2,ND0228 - US 301 NB AT HYETTS CORNER,12585.1,2019-01-29 08:27:00-05,
2024-08-27 16:30:00-04,ND0228,N,71,75.97,3.14%,2,ND0228 - US 301 NB AT HYETTS CORNER,12585.1,2019-01-29 08:27:00-05,
2024-08-27 16:35:00-04,ND0228,N,93,76.59,4.31%,2,ND0228 - US 301 NB AT HYETTS CORNER,12585.1,2019-01-29 08:27:00-05,
2024-08-27 16:40:00-04,ND0228,N,72,76.27,3.48%,2,ND0228 - US 301 NB AT HYETTS CORNER,12585.1,2019-01-29 08:27:00-05,
2024-08-27 16:45:00-04,ND0228,N,77,74.51,3.33%,2,ND0228 - US 301 NB AT HYETTS CORNER,12585.1,2019-01-29 08:27:00-05,
2024-08-27 16:50:00-04,ND0228,N,73,75.36,3.76%,2,ND0228 - US 301 NB AT HYETTS CORNER,12585.1,2019-01-29 08:27:00-05,
2024-08-27 16:55:00-04,ND0228,N,55,77.30,2.29%,2,ND0228 - US 301 NB AT HYETTS CORNER,12585.1,2019-01-29 08:27:00-05,
2024-08-27 17:00:00-04,ND0228,N,83,75.65,3.43%,2,ND0228 - US 301 NB AT HYETTS CORNER,12585.1,2019-01-29 08:27:00-05,
2024-08-27 17:05:00-04,ND0228,N,76,77.88,2.92%,2,ND0228 - US 301 NB AT HYETTS CORNER,12585.1,2019-01-29 08:27:00-05,
2024-08-27 17:10:00-04,ND0228,N,73,74.49,3.16%,2,ND0228 - US 301 NB AT HYETTS CORNER,12585.1,2019-01-29 08:27:00-05,
2024-08-27 17:15:00-04,ND0228,N,78,78.13,3.26%,2,ND0228 - US 301 NB AT HYETTS CORNER,12585.1,2019-01-29 08:27:00-05,
2024-08-27 17:20:00-04,ND0228,N,77,75.82,2.93%,2,ND0228 - US 301 NB AT HYETTS CORNER,12585.1,2019-01-29 08:27:00-05,
2024-08-27 17:25:00-04,ND0228,N,69,76.82,3.06%,2,ND0228 - US 301 NB AT HYETTS CORNER,12585.1,2019-01-29 08:27:00-05,
2024-08-27 17:30:00-04,ND0228,N,70,77.17,2.81%,2,ND0228 - US 301 NB AT HYETTS CORNER,12585.1,2019-01-29 08:27:00-05,
2024-08-27 17:35:00-04,ND0228,N,84,76.49,3.63%,2,ND0228 - US 301 NB AT HYETTS CORNER,12585.1,2019-01-29 08:27:00-05,
2024-08-27 17:40:00-04,ND0228,N,71,76.76,2.73%,2,ND0228 - US 301 NB AT HYETTS CORNER,12585.1,2019-01-29 08:27:00-05,
2024-08-27 17:45:00-04,ND0228,N,76,74.15,3.37%,2,ND0228 - US 301 NB AT HYETTS CORNER,12585.1,2019-01-29 08:27:00-05,
2024-08-27 17:50:00-04,ND0228,N,68,75.93,2.83%,2,ND0228 - US 301 NB AT HYETTS CORNER,12585.1,2019-01-29 08:27:00-05,
2024-08-27 17:55:00-04,ND0228,N,82,76.99,3.30%,2,ND0228 - US 301 NB AT HYETTS CORNER,12585.1,2019-01-29 08:27:00-05,
2024-08-27 18:00:00-04,ND0228,N,68,76.94,2.73%,2,ND0228 - US 301 NB AT HYETTS CORNER,12585.1,2019-01-29 08:27:00-05,
2024-08-27 18:05:00-04,ND0228,N,69,75.17,3.01%,2,ND0228 - US 301 NB AT HYETTS CORNER,12585.1,2019-01-29 08:27:00-05,
2024-08-27 18:10:00-04,ND0228,N,61,75.79,2.65%,2,ND0228 - US 301 NB AT HYETTS CORNER,12585.1,2019-01-29 08:27:00-05,
2024-08-27 18:15:00-04,ND0228,N,56,74.79,2.29%,2,ND0228 - US 301 NB AT HYETTS CORNER,12585.1,2019-01-29 08:27:00-05,
2024-08-27 18:20:00-04,ND0228,N,66,77.83,2.59%,2,ND0228 - US 301 NB AT HYETTS CORNER,12585.1,2019-01-29 08:27:00-05,
2024-08-27 18:25:00-04,ND0228,N,59,77.85,2.66%,2,ND0228 - US 301 NB AT HYETTS CORNER,12585.1,2019-01-29 08:27:00-05,
2024-08-27 18:30:00-04,ND0228,N,66,76.31,2.54%,2,ND0228 - US 301 NB AT HYETTS CORNER,12585.1,2019-01-29 08:27:00-05,
2024-08-27 18:35:00-04,ND0228,N,53,76.93,2.05%,2,ND0228 - US 301 NB AT HYETTS CORNER,12585.1,2019-01-29 08:27:00-05,
2024-08-27 18:40:00-04,ND0228,N,67,75.87,2.98%,2,ND0228 - US 301 NB AT HYETTS CORNER,12585.1,2019-01-29 08:27:00-05,
2024-08-27 18:45:00-04,ND0228,N,51,76.64,2.34%,2,ND0228 - US 301 NB AT HYETTS CORNER,12585.1,2019-01-29 08:27:00-05,
2024-08-27 18:50:00-04,ND0228,N,52,77.35,2.31%,2,ND0228 - US 301 NB AT HYETTS CORNER,12585.1,2019-01-29 08:27:00-05,
2024-08-27 18:55:00-04,ND0228,N,33,76.48,1.60%,2,ND0228 - US 301 NB AT HYETTS CORNER,12585.1,2019-01-29 08:27:00-05,
2024-08-27 19:00:00-04,ND0228,N,41,74.46,1.66%,2,ND0228 - US 301 NB AT HYETTS CORNER,12585.1,2019-01-29 08:27:00-05,
2024-08-27 19:05:00-04,ND0228,N,37,76.99,1.78%,2,ND0228 - US 301 NB AT HYETTS CORNER,12585.1,2019-01-29 08:27:00-05,
2024-08-27 19:10:00-04,ND0228,N,51,74.19,2.25%,2,ND0228 - US 301 NB AT HYETTS CORNER,12585.1,2019-01-29 08:27:00-05,
2024-08-27 19:15:00-04,ND0228,N,38,75.73,1.76%,2,ND0228 - US 301 NB AT HYETTS CORNER,12585.1,2019-01-29 08:27:00-05,
2024-08-27 19:20:00-04,ND0228,N,43,75.79,2.11%,2,ND0228 - US 301 NB AT HYETTS CORNER,12585.1,2019-01-29 08:27:00-05,
2024-08-27 19:25:00-04,ND0228,N,37,73.92,1.78%,2,ND0228 - US 301 NB AT HYETTS CORNER,12585.1,2019-01-29 08:27:00-05,
2024-08-27 19:30:00-04,ND0228,N,41,75.20,2.29%,2,ND0228 - US 301 NB AT HYETTS CORNER,12585.1,2019-01-29 08:27:00-05,
2024-08-27 19:35:00-04,ND0228,N,37,75.50,1.68%,2,ND0228 - US 301 NB AT HYETTS CORNER,12585.1,2019-01-29 08:27:00-05,
2024-08-27 19:40:00-04,ND0228,N,26,75.88,1.33%,2,ND0228 - US 301 NB AT HYETTS CORNER,12585.1,2019-01-29 08:27:00-05,
2024-08-27 19:45:00-04,ND0228,N,43,73.56,2.12%,2,ND0228 - US 301 NB AT HYETTS CORNER,12585.1,2019-01-29 08:27:00-05,
2024-08-27 19:50:00-04,ND0228,N,23,74.75,1.35%,2,ND0228 - US 301 NB AT HYETTS CORNER,12585.1,2019-01-29 08:27:00-05,
2024-08-27 19:55:00-04,ND0228,N,31,77.59,1.40%,2,ND0228 - US 301 NB AT HYETTS CORNER,12585.1,2019-01-29 08:27:00-05,
2024-08-27 20:00:00-04,ND0228,N,28,73.21,1.23%,2,ND0228 - US 301 NB AT HYETTS CORNER,12585.1,2019-01-29 08:27:00-05,
2024-08-27 20:05:00-04,ND0228,N,32,69.76,1.41%,2,ND0228 - US 301 NB AT HYETTS CORNER,12585.1,2019-01-29 08:27:00-05,
2024-08-27 20:10:00-04,ND0228,N,17,75.37,0.79%,2,ND0228 - US 301 NB AT HYETTS CORNER,12585.1,2019-01-29 08:27:00-05,
2024-08-27 20:15:00-04,ND0228,N,29,72.94,1.71%,2,ND0228 - US 301 NB AT HYETTS CORNER,12585.1,2019-01-29 08:27:00-05,
2024-08-27 20:20:00-04,ND0228,N,23,73.41,1.87%,2,ND0228 - US 301 NB AT HYETTS CORNER,12585.1,2019-01-29 08:27:00-05,
2024-08-27 20:25:00-04,ND0228,N,24,71.93,1.49%,2,ND0228 - US 301 NB AT HYETTS CORNER,12585.1,2019-01-29 08:27:00-05,
2024-08-27 20:30:00-04,ND0228,N,24,70.29,1.59%,2,ND0228 - US 301 NB AT HYETTS CORNER,12585.1,2019-01-29 08:27:00-05,
2024-08-27 20:35:00-04,ND0228,N,18,68.83,1.01%,2,ND0228 - US 301 NB AT HYETTS CORNER,12585.1,2019-01-29 08:27:00-05,
2024-08-27 20:40:00-04,ND0228,N,26,72.30,1.69%,2,ND0228 - US 301 NB AT HYETTS CORNER,12585.1,2019-01-29 08:27:00-05,
2024-08-27 20:45:00-04,ND0228,N,14,71.46,0.75%,2,ND0228 - US 301 NB AT HYETTS CORNER,12585.1,2019-01-29 08:27:00-05,
2024-08-27 20:50:00-04,ND0228,N,26,72.57,1.22%,2,ND0228 - US 301 NB AT HYETTS CORNER,12585.1,2019-01-29 08:27:00-05,
2024-08-27 20:55:00-04,ND0228,N,23,72.65,1.62%,2,ND0228 - US 301 NB AT HYETTS CORNER,12585.1,2019-01-29 08:27:00-05,
2024-08-27 21:00:00-04,ND0228,N,24,77.18,1.21%,2,ND0228 - US 301 NB AT HYETTS CORNER,12585.1,2019-01-29 08:27:00-05,
2024-08-27 21:05:00-04,ND0228,N,19,73.21,1.01%,2,ND0228 - US 301 NB AT HYETTS CORNER,12585.1,2019-01-29 08:27:00-05,
2024-08-27 21:10:00-04,ND0228,N,23,75.74,1.56%,2,ND0228 - US 301 NB AT HYETTS CORNER,12585.1,2019-01-29 08:27:00-05,
2024-08-27 21:15:00-04,ND0228,N,17,70.12,1.60%,2,ND0228 - US 301 NB AT HYETTS CORNER,12585.1,2019-01-29 08:27:00-05,
2024-08-27 21:20:00-04,ND0228,N,24,74.70,1.45%,2,ND0228 - US 301 NB AT HYETTS CORNER,12585.1,2019-01-29 08:27:00-05,
2024-08-27 21:25:00-04,ND0228,N,19,68.19,1.29%,2,ND0228 - US 301 NB AT HYETTS CORNER,12585.1,2019-01-29 08:27:00-05,
2024-08-27 21:30:00-04,ND0228,N,9,72.10,0.81%,2,ND0228 - US 301 NB AT HYETTS CORNER,12585.1,2019-01-29 08:27:00-05,
2024-08-27 21:35:00-04,ND0228,N,9,71.20,0.65%,2,ND0228 - US 301 NB AT HYETTS CORNER,12585.1,2019-01-29 08:27:00-05,
2024-08-27 21:40:00-04,ND0228,N,6,70.59,0.45%,2,ND0228 - US 301 NB AT HYETTS CORNER,12585.1,2019-01-29 08:27:00-05,
2024-08-27 21:45:00-04,ND0228,N,16,67.26,1.36%,2,ND0228 - US 301 NB AT HYETTS CORNER,12585.1,2019-01-29 08:27:00-05,
2024-08-27 21:50:00-04,ND0228,N,17,68.96,1.20%,2,ND0228 - US 301 NB AT HYETTS CORNER,12585.1,2019-01-29 08:27:00-05,
2024-08-27 21:55:00-04,ND0228,N,20,71.00,1.32%,2,ND0228 - US 301 NB AT HYETTS CORNER,12585.1,2019-01-29 08:27:00-05,
2024-08-27 22:00:00-04,ND0228,N,15,72.39,1.05%,2,ND0228 - US 301 NB AT HYETTS CORNER,12585.1,2019-01-29 08:27:00-05,
2024-08-27 22:05:00-04,ND0228,N,10,69.30,0.70%,2,ND0228 - US 301 NB AT HYETTS CORNER,12585.1,2019-01-29 08:27:00-05,
2024-08-27 22:10:00-04,ND0228,N,19,68.46,1.83%,2,ND0228 - US 301 NB AT HYETTS CORNER,12585.1,2019-01-29 08:27:00-05,
2024-08-27 22:15:00-04,ND0228,N,21,69.51,1.71%,2,ND0228 - US 301 NB AT HYETTS CORNER,12585.1,2019-01-29 08:27:00-05,
2024-08-27 22:20:00-04,ND0228,N,14,70.87,1.19%,2,ND0228 - US 301 NB AT HYETTS CORNER,12585.1,2019-01-29 08:27:00-05,
2024-08-27 22:25:00-04,ND0228,N,17,71.47,1.87%,2,ND0228 - US 301 NB AT HYETTS CORNER,12585.1,2019-01-29 08:27:00-05,
2024-08-27 22:30:00-04,ND0228,N,9,73.09,1.40%,1,ND0228 - US 301 NB AT HYETTS CORNER,12585.1,2019-01-29 08:27:00-05,
2024-08-27 22:35:00-04,ND0228,N,17,75.93,1.02%,2,ND0228 - US 301 NB AT HYETTS CORNER,12585.1,2019-01-29 08:27:00-05,
2024-08-27 22:40:00-04,ND0228,N,13,72.18,0.87%,2,ND0228 - US 301 NB AT HYETTS CORNER,12585.1,2019-01-29 08:27:00-05,
2024-08-27 22:45:00-04,ND0228,N,12,68.72,1.06%,2,ND0228 - US 301 NB AT HYETTS CORNER,12585.1,2019-01-29 08:27:00-05,
2024-08-27 22:50:00-04,ND0228,N,11,77.14,0.86%,2,ND0228 - US 301 NB AT HYETTS CORNER,12585.1,2019-01-29 08:27:00-05,
2024-08-27 22:55:00-04,ND0228,N,8,75.85,0.79%,2,ND0228 - US 301 NB AT HYETTS CORNER,12585.1,2019-01-29 08:27:00-05,
2024-08-27 23:00:00-04,ND0228,N,13,71.97,0.90%,2,ND0228 - US 301 NB AT HYETTS CORNER,12585.1,2019-01-29 08:27:00-05,
2024-08-27 23:05:00-04,ND0228,N,10,73.79,0.44%,2,ND0228 - US 301 NB AT HYETTS CORNER,12585.1,2019-01-29 08:27:00-05,
2024-08-27 23:10:00-04,ND0228,N,6,70.07,1.07%,1,ND0228 - US 301 NB AT HYETTS CORNER,12585.1,2019-01-29 08:27:00-05,
2024-08-27 23:15:00-04,ND0228,N,7,70.29,0.59%,2,ND0228 - US 301 NB AT HYETTS CORNER,12585.1,2019-01-29 08:27:00-05,
2024-08-27 23:20:00-04,ND0228,N,7,67.47,0.71%,2,ND0228 - US 301 NB AT HYETTS CORNER,12585.1,2019-01-29 08:27:00-05,
2024-08-27 23:25:00-04,ND0228,N,9,67.04,0.85%,2,ND0228 - US 301 NB AT HYETTS CORNER,12585.1,2019-01-29 08:27:00-05,
2024-08-27 23:30:00-04,ND0228,N,7,65.42,0.58%,2,ND0228 - US 301 NB AT HYETTS CORNER,12585.1,2019-01-29 08:27:00-05,
2024-08-27 23:35:00-04,ND0228,N,3,62.09,0.29%,2,ND0228 - US 301 NB AT HYETTS CORNER,12585.1,2019-01-29 08:27:00-05,
2024-08-27 23:40:00-04,ND0228,N,4,70.12,0.68%,1,ND0228 - US 301 NB AT HYETTS CORNER,12585.1,2019-01-29 08:27:00-05,
2024-08-27 23:45:00-04,ND0228,N,4,75.12,0.38%,2,ND0228 - US 301 NB AT HYETTS CORNER,12585.1,2019-01-29 08:27:00-05,
2024-08-27 23:50:00-04,ND0228,N,11,67.34,1.06%,2,ND0228 - US 301 NB AT HYETTS CORNER,12585.1,2019-01-29 08:27:00-05,
2024-08-27 23:55:00-04,ND0228,N,5,71.75,0.48%,2,ND0228 - US 301 NB AT HYETTS CORNER,12585.1,2019-01-29 08:27:00-05,
2024-08-28 00:00:00-04,ND0228,N,5,70.17,0.51%,2,ND0228 - US 301 NB AT HYETTS CORNER,12585.1,2019-01-29 08:27:00-05,
2024-08-28 00:05:00-04,ND0228,N,5,70.97,0.49%,2,ND0228 - US 301 NB AT HYETTS CORNER,12585.1,2019-01-29 08:27:00-05,
2024-08-28 00:10:00-04,ND0228,N,6,70.43,0.62%,2,ND0228 - US 301 NB AT HYETTS CORNER,12585.1,2019-01-29 08:27:00-05,
2024-08-28 00:15:00-04,ND0228,N,1,65.04,0.08%,1,ND0228 - US 301 NB AT HYETTS CORNER,12585.1,2019-01-29 08:27:00-05,
2024-08-28 00:20:00-04,ND0228,N,5,69.53,0.57%,2,ND0228 - US 301 NB AT HYETTS CORNER,12585.1,2019-01-29 08:27:00-05,
2024-08-28 00:25:00-04,ND0228,N,5,68.59,0.49%,2,ND0228 - US 301 NB AT HYETTS CORNER,12585.1,2019-01-29 08:27:00-05,
2024-08-28 00:30:00-04,ND0228,N,9,69.21,0.78%,2,ND0228 - US 301 NB AT HYETTS CORNER,12585.1,2019-01-29 08:27:00-05,
2024-08-28 00:35:00-04,ND0228,N,5,72.96,0.48%,2,ND0228 - US 301 NB AT HYETTS CORNER,12585.1,2019-01-29 08:27:00-05,
2024-08-28 00:40:00-04,ND0228,N,2,64.93,0.56%,1,ND0228 - US 301 NB AT HYETTS CORNER,12585.1,2019-01-29 08:27:00-05,
2024-08-28 00:45:00-04,ND0228,N,4,70.64,0.79%,1,ND0228 - US 301 NB AT HYETTS CORNER,12585.1,2019-01-29 08:27:00-05,
2024-08-28 00:55:00-04,ND0228,N,8,69.26,0.69%,2,ND0228 - US 301 NB AT HYETTS CORNER,12585.1,2019-01-29 08:27:00-05,
2024-08-28 01:00:00-04,ND0228,N,4,70.49,1.07%,1,ND0228 - US 301 NB AT HYETTS CORNER,12585.1,2019-01-29 08:27:00-05,
2024-08-28 01:05:00-04,ND0228,N,6,68.10,0.81%,2,ND0228 - US 301 NB AT HYETTS CORNER,12585.1,2019-01-29 08:27:00-05,
2024-08-28 01:10:00-04,ND0228,N,5,63.30,1.11%,1,ND0228 - US 301 NB AT HYETTS CORNER,12585.1,2019-01-29 08:27:00-05,
2024-08-28 01:15:00-04,ND0228,N,5,66.69,0.46%,2,ND0228 - US 301 NB AT HYETTS CORNER,12585.1,2019-01-29 08:27:00-05,
2024-08-28 01:20:00-04,ND0228,N,2,68.48,0.34%,1,ND0228 - US 301 NB AT HYETTS CORNER,12585.1,2019-01-29 08:27:00-05,
2024-08-28 01:25:00-04,ND0228,N,6,74.24,0.48%,2,ND0228 - US 301 NB AT HYETTS CORNER,12585.1,2019-01-29 08:27:00-05,
2024-08-28 01:30:00-04,ND0228,N,3,69.21,0.31%,2,ND0228 - US 301 NB AT HYETTS CORNER,12585.1,2019-01-29 08:27:00-05,
2024-08-28 01:35:00-04,ND0228,N,6,65.69,0.54%,2,ND0228 - US 301 NB AT HYETTS CORNER,12585.1,2019-01-29 08:27:00-05,
2024-08-28 01:40:00-04,ND0228,N,4,69.57,0.71%,1,ND0228 - US 301 NB AT HYETTS CORNER,12585.1,2019-01-29 08:27:00-05,
2024-08-28 01:45:00-04,ND0228,N,6,72.22,0.55%,2,ND0228 - US 301 NB AT HYETTS CORNER,12585.1,2019-01-29 08:27:00-05,
2024-08-28 01:50:00-04,ND0228,N,5,71.60,0.37%,2,ND0228 - US 301 NB AT HYETTS CORNER,12585.1,2019-01-29 08:27:00-05,
2024-08-28 01:55:00-04,ND0228,N,5,72.61,0.98%,1,ND0228 - US 301 NB AT HYETTS CORNER,12585.1,2019-01-29 08:27:00-05,
2024-08-28 02:00:00-04,ND0228,N,4,69.45,0.82%,1,ND0228 - US 301 NB AT HYETTS CORNER,12585.1,2019-01-29 08:27:00-05,
2024-08-28 02:05:00-04,ND0228,N,4,66.32,0.56%,2,ND0228 - US 301 NB AT HYETTS CORNER,12585.1,2019-01-29 08:27:00-05,
2024-08-28 02:10:00-04,ND0228,N,5,63.57,0.29%,2,ND0228 - US 301 NB AT HYETTS CORNER,12585.1,2019-01-29 08:27:00-05,
2024-08-28 02:15:00-04,ND0228,N,4,73.58,0.48%,2,ND0228 - US 301 NB AT HYETTS CORNER,12585.1,2019-01-29 08:27:00-05,
2024-08-28 02:20:00-04,ND0228,N,2,70.39,0.24%,1,ND0228 - US 301 NB AT HYETTS CORNER,12585.1,2019-01-29 08:27:00-05,
2024-08-28 02:25:00-04,ND0228,N,5,69.26,0.50%,2,ND0228 - US 301 NB AT HYETTS CORNER,12585.1,2019-01-29 08:27:00-05,
2024-08-28 02:30:00-04,ND0228,N,9,68.14,0.87%,2,ND0228 - US 301 NB AT HYETTS CORNER,12585.1,2019-01-29 08:27:00-05,
2024-08-28 02:35:00-04,ND0228,N,2,65.59,0.37%,1,ND0228 - US 301 NB AT HYETTS CORNER,12585.1,2019-01-29 08:27:00-05,
2024-08-28 02:40:00-04,ND0228,N,3,72.03,0.31%,2,ND0228 - US 301 NB AT HYETTS CORNER,12585.1,2019-01-29 08:27:00-05,
2024-08-28 02:45:00-04,ND0228,N,3,70.06,0.39%,1,ND0228 - US 301 NB AT HYETTS CORNER,12585.1,2019-01-29 08:27:00-05,
2024-08-28 02:50:00-04,ND0228,N,5,65.90,0.70%,2,ND0228 - US 301 NB AT HYETTS CORNER,12585.1,2019-01-29 08:27:00-05,
2024-08-28 02:55:00-04,ND0228,N,5,69.47,0.57%,2,ND0228 - US 301 NB AT HYETTS CORNER,12585.1,2019-01-29 08:27:00-05,
2024-08-28 03:00:00-04,ND0228,N,8,70.37,0.78%,2,ND0228 - US 301 NB AT HYETTS CORNER,12585.1,2019-01-29 08:27:00-05,
2024-08-28 03:05:00-04,ND0228,N,7,70.83,0.62%,2,ND0228 - US 301 NB AT HYETTS CORNER,12585.1,2019-01-29 08:27:00-05,
2024-08-28 03:10:00-04,ND0228,N,2,71.27,0.36%,1,ND0228 - US 301 NB AT HYETTS CORNER,12585.1,2019-01-29 08:27:00-05,
2024-08-28 03:15:00-04,ND0228,N,4,77.61,0.52%,1,ND0228 - US 301 NB AT HYETTS CORNER,12585.1,2019-01-29 08:27:00-05,
2024-08-28 03:20:00-04,ND0228,N,6,68.21,0.47%,2,ND0228 - US 301 NB AT HYETTS CORNER,12585.1,2019-01-29 08:27:00-05,
2024-08-28 03:25:00-04,ND0228,N,8,64.75,0.67%,2,ND0228 - US 301 NB AT HYETTS CORNER,12585.1,2019-01-29 08:27:00-05,
2024-08-28 03:30:00-04,ND0228,N,6,69.58,0.31%,2,ND0228 - US 301 NB AT HYETTS CORNER,12585.1,2019-01-29 08:27:00-05,
2024-08-28 03:35:00-04,ND0228,N,8,74.54,0.57%,2,ND0228 - US 301 NB AT HYETTS CORNER,12585.1,2019-01-29 08:27:00-05,
2024-08-28 03:40:00-04,ND0228,N,8,70.25,0.59%,2,ND0228 - US 301 NB AT HYETTS CORNER,12585.1,2019-01-29 08:27:00-05,
2024-08-28 03:45:00-04,ND0228,N,7,75.06,0.53%,2,ND0228 - US 301 NB AT HYETTS CORNER,12585.1,2019-01-29 08:27:00-05,
2024-08-28 03:50:00-04,ND0228,N,8,71.96,0.52%,2,ND0228 - US 301 NB AT HYETTS CORNER,12585.1,2019-01-29 08:27:00-05,
2024-08-28 03:55:00-04,ND0228,N,4,69.64,0.35%,2,ND0228 - US 301 NB AT HYETTS CORNER,12585.1,2019-01-29 08:27:00-05,
2024-08-28 04:00:00-04,ND0228,N,8,73.62,0.69%,2,ND0228 - US 301 NB AT HYETTS CORNER,12585.1,2019-01-29 08:27:00-05,
2024-08-28 04:05:00-04,ND0228,N,13,75.49,1.14%,2,ND0228 - US 301 NB AT HYETTS CORNER,12585.1,2019-01-29 08:27:00-05,
2024-08-28 04:10:00-04,ND0228,N,7,71.21,1.32%,1,ND0228 - US 301 NB AT HYETTS CORNER,12585.1,2019-01-29 08:27:00-05,
2024-08-28 04:15:00-04,ND0228,N,13,74.48,0.88%,2,ND0228 - US 301 NB AT HYETTS CORNER,12585.1,2019-01-29 08:27:00-05,
2024-08-28 04:20:00-04,ND0228,N,15,73.55,1.35%,2,ND0228 - US 301 NB AT HYETTS CORNER,12585.1,2019-01-29 08:27:00-05,
2024-08-28 04:25:00-04,ND0228,N,10,72.65,0.59%,2,ND0228 - US 301 NB AT HYETTS CORNER,12585.1,2019-01-29 08:27:00-05,
2024-08-28 04:30:00-04,ND0228,N,4,70.66,0.55%,1,ND0228 - US 301 NB AT HYETTS CORNER,12585.1,2019-01-29 08:27:00-05,
2024-08-28 04:35:00-04,ND0228,N,18,74.98,0.85%,2,ND0228 - US 301 NB AT HYETTS CORNER,12585.1,2019-01-29 08:27:00-05,
2024-08-28 04:40:00-04,ND0228,N,12,73.47,0.92%,2,ND0228 - US 301 NB AT HYETTS CORNER,12585.1,2019-01-29 08:27:00-05,
2024-08-28 04:45:00-04,ND0228,N,12,78.95,0.42%,2,ND0228 - US 301 NB AT HYETTS CORNER,12585.1,2019-01-29 08:27:00-05,
2024-08-28 04:50:00-04,ND0228,N,13,72.34,0.97%,2,ND0228 - US 301 NB AT HYETTS CORNER,12585.1,2019-01-29 08:27:00-05,
2024-08-28 04:55:00-04,ND0228,N,17,73.88,1.00%,2,ND0228 - US 301 NB AT HYETTS CORNER,12585.1,2019-01-29 08:27:00-05,
2024-08-28 05:00:00-04,ND0228,N,14,72.72,0.80%,2,ND0228 - US 301 NB AT HYETTS CORNER,12585.1,2019-01-29 08:27:00-05,
2024-08-28 05:05:00-04,ND0228,N,18,77.72,0.90%,2,ND0228 - US 301 NB AT HYETTS CORNER,12585.1,2019-01-29 08:27:00-05,
2024-08-28 05:10:00-04,ND0228,N,22,74.94,1.20%,2,ND0228 - US 301 NB AT HYETTS CORNER,12585.1,2019-01-29 08:27:00-05,
2024-08-28 05:15:00-04,ND0228,N,26,73.07,1.38%,2,ND0228 - US 301 NB AT HYETTS CORNER,12585.1,2019-01-29 08:27:00-05,
2024-08-28 05:20:00-04,ND0228,N,23,76.92,0.96%,2,ND0228 - US 301 NB AT HYETTS CORNER,12585.1,2019-01-29 08:27:00-05,
2024-08-28 05:25:00-04,ND0228,N,33,74.77,1.85%,2,ND0228 - US 301 NB AT HYETTS CORNER,12585.1,2019-01-29 08:27:00-05,
2024-08-28 05:30:00-04,ND0228,N,27,74.89,1.23%,2,ND0228 - US 301 NB AT HYETTS CORNER,12585.1,2019-01-29 08:27:00-05,
2024-08-28 05:35:00-04,ND0228,N,30,73.80,1.29%,2,ND0228 - US 301 NB AT HYETTS CORNER,12585.1,2019-01-29 08:27:00-05,
2024-08-28 05:40:00-04,ND0228,N,29,74.63,1.38%,2,ND0228 - US 301 NB AT HYETTS CORNER,12585.1,2019-01-29 08:27:00-05,
2024-08-28 05:45:00-04,ND0228,N,37,76.09,1.75%,2,ND0228 - US 301 NB AT HYETTS CORNER,12585.1,2019-01-29 08:27:00-05,
2024-08-28 05:50:00-04,ND0228,N,37,72.87,1.90%,2,ND0228 - US 301 NB AT HYETTS CORNER,12585.1,2019-01-29 08:27:00-05,
2024-08-28 05:55:00-04,ND0228,N,46,74.98,1.96%,2,ND0228 - US 301 NB AT HYETTS CORNER,12585.1,2019-01-29 08:27:00-05,
2024-08-28 06:00:00-04,ND0228,N,49,75.59,2.07%,2,ND0228 - US 301 NB AT HYETTS CORNER,12585.1,2019-01-29 08:27:00-05,
2024-08-28 06:05:00-04,ND0228,N,34,77.49,1.25%,2,ND0228 - US 301 NB AT HYETTS CORNER,12585.1,2019-01-29 08:27:00-05,
2024-08-28 06:10:00-04,ND0228,N,42,76.30,1.64%,2,ND0228 - US 301 NB AT HYETTS CORNER,12585.1,2019-01-29 08:27:00-05,
2024-08-28 06:15:00-04,ND0228,N,48,78.44,1.68%,2,ND0228 - US 301 NB AT HYETTS CORNER,12585.1,2019-01-29 08:27:00-05,
2024-08-28 06:20:00-04,ND0228,N,60,78.14,2.40%,2,ND0228 - US 301 NB AT HYETTS CORNER,12585.1,2019-01-29 08:27:00-05,
2024-08-28 06:25:00-04,ND0228,N,64,76.70,2.48%,2,ND0228 - US 301 NB AT HYETTS CORNER,12585.1,2019-01-29 08:27:00-05,
2024-08-28 06:30:00-04,ND0228,N,61,78.78,2.49%,2,ND0228 - US 301 NB AT HYETTS CORNER,12585.1,2019-01-29 08:27:00-05,
2024-08-28 06:35:00-04,ND0228,N,74,77.93,3.02%,2,ND0228 - US 301 NB AT HYETTS CORNER,12585.1,2019-01-29 08:27:00-05,
2024-08-28 06:40:00-04,ND0228,N,77,79.65,2.85%,2,ND0228 - US 301 NB AT HYETTS CORNER,12585.1,2019-01-29 08:27:00-05,
2024-08-28 06:45:00-04,ND0228,N,61,76.33,2.44%,2,ND0228 - US 301 NB AT HYETTS CORNER,12585.1,2019-01-29 08:27:00-05,
2024-08-28 06:50:00-04,ND0228,N,78,78.29,2.87%,2,ND0228 - US 301 NB AT HYETTS CORNER,12585.1,2019-01-29 08:27:00-05,
2024-08-28 06:55:00-04,ND0228,N,66,79.12,2.57%,2,ND0228 - US 301 NB AT HYETTS CORNER,12585.1,2019-01-29 08:27:00-05,
2024-08-28 07:00:00-04,ND0228,N,73,78.12,2.71%,2,ND0228 - US 301 NB AT HYETTS CORNER,12585.1,2019-01-29 08:27:00-05,
2024-08-28 07:05:00-04,ND0228,N,70,75.54,2.92%,2,ND0228 - US 301 NB AT HYETTS CORNER,12585.1,2019-01-29 08:27:00-05,
2024-08-28 07:10:00-04,ND0228,N,93,76.21,4.06%,2,ND0228 - US 301 NB AT HYETTS CORNER,12585.1,2019-01-29 08:27:00-05,
2024-08-28 07:15:00-04,ND0228,N,105,76.93,4.25%,2,ND0228 - US 301 NB AT HYETTS CORNER,12585.1,2019-01-29 08:27:00-05,
2024-08-28 07:20:00-04,ND0228,N,118,76.97,4.81%,2,ND0228 - US 301 NB AT HYETTS CORNER,12585.1,2019-01-29 08:27:00-05,
2024-08-28 07:25:00-04,ND0228,N,95,77.72,3.94%,2,ND0228 - US 301 NB AT HYETTS CORNER,12585.1,2019-01-29 08:27:00-05,
2024-08-28 07:30:00-04,ND0228,N,113,77.13,4.30%,2,ND0228 - US 301 NB AT HYETTS CORNER,12585.1,2019-01-29 08:27:00-05,
2024-08-28 07:35:00-04,ND0228,N,81,76.08,3.06%,2,ND0228 - US 301 NB AT HYETTS CORNER,12585.1,2019-01-29 08:27:00-05,
2024-08-28 07:40:00-04,ND0228,N,92,75.54,4.04%,2,ND0228 - US 301 NB AT HYETTS CORNER,12585.1,2019-01-29 08:27:00-05,
2024-08-28 07:45:00-04,ND0228,N,78,77.38,3.46%,2,ND0228 - US 301 NB AT HYETTS CORNER,12585.1,2019-01-29 08:27:00-05,
2024-08-28 07:50:00-04,ND0228,N,93,76.63,4.18%,2,ND0228 - US 301 NB AT HYETTS CORNER,12585.1,2019-01-29 08:27:00-05,
2024-08-28 07:55:00-04,ND0228,N,85,76.23,3.42%,2,ND0228 - US 301 NB AT HYETTS CORNER,12585.1,2019-01-29 08:27:00-05,
2024-08-28 08:00:00-04,ND0228,N,75,79.86,3.04%,2,ND0228 - US 301 NB AT HYETTS CORNER,12585.1,2019-01-29 08:27:00-05,
2024-08-28 08:05:00-04,ND0228,N,62,77.57,2.24%,2,ND0228 - US 301 NB AT HYETTS CORNER,12585.1,2019-01-29 08:27:00-05,
2024-08-28 08:10:00-04,ND0228,N,72,76.98,2.71%,2,ND0228 - US 301 NB AT HYETTS CORNER,12585.1,2019-01-29 08:27:00-05,
2024-08-28 08:15:00-04,ND0228,N,63,77.68,2.55%,2,ND0228 - US 301 NB AT HYETTS CORNER,12585.1,2019-01-29 08:27:00-05,
2024-08-28 08:20:00-04,ND0228,N,63,77.80,2.29%,2,ND0228 - US 301 NB AT HYETTS CORNER,12585.1,2019-01-29 08:27:00-05,
2024-08-28 08:25:00-04,ND0228,N,85,77.77,3.24%,2,ND0228 - US 301 NB AT HYETTS CORNER,12585.1,2019-01-29 08:27:00-05,
2024-08-28 08:30:00-04,ND0228,N,55,77.56,2.20%,2,ND0228 - US 301 NB AT HYETTS CORNER,12585.1,2019-01-29 08:27:00-05,
2024-08-28 08:35:00-04,ND0228,N,52,76.87,2.37%,2,ND0228 - US 301 NB AT HYETTS CORNER,12585.1,2019-01-29 08:27:00-05,
2024-08-28 08:40:00-04,ND0228,N,73,75.17,2.98%,2,ND0228 - US 301 NB AT HYETTS CORNER,12585.1,2019-01-29 08:27:00-05,
2024-08-28 08:45:00-04,ND0228,N,63,74.29,2.86%,2,ND0228 - US 301 NB AT HYETTS CORNER,12585.1,2019-01-29 08:27:00-05,
2024-08-28 08:50:00-04,ND0228,N,59,76.85,2.66%,2,ND0228 - US 301 NB AT HYETTS CORNER,12585.1,2019-01-29 08:27:00-05,
2024-08-28 08:55:00-04,ND0228,N,54,77.63,2.18%,2,ND0228 - US 301 NB AT HYETTS CORNER,12585.1,2019-01-29 08:27:00-05,
2024-08-28 09:00:00-04,ND0228,N,53,77.35,2.20%,2,ND0228 - US 301 NB AT HYETTS CORNER,12585.1,2019-01-29 08:27:00-05,
2024-08-28 09:05:00-04,ND0228,N,52,73.65,2.06%,2,ND0228 - US 301 NB AT HYETTS CORNER,12585.1,2019-01-29 08:27:00-05,
2024-08-28 09:10:00-04,ND0228,N,59,76.21,2.52%,2,ND0228 - US 301 NB AT HYETTS CORNER,12585.1,2019-01-29 08:27:00-05,
2024-08-28 09:15:00-04,ND0228,N,49,75.03,2.27%,2,ND0228 - US 301 NB AT HYETTS CORNER,12585.1,2019-01-29 08:27:00-05,
2024-08-28 09:20:00-04,ND0228,N,65,73.71,3.05%,2,ND0228 - US 301 NB AT HYETTS CORNER,12585.1,2019-01-29 08:27:00-05,
2024-08-28 09:25:00-04,ND0228,N,50,72.21,2.50%,2,ND0228 - US 301 NB AT HYETTS CORNER,12585.1,2019-01-29 08:27:00-05,
2024-08-28 09:30:00-04,ND0228,N,63,74.83,2.61%,2,ND0228 - US 301 NB AT HYETTS CORNER,12585.1,2019-01-29 08:27:00-05,
2024-08-28 09:35:00-04,ND0228,N,60,73.42,2.82%,2,ND0228 - US 301 NB AT HYETTS CORNER,12585.1,2019-01-29 08:27:00-05,
2024-08-28 09:40:00-04,ND0228,N,65,74.55,2.91%,2,ND0228 - US 301 NB AT HYETTS CORNER,12585.1,2019-01-29 08:27:00-05,
2024-08-28 09:45:00-04,ND0228,N,53,73.66,2.40%,2,ND0228 - US 301 NB AT HYETTS CORNER,12585.1,2019-01-29 08:27:00-05,
2024-08-28 09:50:00-04,ND0228,N,67,75.29,2.91%,2,ND0228 - US 301 NB AT HYETTS CORNER,12585.1,2019-01-29 08:27:00-05,
2024-08-28 09:55:00-04,ND0228,N,50,72.91,2.61%,2,ND0228 - US 301 NB AT HYETTS CORNER,12585.1,2019-01-29 08:27:00-05,
2024-08-28 10:00:00-04,ND0228,N,47,76.55,1.98%,2,ND0228 - US 301 NB AT HYETTS CORNER,12585.1,2019-01-29 08:27:00-05,
2024-08-28 10:05:00-04,ND0228,N,49,73.80,2.50%,2,ND0228 - US 301 NB AT HYETTS CORNER,12585.1,2019-01-29 08:27:00-05,
2024-08-28 10:10:00-04,ND0228,N,58,76.22,2.88%,2,ND0228 - US 301 NB AT HYETTS CORNER,12585.1,2019-01-29 08:27:00-05,
2024-08-28 10:15:00-04,ND0228,N,50,73.55,2.09%,2,ND0228 - US 301 NB AT HYETTS CORNER,12585.1,2019-01-29 08:27:00-05,
2024-08-28 10:20:00-04,ND0228,N,38,73.98,1.61%,2,ND0228 - US 301 NB AT HYETTS CORNER,12585.1,2019-01-29 08:27:00-05,
2024-08-28 10:25:00-04,ND0228,N,51,76.62,2.38%,2,ND0228 - US 301 NB AT HYETTS CORNER,12585.1,2019-01-29 08:27:00-05,
2024-08-28 10:30:00-04,ND0228,N,56,75.56,2.75%,2,ND0228 - US 301 NB AT HYETTS CORNER,12585.1,2019-01-29 08:27:00-05,
2024-08-28 10:35:00-04,ND0228,N,46,74.39,2.20%,2,ND0228 - US 301 NB AT HYETTS CORNER,12585.1,2019-01-29 08:27:00-05,
2024-08-28 10:40:00-04,ND0228,N,48,75.45,2.45%,2,ND0228 - US 301 NB AT HYETTS CORNER,12585.1,2019-01-29 08:27:00-05,
2024-08-28 10:45:00-04,ND0228,N,45,74.17,2.26%,2,ND0228 - US 301 NB AT HYETTS CORNER,12585.1,2019-01-29 08:27:00-05,
2024-08-28 10:50:00-04,ND0228,N,38,77.44,1.89%,2,ND0228 - US 301 NB AT HYETTS CORNER,12585.1,2019-01-29 08:27:00-05,
2024-08-28 10:55:00-04,ND0228,N,49,74.58,2.32%,2,ND0228 - US 301 NB AT HYETTS CORNER,12585.1,2019-01-29 08:27:00-05,
2024-08-28 11:00:00-04,ND0228,N,55,74.40,2.45%,2,ND0228 - US 301 NB AT HYETTS CORNER,12585.1,2019-01-29 08:27:00-05,
2024-08-28 11:05:00-04,ND0228,N,55,74.50,2.50%,2,ND0228 - US 301 NB AT HYETTS CORNER,12585.1,2019-01-29 08:27:00-05,
2024-08-28 11:10:00-04,ND0228,N,46,76.41,2.13%,2,ND0228 - US 301 NB AT HYETTS CORNER,12585.1,2019-01-29 08:27:00-05,
2024-08-28 11:15:00-04,ND0228,N,44,75.95,2.16%,2,ND0228 - US 301 NB AT HYETTS CORNER,12585.1,2019-01-29 08:27:00-05,
2024-08-28 11:20:00-04,ND0228,N,32,74.25,1.66%,2,ND0228 - US 301 NB AT HYETTS CORNER,12585.1,2019-01-29 08:27:00-05,
2024-08-28 11:25:00-04,ND0228,N,53,75.55,2.41%,2,ND0228 - US 301 NB AT HYETTS CORNER,12585.1,2019-01-29 08:27:00-05,
2024-08-28 11:30:00-04,ND0228,N,45,74.10,2.41%,2,ND0228 - US 301 NB AT HYETTS CORNER,12585.1,2019-01-29 08:27:00-05,
2024-08-28 11:35:00-04,ND0228,N,43,74.12,2.21%,2,ND0228 - US 301 NB AT HYETTS CORNER,12585.1,2019-01-29 08:27:00-05,
2024-08-28 11:40:00-04,ND0228,N,47,73.96,2.79%,2,ND0228 - US 301 NB AT HYETTS CORNER,12585.1,2019-01-29 08:27:00-05,
2024-08-28 11:45:00-04,ND0228,N,49,75.21,2.28%,2,ND0228 - US 301 NB AT HYETTS CORNER,12585.1,2019-01-29 08:27:00-05,
2024-08-28 11:50:00-04,ND0228,N,52,75.20,2.44%,2,ND0228 - US 301 NB AT HYETTS CORNER,12585.1,2019-01-29 08:27:00-05,
2024-08-28 11:55:00-04,ND0228,N,34,74.69,1.50%,2,ND0228 - US 301 NB AT HYETTS CORNER,12585.1,2019-01-29 08:27:00-05,
2024-08-28 12:00:00-04,ND0228,N,53,75.42,2.53%,2,ND0228 - US 301 NB AT HYETTS CORNER,12585.1,2019-01-29 08:27:00-05,
2024-08-28 12:05:00-04,ND0228,N,47,75.29,2.44%,2,ND0228 - US 301 NB AT HYETTS CORNER,12585.1,2019-01-29 08:27:00-05,
2024-08-28 12:10:00-04,ND0228,N,51,74.21,2.19%,2,ND0228 - US 301 NB AT HYETTS CORNER,12585.1,2019-01-29 08:27:00-05,
2024-08-28 12:15:00-04,ND0228,N,51,73.22,2.75%,2,ND0228 - US 301 NB AT HYETTS CORNER,12585.1,2019-01-29 08:27:00-05,
2024-08-28 12:20:00-04,ND0228,N,69,75.41,3.08%,2,ND0228 - US 301 NB AT HYETTS CORNER,12585.1,2019-01-29 08:27:00-05,
2024-08-28 12:25:00-04,ND0228,N,40,74.74,1.94%,2,ND0228 - US 301 NB AT HYETTS CORNER,12585.1,2019-01-29 08:27:00-05,
2024-08-28 12:30:00-04,ND0228,N,54,76.94,2.55%,2,ND0228 - US 301 NB AT HYETTS CORNER,12585.1,2019-01-29 08:27:00-05,
2024-08-28 12:35:00-04,ND0228,N,45,77.26,1.95%,2,ND0228 - US 301 NB AT HYETTS CORNER,12585.1,2019-01-29 08:27:00-05,
2024-08-28 12:40:00-04,ND0228,N,61,74.93,3.01%,2,ND0228 - US 301 NB AT HYETTS CORNER,12585.1,2019-01-29 08:27:00-05,
2024-08-28 12:45:00-04,ND0228,N,50,73.57,3.04%,2,ND0228 - US 301 NB AT HYETTS CORNER,12585.1,2019-01-29 08:27:00-05,
2024-08-28 12:50:00-04,ND0228,N,47,76.32,2.05%,2,ND0228 - US 301 NB AT HYETTS CORNER,12585.1,2019-01-29 08:27:00-05,
2024-08-28 12:55:00-04,ND0228,N,42,74.98,2.19%,2,ND0228 - US 301 NB AT HYETTS CORNER,12585.1,2019-01-29 08:27:00-05,
2024-08-28 13:00:00-04,ND0228,N,49,74.95,2.26%,2,ND0228 - US 301 NB AT HYETTS CORNER,12585.1,2019-01-29 08:27:00-05,
2024-08-28 13:05:00-04,ND0228,N,41,75.19,2.21%,2,ND0228 - US 301 NB AT HYETTS CORNER,12585.1,2019-01-29 08:27:00-05,
2024-08-28 13:10:00-04,ND0228,N,45,73.08,2.71%,2,ND0228 - US 301 NB AT HYETTS CORNER,12585.1,2019-01-29 08:27:00-05,
2024-08-28 13:15:00-04,ND0228,N,43,75.38,1.79%,2,ND0228 - US 301 NB AT HYETTS CORNER,12585.1,2019-01-29 08:27:00-05,
2024-08-28 13:20:00-04,ND0228,N,49,75.94,2.38%,2,ND0228 - US 301 NB AT HYETTS CORNER,12585.1,2019-01-29 08:27:00-05,
2024-08-28 13:25:00-04,ND0228,N,40,77.30,1.61%,2,ND0228 - US 301 NB AT HYETTS CORNER,12585.1,2019-01-29 08:27:00-05,
2024-08-28 13:30:00-04,ND0228,N,44,75.19,2.07%,2,ND0228 - US 301 NB AT HYETTS CORNER,12585.1,2019-01-29 08:27:00-05,
2024-08-28 13:35:00-04,ND0228,N,57,74.29,2.88%,2,ND0228 - US 301 NB AT HYETTS CORNER,12585.1,2019-01-29 08:27:00-05,
2024-08-28 13:40:00-04,ND0228,N,45,75.59,2.05%,2,ND0228 - US 301 NB AT HYETTS CORNER,12585.1,2019-01-29 08:27:00-05,
2024-08-28 13:45:00-04,ND0228,N,49,76.64,2.16%,2,ND0228 - US 301 NB AT HYETTS CORNER,12585.1,2019-01-29 08:27:00-05,
2024-08-28 13:50:00-04,ND0228,N,43,77.22,1.72%,2,ND0228 - US 301 NB AT HYETTS CORNER,12585.1,2019-01-29 08:27:00-05,
2024-08-28 13:55:00-04,ND0228,N,50,74.55,2.38%,2,ND0228 - US 301 NB AT HYETTS CORNER,12585.1,2019-01-29 08:27:00-05,
2024-08-28 14:00:00-04,ND0228,N,67,75.03,3.68%,2,ND0228 - US 301 NB AT HYETTS CORNER,12585.1,2019-01-29 08:27:00-05,
2024-08-28 14:05:00-04,ND0228,N,58,75.75,2.73%,2,ND0228 - US 301 NB AT HYETTS CORNER,12585.1,2019-01-29 08:27:00-05,
2024-08-28 14:10:00-04,ND0228,N,54,76.57,2.27%,2,ND0228 - US 301 NB AT HYETTS CORNER,12585.1,2019-01-29 08:27:00-05,
2024-08-28 14:15:00-04,ND0228,N,60,75.04,2.46%,2,ND0228 - US 301 NB AT HYETTS CORNER,12585.1,2019-01-29 08:27:00-05,
2024-08-28 14:20:00-04,ND0228,N,56,77.23,2.46%,2,ND0228 - US 301 NB AT HYETTS CORNER,12585.1,2019-01-29 08:27:00-05,
2024-08-28 14:25:00-04,ND0228,N,66,75.22,2.99%,2,ND0228 - US 301 NB AT HYETTS CORNER,12585.1,2019-01-29 08:27:00-05,
2024-08-28 14:30:00-04,ND0228,N,64,75.63,2.94%,2,ND0228 - US 301 NB AT HYETTS CORNER,12585.1,2019-01-29 08:27:00-05,
2024-08-28 14:35:00-04,ND0228,N,60,74.78,2.76%,2,ND0228 - US 301 NB AT HYETTS CORNER,12585.1,2019-01-29 08:27:00-05,
2024-08-28 14:40:00-04,ND0228,N,68,76.57,3.10%,2,ND0228 - US 301 NB AT HYETTS CORNER,12585.1,2019-01-29 08:27:00-05,
2024-08-28 14:45:00-04,ND0228,N,68,75.00,2.84%,2,ND0228 - US 301 NB AT HYETTS CORNER,12585.1,2019-01-29 08:27:00-05,
2024-08-28 14:50:00-04,ND0228,N,64,77.80,2.83%,2,ND0228 - US 301 NB AT HYETTS CORNER,12585.1,2019-01-29 08:27:00-05,
2024-08-28 14:55:00-04,ND0228,N,58,76.33,2.55%,2,ND0228 - US 301 NB AT HYETTS CORNER,12585.1,2019-01-29 08:27:00-05,
2024-08-28 15:00:00-04,ND0228,N,61,76.56,2.91%,2,ND0228 - US 301 NB AT HYETTS CORNER,12585.1,2019-01-29 08:27:00-05,
2024-08-28 15:05:00-04,ND0228,N,66,75.49,2.96%,2,ND0228 - US 301 NB AT HYETTS CORNER,12585.1,2019-01-29 08:27:00-05,
2024-08-28 15:10:00-04,ND0228,N,72,76.27,2.93%,2,ND0228 - US 301 NB AT HYETTS CORNER,12585.1,2019-01-29 08:27:00-05,
2024-08-28 15:15:00-04,ND0228,N,75,73.89,4.35%,2,ND0228 - US 301 NB AT HYETTS CORNER,12585.1,2019-01-29 08:27:00-05,
2024-08-28 15:20:00-04,ND0228,N,62,76.86,2.70%,2,ND0228 - US 301 NB AT HYETTS CORNER,12585.1,2019-01-29 08:27:00-05,
2024-08-28 15:25:00-04,ND0228,N,73,77.22,2.91%,2,ND0228 - US 301 NB AT HYETTS CORNER,12585.1,2019-01-29 08:27:00-05,
2024-08-28 15:30:00-04,ND0228,N,55,74.67,2.62%,2,ND0228 - US 301 NB AT HYETTS CORNER,12585.1,2019-01-29 08:27:00-05,
2024-08-28 15:35:00-04,ND0228,N,77,74.45,3.71%,2,ND0228 - US 301 NB AT HYETTS CORNER,12585.1,2019-01-29 08:27:00-05,
2024-08-28 15:40:00-04,ND0228,N,83,76.75,3.59%,2,ND0228 - US 301 NB AT HYETTS CORNER,12585.1,2019-01-29 08:27:00-05,
2024-08-28 15:45:00-04,ND0228,N,73,76.46,3.50%,2,ND0228 - US 301 NB AT HYETTS CORNER,12585.1,2019-01-29 08:27:00-05,
2024-08-28 15:50:00-04,ND0228,N,73,75.75,3.66%,2,ND0228 - US 301 NB AT HYETTS CORNER,12585.1,2019-01-29 08:27:00-05,
2024-08-28 15:55:00-04,ND0228,N,86,77.63,3.62%,2,ND0228 - US 301 NB AT HYETTS CORNER,12585.1,2019-01-29 08:27:00-05,
2024-08-28 16:00:00-04,ND0228,N,77,75.49,3.19%,2,ND0228 - US 301 NB AT HYETTS CORNER,12585.1,2019-01-29 08:27:00-05,
2024-08-28 16:05:00-04,ND0228,N,54,74.90,2.60%,2,ND0228 - US 301 NB AT HYETTS CORNER,12585.1,2019-01-29 08:27:00-05,
2024-08-28 16:10:00-04,ND0228,N,74,75.48,2.86%,2,ND0228 - US 301 NB AT HYETTS CORNER,12585.1,2019-01-29 08:27:00-05,
2024-08-28 16:15:00-04,ND0228,N,77,79.01,3.27%,2,ND0228 - US 301 NB AT HYETTS CORNER,12585.1,2019-01-29 08:27:00-05,
2024-08-28 16:20:00-04,ND0228,N,86,76.94,3.49%,2,ND0228 - US 301 NB AT HYETTS CORNER,12585.1,2019-01-29 08:27:00-05,
2024-08-28 16:25:00-04,ND0228,N,85,77.21,3.27%,2,ND0228 - US 301 NB AT HYETTS CORNER,12585.1,2019-01-29 08:27:00-05,
2024-08-28 16:30:00-04,ND0228,N,67,75.53,3.14%,2,ND0228 - US 301 NB AT HYETTS CORNER,12585.1,2019-01-29 08:27:00-05,
2024-08-28 16:35:00-04,ND0228,N,74,76.80,3.35%,2,ND0228 - US 301 NB AT HYETTS CORNER,12585.1,2019-01-29 08:27:00-05,
2024-08-28 16:40:00-04,ND0228,N,71,77.04,2.84%,2,ND0228 - US 301 NB AT HYETTS CORNER,12585.1,2019-01-29 08:27:00-05,
2024-08-28 16:45:00-04,ND0228,N,75,74.42,3.35%,2,ND0228 - US 301 NB AT HYETTS CORNER,12585.1,2019-01-29 08:27:00-05,
2024-08-28 16:50:00-04,ND0228,N,98,76.65,3.90%,2,ND0228 - US 301 NB AT HYETTS CORNER,12585.1,2019-01-29 08:27:00-05,
2024-08-28 16:55:00-04,ND0228,N,58,77.11,2.55%,2,ND0228 - US 301 NB AT HYETTS CORNER,12585.1,2019-01-29 08:27:00-05,
2024-08-28 17:00:00-04,ND0228,N,74,77.01,2.89%,2,ND0228 - US 301 NB AT HYETTS CORNER,12585.1,2019-01-29 08:27:00-05,
2024-08-28 17:05:00-04,ND0228,N,64,75.34,2.59%,2,ND0228 - US 301 NB AT HYETTS CORNER,12585.1,2019-01-29 08:27:00-05,
2024-08-28 17:10:00-04,ND0228,N,88,76.16,3.67%,2,ND0228 - US 301 NB AT HYETTS CORNER,12585.1,2019-01-29 08:27:00-05,
2024-08-28 17:15:00-04,ND0228,N,91,76.69,3.96%,2,ND0228 - US 301 NB AT HYETTS CORNER,12585.1,2019-01-29 08:27:00-05,
2024-08-28 17:20:00-04,ND0228,N,80,75.66,3.78%,2,ND0228 - US 301 NB AT HYETTS CORNER,12585.1,2019-01-29 08:27:00-05,
2024-08-28 17:25:00-04,ND0228,N,72,77.25,2.89%,2,ND0228 - US 301 NB AT HYETTS CORNER,12585.1,2019-01-29 08:27:00-05,
2024-08-28 17:30:00-04,ND0228,N,79,75.90,3.23%,2,ND0228 - US 301 NB AT HYETTS CORNER,12585.1,2019-01-29 08:27:00-05,
2024-08-28 17:35:00-04,ND0228,N,66,78.82,2.55%,2,ND0228 - US 301 NB AT HYETTS CORNER,12585.1,2019-01-29 08:27:00-05,
2024-08-28 17:40:00-04,ND0228,N,84,77.83,3.31%,2,ND0228 - US 301 NB AT HYETTS CORNER,12585.1,2019-01-29 08:27:00-05,
2024-08-28 17:45:00-04,ND0228,N,82,78.65,3.23%,2,ND0228 - US 301 NB AT HYETTS CORNER,12585.1,2019-01-29 08:27:00-05,
2024-08-28 17:50:00-04,ND0228,N,67,77.52,2.65%,2,ND0228 - US 301 NB AT HYETTS CORNER,12585.1,2019-01-29 08:27:00-05,
2024-08-28 17:55:00-04,ND0228,N,73,76.96,2.78%,2,ND0228 - US 301 NB AT HYETTS CORNER,12585.1,2019-01-29 08:27:00-05,
2024-08-28 18:00:00-04,ND0228,N,81,77.97,2.90%,2,ND0228 - US 301 NB AT HYETTS CORNER,12585.1,2019-01-29 08:27:00-05,
2024-08-28 18:05:00-04,ND0228,N,77,77.76,3.52%,2,ND0228 - US 301 NB AT HYETTS CORNER,12585.1,2019-01-29 08:27:00-05,
2024-08-28 18:10:00-04,ND0228,N,62,76.74,2.42%,2,ND0228 - US 301 NB AT HYETTS CORNER,12585.1,2019-01-29 08:27:00-05,
2024-08-28 18:15:00-04,ND0228,N,81,75.20,3.38%,2,ND0228 - US 301 NB AT HYETTS CORNER,12585.1,2019-01-29 08:27:00-05,
2024-08-28 18:20:00-04,ND0228,N,79,75.80,3.58%,2,ND0228 - US 301 NB AT HYETTS CORNER,12585.1,2019-01-29 08:27:00-05,
2024-08-28 18:25:00-04,ND0228,N,59,76.43,2.46%,2,ND0228 - US 301 NB AT HYETTS CORNER,12585.1,2019-01-29 08:27:00-05,
2024-08-28 18:30:00-04,ND0228,N,65,76.29,2.88%,2,ND0228 - US 301 NB AT HYETTS CORNER,12585.1,2019-01-29 08:27:00-05,
2024-08-28 18:35:00-04,ND0228,N,62,76.22,2.62%,2,ND0228 - US 301 NB AT HYETTS CORNER,12585.1,2019-01-29 08:27:00-05,
2024-08-28 18:40:00-04,ND0228,N,76,76.64,3.14%,2,ND0228 - US 301 NB AT HYETTS CORNER,12585.1,2019-01-29 08:27:00-05,
2024-08-28 18:45:00-04,ND0228,N,65,77.52,2.92%,2,ND0228 - US 301 NB AT HYETTS CORNER,12585.1,2019-01-29 08:27:00-05,
2024-08-28 18:50:00-04,ND0228,N,53,78.17,2.29%,2,ND0228 - US 301 NB AT HYETTS CORNER,12585.1,2019-01-29 08:27:00-05,
2024-08-28 18:55:00-04,ND0228,N,52,77.69,2.02%,2,ND0228 - US 301 NB AT HYETTS CORNER,12585.1,2019-01-29 08:27:00-05,
2024-08-28 19:00:00-04,ND0228,N,55,76.98,2.29%,2,ND0228 - US 301 NB AT HYETTS CORNER,12585.1,2019-01-29 08:27:00-05,
2024-08-28 19:05:00-04,ND0228,N,52,76.22,2.47%,2,ND0228 - US 301 NB AT HYETTS CORNER,12585.1,2019-01-29 08:27:00-05,
2024-08-28 19:10:00-04,ND0228,N,42,78.48,1.79%,2,ND0228 - US 301 NB AT HYETTS CORNER,12585.1,2019-01-29 08:27:00-05,
2024-08-28 19:15:00-04,ND0228,N,57,77.34,2.59%,2,ND0228 - US 301 NB AT HYETTS CORNER,12585.1,2019-01-29 08:27:00-05,
2024-08-28 19:20:00-04,ND0228,N,45,77.51,2.27%,2,ND0228 - US 301 NB AT HYETTS CORNER,12585.1,2019-01-29 08:27:00-05,
2024-08-28 19:25:00-04,ND0228,N,62,75.20,2.74%,2,ND0228 - US 301 NB AT HYETTS CORNER,12585.1,2019-01-29 08:27:00-05,
2024-08-28 19:30:00-04,ND0228,N,44,76.28,2.03%,2,ND0228 - US 301 NB AT HYETTS CORNER,12585.1,2019-01-29 08:27:00-05,
2024-08-28 19:35:00-04,ND0228,N,42,74.97,2.06%,2,ND0228 - US 301 NB AT HYETTS CORNER,12585.1,2019-01-29 08:27:00-05,
2024-08-28 19:40:00-04,ND0228,N,35,74.93,1.46%,2,ND0228 - US 301 NB AT HYETTS CORNER,12585.1,2019-01-29 08:27:00-05,
2024-08-28 19:45:00-04,ND0228,N,31,74.30,1.42%,2,ND0228 - US 301 NB AT HYETTS CORNER,12585.1,2019-01-29 08:27:00-05,
2024-08-28 19:50:00-04,ND0228,N,41,76.53,1.84%,2,ND0228 - US 301 NB AT HYETTS CORNER,12585.1,2019-01-29 08:27:00-05,
2024-08-28 19:55:00-04,ND0228,N,29,73.27,1.44%,2,ND0228 - US 301 NB AT HYETTS CORNER,12585.1,2019-01-29 08:27:00-05,
2024-08-28 20:00:00-04,ND0228,N,39,73.52,2.08%,2,ND0228 - US 301 NB AT HYETTS CORNER,12585.1,2019-01-29 08:27:00-05,
2024-08-28 20:05:00-04,ND0228,N,27,72.57,1.39%,2,ND0228 - US 301 NB AT HYETTS CORNER,12585.1,2019-01-29 08:27:00-05,
2024-08-28 20:10:00-04,ND0228,N,33,76.99,1.73%,2,ND0228 - US 301 NB AT HYETTS CORNER,12585.1,2019-01-29 08:27:00-05,
2024-08-28 20:15:00-04,ND0228,N,17,75.48,1.18%,2,ND0228 - US 301 NB AT HYETTS CORNER,12585.1,2019-01-29 08:27:00-05,
2024-08-28 20:20:00-04,ND0228,N,23,72.27,1.19%,2,ND0228 - US 301 NB AT HYETTS CORNER,12585.1,2019-01-29 08:27:00-05,
2024-08-28 20:25:00-04,ND0228,N,31,72.18,1.74%,2,ND0228 - US 301 NB AT HYETTS CORNER,12585.1,2019-01-29 08:27:00-05,
2024-08-28 20:30:00-04,ND0228,N,28,69.84,1.42%,2,ND0228 - US 301 NB AT HYETTS CORNER,12585.1,2019-01-29 08:27:00-05,
2024-08-28 20:35:00-04,ND0228,N,25,71.68,1.50%,2,ND0228 - US 301 NB AT HYETTS CORNER,12585.1,2019-01-29 08:27:00-05,
2024-08-28 20:40:00-04,ND0228,N,32,73.42,1.91%,2,ND0228 - US 301 NB AT HYETTS CORNER,12585.1,2019-01-29 08:27:00-05,
2024-08-28 20:45:00-04,ND0228,N,14,70.95,0.73%,2,ND0228 - US 301 NB AT HYETTS CORNER,12585.1,2019-01-29 08:27:00-05,
2024-08-28 20:50:00-04,ND0228,N,23,73.54,1.25%,2,ND0228 - US 301 NB AT HYETTS CORNER,12585.1,2019-01-29 08:27:00-05,
2024-08-28 20:55:00-04,ND0228,N,19,75.29,1.08%,2,ND0228 - US 301 NB AT HYETTS CORNER,12585.1,2019-01-29 08:27:00-05,
2024-08-28 21:00:00-04,ND0228,N,20,72.61,1.04%,2,ND0228 - US 301 NB AT HYETTS CORNER,12585.1,2019-01-29 08:27:00-05,
2024-08-28 21:05:00-04,ND0228,N,18,73.02,0.65%,2,ND0228 - US 301 NB AT HYETTS CORNER,12585.1,2019-01-29 08:27:00-05,
2024-08-28 21:10:00-04,ND0228,N,20,70.12,1.56%,2,ND0228 - US 301 NB AT HYETTS CORNER,12585.1,2019-01-29 08:27:00-05,
2024-08-28 21:15:00-04,ND0228,N,21,73.05,0.99%,2,ND0228 - US 301 NB AT HYETTS CORNER,12585.1,2019-01-29 08:27:00-05,
2024-08-28 21:20:00-04,ND0228,N,18,72.33,1.41%,2,ND0228 - US 301 NB AT HYETTS CORNER,12585.1,2019-01-29 08:27:00-05,
2024-08-28 21:25:00-04,ND0228,N,22,71.67,1.14%,2,ND0228 - US 301 NB AT HYETTS CORNER,12585.1,2019-01-29 08:27:00-05,
2024-08-28 21:30:00-04,ND0228,N,29,72.85,1.73%,2,ND0228 - US 301 NB AT HYETTS CORNER,12585.1,2019-01-29 08:27:00-05,
2024-08-28 21:35:00-04,ND0228,N,15,71.12,1.64%,1,ND0228 - US 301 NB AT HYETTS CORNER,12585.1,2019-01-29 08:27:00-05,
2024-08-28 21:40:00-04,ND0228,N,14,71.27,0.85%,2,ND0228 - US 301 NB AT HYETTS CORNER,12585.1,2019-01-29 08:27:00-05,
2024-08-28 21:45:00-04,ND0228,N,15,69.68,0.85%,2,ND0228 - US 301 NB AT HYETTS CORNER,12585.1,2019-01-29 08:27:00-05,
2024-08-28 21:50:00-04,ND0228,N,13,68.70,1.04%,2,ND0228 - US 301 NB AT HYETTS CORNER,12585.1,2019-01-29 08:27:00-05,
2024-08-28 21:55:00-04,ND0228,N,7,74.87,0.48%,2,ND0228 - US 301 NB AT HYETTS CORNER,12585.1,2019-01-29 08:27:00-05,
2024-08-28 22:00:00-04,ND0228,N,12,73.22,0.98%,2,ND0228 - US 301 NB AT HYETTS CORNER,12585.1,2019-01-29 08:27:00-05,
2024-08-28 22:05:00-04,ND0228,N,12,73.56,0.85%,2,ND0228 - US 301 NB AT HYETTS CORNER,12585.1,2019-01-29 08:27:00-05,
2024-08-28 22:10:00-04,ND0228,N,21,71.68,1.11%,2,ND0228 - US 301 NB AT HYETTS CORNER,12585.1,2019-01-29 08:27:00-05,
2024-08-28 22:15:00-04,ND0228,N,23,72.11,1.84%,2,ND0228 - US 301 NB AT HYETTS CORNER,12585.1,2019-01-29 08:27:00-05,
2024-08-28 22:20:00-04,ND0228,N,11,72.39,0.76%,2,ND0228 - US 301 NB AT HYETTS CORNER,12585.1,2019-01-29 08:27:00-05,
2024-08-28 22:25:00-04,ND0228,N,10,75.35,0.68%,2,ND0228 - US 301 NB AT HYETTS CORNER,12585.1,2019-01-29 08:27:00-05,
2024-08-28 22:30:00-04,ND0228,N,18,76.99,1.21%,2,ND0228 - US 301 NB AT HYETTS CORNER,12585.1,2019-01-29 08:27:00-05,
2024-08-28 22:35:00-04,ND0228,N,19,72.55,1.39%,2,ND0228 - US 301 NB AT HYETTS CORNER,12585.1,2019-01-29 08:27:00-05,
2024-08-28 22:40:00-04,ND0228,N,4,69.71,0.24%,2,ND0228 - US 301 NB AT HYETTS CORNER,12585.1,2019-01-29 08:27:00-05,
2024-08-28 22:45:00-04,ND0228,N,11,72.87,0.62%,2,ND0228 - US 301 NB AT HYETTS CORNER,12585.1,2019-01-29 08:27:00-05,
2024-08-28 22:50:00-04,ND0228,N,8,68.03,1.27%,1,ND0228 - US 301 NB AT HYETTS CORNER,12585.1,2019-01-29 08:27:00-05,
2024-08-28 22:55:00-04,ND0228,N,11,69.51,0.92%,2,ND0228 - US 301 NB AT HYETTS CORNER,12585.1,2019-01-29 08:27:00-05,
2024-08-28 23:00:00-04,ND0228,N,8,66.43,0.75%,2,ND0228 - US 301 NB AT HYETTS CORNER,12585.1,2019-01-29 08:27:00-05,
2024-08-28 23:05:00-04,ND0228,N,9,71.86,0.83%,2,ND0228 - US 301 NB AT HYETTS CORNER,12585.1,2019-01-29 08:27:00-05,
2024-08-28 23:10:00-04,ND0228,N,9,75.98,0.65%,2,ND0228 - US 301 NB AT HYETTS CORNER,12585.1,2019-01-29 08:27:00-05,
2024-08-28 23:15:00-04,ND0228,N,4,70.86,0.68%,1,ND0228 - US 301 NB AT HYETTS CORNER,12585.1,2019-01-29 08:27:00-05,
2024-08-28 23:20:00-04,ND0228,N,7,71.17,0.86%,2,ND0228 - US 301 NB AT HYETTS CORNER,12585.1,2019-01-29 08:27:00-05,
2024-08-28 23:25:00-04,ND0228,N,2,73.95,0.16%,1,ND0228 - US 301 NB AT HYETTS CORNER,12585.1,2019-01-29 08:27:00-05,
2024-08-28 23:30:00-04,ND0228,N,9,66.72,0.93%,2,ND0228 - US 301 NB AT HYETTS CORNER,12585.1,2019-01-29 08:27:00-05,
2024-08-28 23:35:00-04,ND0228,N,9,71.76,0.54%,2,ND0228 - US 301 NB AT HYETTS CORNER,12585.1,2019-01-29 08:27:00-05,
2024-08-28 23:40:00-04,ND0228,N,4,70.54,0.32%,2,ND0228 - US 301 NB AT HYETTS CORNER,12585.1,2019-01-29 08:27:00-05,
2024-08-28 23:45:00-04,ND0228,N,11,71.19,1.90%,1,ND0228 - US 301 NB AT HYETTS CORNER,12585.1,2019-01-29 08:27:00-05,
2024-08-28 23:50:00-04,ND0228,N,7,77.00,0.67%,2,ND0228 - US 301 NB AT HYETTS CORNER,12585.1,2019-01-29 08:27:00-05,
2024-08-28 23:55:00-04,ND0228,N,4,73.42,0.32%,1,ND0228 - US 301 NB AT HYETTS CORNER,12585.1,2019-01-29 08:27:00-05,
2024-08-29 00:00:00-04,ND0228,N,2,60.34,0.17%,1,ND0228 - US 301 NB AT HYETTS CORNER,12585.1,2019-01-29 08:27:00-05,
2024-08-29 00:05:00-04,ND0228,N,3,63.66,0.30%,2,ND0228 - US 301 NB AT HYETTS CORNER,12585.1,2019-01-29 08:27:00-05,
2024-08-29 00:10:00-04,ND0228,N,5,72.44,0.27%,2,ND0228 - US 301 NB AT HYETTS CORNER,12585.1,2019-01-29 08:27:00-05,
2024-08-29 00:15:00-04,ND0228,N,7,71.22,0.73%,2,ND0228 - US 301 NB AT HYETTS CORNER,12585.1,2019-01-29 08:27:00-05,
2024-08-29 00:20:00-04,ND0228,N,4,70.53,0.51%,1,ND0228 - US 301 NB AT HYETTS CORNER,12585.1,2019-01-29 08:27:00-05,
2024-08-29 00:25:00-04,ND0228,N,7,69.38,0.65%,2,ND0228 - US 301 NB AT HYETTS CORNER,12585.1,2019-01-29 08:27:00-05,
2024-08-29 00:30:00-04,ND0228,N,3,65.31,0.35%,2,ND0228 - US 301 NB AT HYETTS CORNER,12585.1,2019-01-29 08:27:00-05,
2024-08-29 00:35:00-04,ND0228,N,5,66.65,0.41%,2,ND0228 - US 301 NB AT HYETTS CORNER,12585.1,2019-01-29 08:27:00-05,
2024-08-29 00:40:00-04,ND0228,N,4,64.02,0.45%,2,ND0228 - US 301 NB AT HYETTS CORNER,12585.1,2019-01-29 08:27:00-05,
2024-08-29 00:45:00-04,ND0228,N,9,69.39,0.81%,2,ND0228 - US 301 NB AT HYETTS CORNER,12585.1,2019-01-29 08:27:00-05,
2024-08-29 00:50:00-04,ND0228,N,3,71.92,0.35%,2,ND0228 - US 301 NB AT HYETTS CORNER,12585.1,2019-01-29 08:27:00-05,
2024-08-29 00:55:00-04,ND0228,N,6,73.68,0.60%,2,ND0228 - US 301 NB AT HYETTS CORNER,12585.1,2019-01-29 08:27:00-05,
2024-08-29 01:00:00-04,ND0228,N,1,69.36,0.07%,1,ND0228 - US 301 NB AT HYETTS CORNER,12585.1,2019-01-29 08:27:00-05,
2024-08-29 01:05:00-04,ND0228,N,3,69.15,0.63%,1,ND0228 - US 301 NB AT HYETTS CORNER,12585.1,2019-01-29 08:27:00-05,
2024-08-29 01:10:00-04,ND0228,N,3,65.77,0.56%,1,ND0228 - US 301 NB AT HYETTS CORNER,12585.1,2019-01-29 08:27:00-05,
2024-08-29 01:15:00-04,ND0228,N,9,67.48,1.04%,2,ND0228 - US 301 NB AT HYETTS CORNER,12585.1,2019-01-29 08:27:00-05,
2024-08-29 01:20:00-04,ND0228,N,4,75.85,0.27%,2,ND0228 - US 301 NB AT HYETTS CORNER,12585.1,2019-01-29 08:27:00-05,
2024-08-29 01:25:00-04,ND0228,N,7,68.45,0.63%,2,ND0228 - US 301 NB AT HYETTS CORNER,12585.1,2019-01-29 08:27:00-05,
2024-08-29 01:30:00-04,ND0228,N,7,70.72,1.27%,1,ND0228 - US 301 NB AT HYETTS CORNER,12585.1,2019-01-29 08:27:00-05,
2024-08-29 01:35:00-04,ND0228,N,3,71.34,0.60%,1,ND0228 - US 301 NB AT HYETTS CORNER,12585.1,2019-01-29 08:27:00-05,
2024-08-29 01:40:00-04,ND0228,N,3,71.88,0.16%,2,ND0228 - US 301 NB AT HYETTS CORNER,12585.1,2019-01-29 08:27:00-05,
2024-08-29 01:45:00-04,ND0228,N,5,64.34,0.39%,2,ND0228 - US 301 NB AT HYETTS CORNER,12585.1,2019-01-29 08:27:00-05,
2024-08-29 01:50:00-04,ND0228,N,7,63.28,0.80%,2,ND0228 - US 301 NB AT HYETTS CORNER,12585.1,2019-01-29 08:27:00-05,
2024-08-29 01:55:00-04,ND0228,N,2,69.82,0.17%,2,ND0228 - US 301 NB AT HYETTS CORNER,12585.1,2019-01-29 08:27:00-05,
2024-08-29 02:00:00-04,ND0228,N,5,70.61,0.49%,2,ND0228 - US 301 NB AT HYETTS CORNER,12585.1,2019-01-29 08:27:00-05,
2024-08-29 02:05:00-04,ND0228,N,9,69.70,0.92%,2,ND0228 - US 301 NB AT HYETTS CORNER,12585.1,2019-01-29 08:27:00-05,
2024-08-29 02:10:00-04,ND0228,N,2,67.02,0.59%,1,ND0228 - US 301 NB AT HYETTS CORNER,12585.1,2019-01-29 08:27:00-05,
2024-08-29 02:15:00-04,ND0228,N,4,73.68,0.24%,2,ND0228 - US 301 NB AT HYETTS CORNER,12585.1,2019-01-29 08:27:00-05,
2024-08-29 02:20:00-04,ND0228,N,3,66.97,0.36%,1,ND0228 - US 301 NB AT HYETTS CORNER,12585.1,2019-01-29 08:27:00-05,
2024-08-29 02:25:00-04,ND0228,N,3,68.70,0.77%,1,ND0228 - US 301 NB AT HYETTS CORNER,12585.1,2019-01-29 08:27:00-05,
2024-08-29 02:30:00-04,ND0228,N,3,69.54,0.64%,1,ND0228 - US 301 NB AT HYETTS CORNER,12585.1,2019-01-29 08:27:00-05,
2024-08-29 02:35:00-04,ND0228,N,9,70.52,0.58%,2,ND0228 - US 301 NB AT HYETTS CORNER,12585.1,2019-01-29 08:27:00-05,
2024-08-29 02:40:00-04,ND0228,N,6,69.50,0.49%,2,ND0228 - US 301 NB AT HYETTS CORNER,12585.1,2019-01-29 08:27:00-05,
2024-08-29 02:45:00-04,ND0228,N,8,70.73,1.53%,1,ND0228 - US 301 NB AT HYETTS CORNER,12585.1,2019-01-29 08:27:00-05,
2024-08-29 02:50:00-04,ND0228,N,6,72.13,0.58%,2,ND0228 - US 301 NB AT HYETTS CORNER,12585.1,2019-01-29 08:27:00-05,
2024-08-29 02:55:00-04,ND0228,N,2,61.59,0.20%,1,ND0228 - US 301 NB AT HYETTS CORNER,12585.1,2019-01-29 08:27:00-05,
2024-08-29 03:00:00-04,ND0228,N,6,75.18,0.36%,2,ND0228 - US 301 NB AT HYETTS CORNER,12585.1,2019-01-29 08:27:00-05,
2024-08-29 03:05:00-04,ND0228,N,13,70.68,0.96%,2,ND0228 - US 301 NB AT HYETTS CORNER,12585.1,2019-01-29 08:27:00-05,
2024-08-29 03:10:00-04,ND0228,N,4,66.65,0.42%,2,ND0228 - US 301 NB AT HYETTS CORNER,12585.1,2019-01-29 08:27:00-05,
2024-08-29 03:15:00-04,ND0228,N,7,79.83,0.36%,2,ND0228 - US 301 NB AT HYETTS CORNER,12585.1,2019-01-29 08:27:00-05,
2024-08-29 03:20:00-04,ND0228,N,3,72.99,0.33%,2,ND0228 - US 301 NB AT HYETTS CORNER,12585.1,2019-01-29 08:27:00-05,
2024-08-29 03:25:00-04,ND0228,N,9,74.81,0.64%,2,ND0228 - US 301 NB AT HYETTS CORNER,12585.1,2019-01-29 08:27:00-05,
2024-08-29 03:30:00-04,ND0228,N,14,71.70,1.05%,2,ND0228 - US 301 NB AT HYETTS CORNER,12585.1,2019-01-29 08:27:00-05,
2024-08-29 03:35:00-04,ND0228,N,12,70.92,0.92%,2,ND0228 - US 301 NB AT HYETTS CORNER,12585.1,2019-01-29 08:27:00-05,
2024-08-29 03:40:00-04,ND0228,N,5,74.35,0.39%,2,ND0228 - US 301 NB AT HYETTS CORNER,12585.1,2019-01-29 08:27:00-05,
2024-08-29 03:45:00-04,ND0228,N,8,69.33,0.54%,2,ND0228 - US 301 NB AT HYETTS CORNER,12585.1,2019-01-29 08:27:00-05,
2024-08-29 03:50:00-04,ND0228,N,8,74.70,0.49%,2,ND0228 - US 301 NB AT HYETTS CORNER,12585.1,2019-01-29 08:27:00-05,
2024-08-29 03:55:00-04,ND0228,N,12,77.78,0.52%,2,ND0228 - US 301 NB AT HYETTS CORNER,12585.1,2019-01-29 08:27:00-05,
2024-08-29 04:00:00-04,ND0228,N,6,72.35,0.36%,2,ND0228 - US 301 NB AT HYETTS CORNER,12585.1,2019-01-29 08:27:00-05,
2024-08-29 04:05:00-04,ND0228,N,6,68.87,0.43%,2,ND0228 - US 301 NB AT HYETTS CORNER,12585.1,2019-01-29 08:27:00-05,
2024-08-29 04:10:00-04,ND0228,N,9,75.34,0.51%,2,ND0228 - US 301 NB AT HYETTS CORNER,12585.1,2019-01-29 08:27:00-05,
2024-08-29 04:15:00-04,ND0228,N,4,73.23,0.22%,2,ND0228 - US 301 NB AT HYETTS CORNER,12585.1,2019-01-29 08:27:00-05,
2024-08-29 04:20:00-04,ND0228,N,17,71.35,1.06%,2,ND0228 - US 301 NB AT HYETTS CORNER,12585.1,2019-01-29 08:27:00-05,
2024-08-29 04:25:00-04,ND0228,N,12,70.14,1.12%,2,ND0228 - US 301 NB AT HYETTS CORNER,12585.1,2019-01-29 08:27:00-05,
2024-08-29 04:30:00-04,ND0228,N,10,71.18,0.61%,2,ND0228 - US 301 NB AT HYETTS CORNER,12585.1,2019-01-29 08:27:00-05,
2024-08-29 04:35:00-04,ND0228,N,8,73.55,0.39%,2,ND0228 - US 301 NB AT HYETTS CORNER,12585.1,2019-01-29 08:27:00-05,
2024-08-29 04:40:00-04,ND0228,N,13,70.91,0.99%,2,ND0228 - US 301 NB AT HYETTS CORNER,12585.1,2019-01-29 08:27:00-05,
2024-08-29 04:45:00-04,ND0228,N,12,76.61,0.58%,2,ND0228 - US 301 NB AT HYETTS CORNER,12585.1,2019-01-29 08:27:00-05,
2024-08-29 04:50:00-04,ND0228,N,14,72.61,0.94%,2,ND0228 - US 301 NB AT HYETTS CORNER,12585.1,2019-01-29 08:27:00-05,
2024-08-29 04:55:00-04,ND0228,N,12,77.23,0.68%,2,ND0228 - US 301 NB AT HYETTS CORNER,12585.1,2019-01-29 08:27:00-05,
2024-08-29 05:00:00-04,ND0228,N,13,73.47,0.77%,2,ND0228 - US 301 NB AT HYETTS CORNER,12585.1,2019-01-29 08:27:00-05,
2024-08-29 05:05:00-04,ND0228,N,15,72.98,1.33%,2,ND0228 - US 301 NB AT HYETTS CORNER,12585.1,2019-01-29 08:27:00-05,
2024-08-29 05:10:00-04,ND0228,N,27,74.42,1.48%,2,ND0228 - US 301 NB AT HYETTS CORNER,12585.1,2019-01-29 08:27:00-05,
2024-08-29 05:15:00-04,ND0228,N,24,74.98,1.31%,2,ND0228 - US 301 NB AT HYETTS CORNER,12585.1,2019-01-29 08:27:00-05,
2024-08-29 05:20:00-04,ND0228,N,30,76.99,1.31%,2,ND0228 - US 301 NB AT HYETTS CORNER,12585.1,2019-01-29 08:27:00-05,
2024-08-29 05:25:00-04,ND0228,N,21,76.01,0.85%,2,ND0228 - US 301 NB AT HYETTS CORNER,12585.1,2019-01-29 08:27:00-05,
2024-08-29 05:30:00-04,ND0228,N,23,73.19,1.41%,2,ND0228 - US 301 NB AT HYETTS CORNER,12585.1,2019-01-29 08:27:00-05,
2024-08-29 05:35:00-04,ND0228,N,33,71.51,1.93%,2,ND0228 - US 301 NB AT HYETTS CORNER,12585.1,2019-01-29 08:27:00-05,
2024-08-29 05:40:00-04,ND0228,N,35,75.81,1.62%,2,ND0228 - US 301 NB AT HYETTS CORNER,12585.1,2019-01-29 08:27:00-05,
2024-08-29 05:45:00-04,ND0228,N,32,74.32,1.34%,2,ND0228 - US 301 NB AT HYETTS CORNER,12585.1,2019-01-29 08:27:00-05,
2024-08-29 05:50:00-04,ND0228,N,31,73.51,1.85%,2,ND0228 - US 301 NB AT HYETTS CORNER,12585.1,2019-01-29 08:27:00-05,
2024-08-29 05:55:00-04,ND0228,N,35,76.65,1.62%,2,ND0228 - US 301 NB AT HYETTS CORNER,12585.1,2019-01-29 08:27:00-05,
2024-08-29 06:00:00-04,ND0228,N,39,75.62,1.48%,2,ND0228 - US 301 NB AT HYETTS CORNER,12585.1,2019-01-29 08:27:00-05,
2024-08-29 06:05:00-04,ND0228,N,45,74.41,2.14%,2,ND0228 - US 301 NB AT HYETTS CORNER,12585.1,2019-01-29 08:27:00-05,
2024-08-29 06:10:00-04,ND0228,N,50,77.05,1.95%,2,ND0228 - US 301 NB AT HYETTS CORNER,12585.1,2019-01-29 08:27:00-05,
2024-08-29 06:15:00-04,ND0228,N,36,76.93,1.62%,2,ND0228 - US 301 NB AT HYETTS CORNER,12585.1,2019-01-29 08:27:00-05,
2024-08-29 06:20:00-04,ND0228,N,45,77.28,1.87%,2,ND0228 - US 301 NB AT HYETTS CORNER,12585.1,2019-01-29 08:27:00-05,
2024-08-29 06:25:00-04,ND0228,N,70,75.23,2.78%,2,ND0228 - US 301 NB AT HYETTS CORNER,12585.1,2019-01-29 08:27:00-05,
2024-08-29 06:30:00-04,ND0228,N,69,77.16,2.92%,2,ND0228 - US 301 NB AT HYETTS CORNER,12585.1,2019-01-29 08:27:00-05,
2024-08-29 06:35:00-04,ND0228,N,67,76.96,2.84%,2,ND0228 - US 301 NB AT HYETTS CORNER,12585.1,2019-01-29 08:27:00-05,
2024-08-29 06:40:00-04,ND0228,N,71,78.24,2.50%,2,ND0228 - US 301 NB AT HYETTS CORNER,12585.1,2019-01-29 08:27:00-05,
2024-08-29 06:45:00-04,ND0228,N,71,75.60,3.01%,2,ND0228 - US 301 NB AT HYETTS CORNER,12585.1,2019-01-29 08:27:00-05,
2024-08-29 06:50:00-04,ND0228,N,55,78.09,2.41%,2,ND0228 - US 301 NB AT HYETTS CORNER,12585.1,2019-01-29 08:27:00-05,
2024-08-29 06:55:00-04,ND0228,N,68,76.65,2.68%,2,ND0228 - US 301 NB AT HYETTS CORNER,12585.1,2019-01-29 08:27:00-05,
2024-08-29 07:00:00-04,ND0228,N,102,77.50,3.88%,2,ND0228 - US 301 NB AT HYETTS CORNER,12585.1,2019-01-29 08:27:00-05,
2024-08-29 07:05:00-04,ND0228,N,73,76.00,2.80%,2,ND0228 - US 301 NB AT HYETTS CORNER,12585.1,2019-01-29 08:27:00-05,
2024-08-29 07:10:00-04,ND0228,N,79,78.05,3.17%,2,ND0228 - US 301 NB AT HYETTS CORNER,12585.1,2019-01-29 08:27:00-05,
2024-08-29 07:15:00-04,ND0228,N,86,75.72,3.20%,2,ND0228 - US 301 NB AT HYETTS CORNER,12585.1,2019-01-29 08:27:00-05,
2024-08-29 07:20:00-04,ND0228,N,88,77.20,3.24%,2,ND0228 - US 301 NB AT HYETTS CORNER,12585.1,2019-01-29 08:27:00-05,
2024-08-29 07:25:00-04,ND0228,N,98,74.28,4.00%,2,ND0228 - US 301 NB AT HYETTS CORNER,12585.1,2019-01-29 08:27:00-05,
2024-08-29 07:30:00-04,ND0228,N,84,75.07,3.44%,2,ND0228 - US 301 NB AT HYETTS CORNER,12585.1,2019-01-29 08:27:00-05,
2024-08-29 07:35:00-04,ND0228,N,91,75.94,3.60%,2,ND0228 - US 301 NB AT HYETTS CORNER,12585.1,2019-01-29 08:27:00-05,
2024-08-29 07:40:00-04,ND0228,N,85,74.46,3.56%,2,ND0228 - US 301 NB AT HYETTS CORNER,12585.1,2019-01-29 08:27:00-05,
2024-08-29 07:45:00-04,ND0228,N,82,74.47,3.42%,2,ND0228 - US 301 NB AT HYETTS CORNER,12585.1,2019-01-29 08:27:00-05,
2024-08-29 07:50:00-04,ND0228,N,107,76.14,4.50%,2,ND0228 - US 301 NB AT HYETTS CORNER,12585.1,2019-01-29 08:27:00-05,
2024-08-29 07:55:00-04,ND0228,N,90,75.76,3.68%,2,ND0228 - US 301 NB AT HYETTS CORNER,12585.1,2019-01-29 08:27:00-05,
2024-08-29 08:00:00-04,ND0228,N,72,75.56,3.15%,2,ND0228 - US 301 NB AT HYETTS CORNER,12585.1,2019-01-29 08:27:00-05,
2024-08-29 08:05:00-04,ND0228,N,65,75.76,2.84%,2,ND0228 - US 301 NB AT HYETTS CORNER,12585.1,2019-01-29 08:27:00-05,
2024-08-29 08:10:00-04,ND0228,N,81,74.63,3.75%,2,ND0228 - US 301 NB AT HYETTS CORNER,12585.1,2019-01-29 08:27:00-05,
2024-08-29 08:15:00-04,ND0228,N,66,73.40,2.84%,2,ND0228 - US 301 NB AT HYETTS CORNER,12585.1,2019-01-29 08:27:00-05,
2024-08-29 08:20:00-04,ND0228,N,73,74.47,3.00%,2,ND0228 - US 301 NB AT HYETTS CORNER,12585.1,2019-01-29 08:27:00-05,
2024-08-29 08:25:00-04,ND0228,N,76,74.15,3.00%,2,ND0228 - US 301 NB AT HYETTS CORNER,12585.1,2019-01-29 08:27:00-05,
2024-08-29 08:30:00-04,ND0228,N,59,76.00,2.28%,2,ND0228 - US 301 NB AT HYETTS CORNER,12585.1,2019-01-29 08:27:00-05,
2024-08-29 08:35:00-04,ND0228,N,61,74.89,2.51%,2,ND0228 - US 301 NB AT HYETTS CORNER,12585.1,2019-01-29 08:27:00-05,
2024-08-29 08:40:00-04,ND0228,N,73,74.63,3.49%,2,ND0228 - US 301 NB AT HYETTS CORNER,12585.1,2019-01-29 08:27:00-05,
2024-08-29 08:45:00-04,ND0228,N,74,74.06,3.16%,2,ND0228 - US 301 NB AT HYETTS CORNER,12585.1,2019-01-29 08:27:00-05,
2024-08-29 08:50:00-04,ND0228,N,67,77.31,2.68%,2,ND0228 - US 301 NB AT HYETTS CORNER,12585.1,2019-01-29 08:27:00-05,
2024-08-29 08:55:00-04,ND0228,N,52,73.08,2.61%,2,ND0228 - US 301 NB AT HYETTS CORNER,12585.1,2019-01-29 08:27:00-05,
2024-08-29 09:00:00-04,ND0228,N,66,75.49,2.93%,2,ND0228 - US 301 NB AT HYETTS CORNER,12585.1,2019-01-29 08:27:00-05,
2024-08-29 09:05:00-04,ND0228,N,58,75.46,2.46%,2,ND0228 - US 301 NB AT HYETTS CORNER,12585.1,2019-01-29 08:27:00-05,
2024-08-29 09:10:00-04,ND0228,N,64,75.79,2.56%,2,ND0228 - US 301 NB AT HYETTS CORNER,12585.1,2019-01-29 08:27:00-05,
2024-08-29 09:15:00-04,ND0228,N,76,72.79,3.58%,2,ND0228 - US 301 NB AT HYETTS CORNER,12585.1,2019-01-29 08:27:00-05,
2024-08-29 09:20:00-04,ND0228,N,49,77.22,1.98%,2,ND0228 - US 301 NB AT HYETTS CORNER,12585.1,2019-01-29 08:27:00-05,
2024-08-29 09:25:00-04,ND0228,N,72,74.10,3.29%,2,ND0228 - US 301 NB AT HYETTS CORNER,12585.1,2019-01-29 08:27:00-05,
2024-08-29 09:30:00-04,ND0228,N,67,73.77,3.18%,2,ND0228 - US 301 NB AT HYETTS CORNER,12585.1,2019-01-29 08:27:00-05,
2024-08-29 09:35:00-04,ND0228,N,66,74.87,2.91%,2,ND0228 - US 301 NB AT HYETTS CORNER,12585.1,2019-01-29 08:27:00-05,
2024-08-29 09:40:00-04,ND0228,N,51,74.35,2.69%,2,ND0228 - US 301 NB AT HYETTS CORNER,12585.1,2019-01-29 08:27:00-05,
2024-08-29 09:45:00-04,ND0228,N,59,75.22,2.34%,2,ND0228 - US 301 NB AT HYETTS CORNER,12585.1,2019-01-29 08:27:00-05,
2024-08-29 09:50:00-04,ND0228,N,75,74.34,3.55%,2,ND0228 - US 301 NB AT HYETTS CORNER,12585.1,2019-01-29 08:27:00-05,
2024-08-29 09:55:00-04,ND0228,N,63,75.96,3.22%,2,ND0228 - US 301 NB AT HYETTS CORNER,12585.1,2019-01-29 08:27:00-05,
2024-08-29 10:00:00-04,ND0228,N,58,75.52,2.35%,2,ND0228 - US 301 NB AT HYETTS CORNER,12585.1,2019-01-29 08:27:00-05,
2024-08-29 10:05:00-04,ND0228,N,40,71.83,1.94%,2,ND0228 - US 301 NB AT HYETTS CORNER,12585.1,2019-01-29 08:27:00-05,
2024-08-29 10:10:00-04,ND0228,N,65,71.76,2.73%,2,ND0228 - US 301 NB AT HYETTS CORNER,12585.1,2019-01-29 08:27:00-05,
2024-08-29 10:15:00-04,ND0228,N,62,71.82,2.87%,2,ND0228 - US 301 NB AT HYETTS CORNER,12585.1,2019-01-29 08:27:00-05,
2024-08-29 10:20:00-04,ND0228,N,48,71.49,2.79%,2,ND0228 - US 301 NB AT HYETTS CORNER,12585.1,2019-01-29 08:27:00-05,
2024-08-29 10:25:00-04,ND0228,N,46,75.15,2.33%,2,ND0228 - US 301 NB AT HYETTS CORNER,12585.1,2019-01-29 08:27:00-05,
2024-08-29 10:30:00-04,ND0228,N,47,75.67,1.95%,2,ND0228 - US 301 NB AT HYETTS CORNER,12585.1,2019-01-29 08:27:00-05,
2024-08-29 10:35:00-04,ND0228,N,51,72.29,2.66%,2,ND0228 - US 301 NB AT HYETTS CORNER,12585.1,2019-01-29 08:27:00-05,
2024-08-29 10:40:00-04,ND0228,N,79,76.27,3.25%,2,ND0228 - US 301 NB AT HYETTS CORNER,12585.1,2019-01-29 08:27:00-05,
2024-08-29 10:45:00-04,ND0228,N,64,73.48,3.14%,2,ND0228 - US 301 NB AT HYETTS CORNER,12585.1,2019-01-29 08:27:00-05,
2024-08-29 10:50:00-04,ND0228,N,50,75.56,1.96%,2,ND0228 - US 301 NB AT HYETTS CORNER,12585.1,2019-01-29 08:27:00-05,
2024-08-29 10:55:00-04,ND0228,N,47,73.96,2.30%,2,ND0228 - US 301 NB AT HYETTS CORNER,12585.1,2019-01-29 08:27:00-05,
2024-08-29 11:00:00-04,ND0228,N,59,73.95,2.67%,2,ND0228 - US 301 NB AT HYETTS CORNER,12585.1,2019-01-29 08:27:00-05,
2024-08-29 11:05:00-04,ND0228,N,43,71.81,2.34%,2,ND0228 - US 301 NB AT HYETTS CORNER,12585.1,2019-01-29 08:27:00-05,
2024-08-29 11:10:00-04,ND0228,N,60,76.14,2.26%,2,ND0228 - US 301 NB AT HYETTS CORNER,12585.1,2019-01-29 08:27:00-05,
2024-08-29 11:15:00-04,ND0228,N,73,72.96,3.29%,2,ND0228 - US 301 NB AT HYETTS CORNER,12585.1,2019-01-29 08:27:00-05,
2024-08-29 11:20:00-04,ND0228,N,48,74.25,2.25%,2,ND0228 - US 301 NB AT HYETTS CORNER,12585.1,2019-01-29 08:27:00-05,
2024-08-29 11:25:00-04,ND0228,N,63,71.78,3.28%,2,ND0228 - US 301 NB AT HYETTS CORNER,12585.1,2019-01-29 08:27:00-05,
2024-08-29 11:30:00-04,ND0228,N,69,74.82,3.01%,2,ND0228 - US 301 NB AT HYETTS CORNER,12585.1,2019-01-29 08:27:00-05,
2024-08-29 11:35:00-04,ND0228,N,56,74.59,2.60%,2,ND0228 - US 301 NB AT HYETTS CORNER,12585.1,2019-01-29 08:27:00-05,
2024-08-29 11:40:00-04,ND0228,N,66,73.91,3.03%,2,ND0228 - US 301 NB AT HYETTS CORNER,12585.1,2019-01-29 08:27:00-05,
2024-08-29 11:45:00-04,ND0228,N,58,74.00,2.65%,2,ND0228 - US 301 NB AT HYETTS CORNER,12585.1,2019-01-29 08:27:00-05,
2024-08-29 11:50:00-04,ND0228,N,57,74.62,2.43%,2,ND0228 - US 301 NB AT HYETTS CORNER,12585.1,2019-01-29 08:27:00-05,
2024-08-29 11:55:00-04,ND0228,N,48,73.65,2.17%,2,ND0228 - US 301 NB AT HYETTS CORNER,12585.1,2019-01-29 08:27:00-05,
2024-08-29 12:00:00-04,ND0228,N,47,73.53,2.34%,2,ND0228 - US 301 NB AT HYETTS CORNER,12585.1,2019-01-29 08:27:00-05,
2024-08-29 12:05:00-04,ND0228,N,52,77.39,2.31%,2,ND0228 - US 301 NB AT HYETTS CORNER,12585.1,2019-01-29 08:27:00-05,
2024-08-29 12:10:00-04,ND0228,N,55,75.91,2.53%,2,ND0228 - US 301 NB AT HYETTS CORNER,12585.1,2019-01-29 08:27:00-05,
2024-08-29 12:15:00-04,ND0228,N,58,73.65,3.02%,2,ND0228 - US 301 NB AT HYETTS CORNER,12585.1,2019-01-29 08:27:00-05,
2024-08-29 12:20:00-04,ND0228,N,63,74.10,2.84%,2,ND0228 - US 301 NB AT HYETTS CORNER,12585.1,2019-01-29 08:27:00-05,
2024-08-29 12:25:00-04,ND0228,N,59,73.50,2.89%,2,ND0228 - US 301 NB AT HYETTS CORNER,12585.1,2019-01-29 08:27:00-05,
2024-08-29 12:30:00-04,ND0228,N,63,75.15,2.92%,2,ND0228 - US 301 NB AT HYETTS CORNER,12585.1,2019-01-29 08:27:00-05,
2024-08-29 12:35:00-04,ND0228,N,61,73.31,2.94%,2,ND0228 - US 301 NB AT HYETTS CORNER,12585.1,2019-01-29 08:27:00-05,
2024-08-29 12:40:00-04,ND0228,N,52,74.29,2.70%,2,ND0228 - US 301 NB AT HYETTS CORNER,12585.1,2019-01-29 08:27:00-05,
2024-08-29 12:45:00-04,ND0228,N,61,75.38,2.51%,2,ND0228 - US 301 NB AT HYETTS CORNER,12585.1,2019-01-29 08:27:00-05,
2024-08-29 12:50:00-04,ND0228,N,51,74.21,2.50%,2,ND0228 - US 301 NB AT HYETTS CORNER,12585.1,2019-01-29 08:27:00-05,
2024-08-29 12:55:00-04,ND0228,N,40,73.81,1.66%,2,ND0228 - US 301 NB AT HYETTS CORNER,12585.1,2019-01-29 08:27:00-05,
2024-08-29 13:00:00-04,ND0228,N,52,74.83,2.51%,2,ND0228 - US 301 NB AT HYETTS CORNER,12585.1,2019-01-29 08:27:00-05,
2024-08-29 13:05:00-04,ND0228,N,56,73.29,2.53%,2,ND0228 - US 301 NB AT HYETTS CORNER,12585.1,2019-01-29 08:27:00-05,
2024-08-29 13:10:00-04,ND0228,N,54,73.00,2.60%,2,ND0228 - US 301 NB AT HYETTS CORNER,12585.1,2019-01-29 08:27:00-05,
2024-08-29 13:15:00-04,ND0228,N,50,70.82,2.55%,2,ND0228 - US 301 NB AT HYETTS CORNER,12585.1,2019-01-29 08:27:00-05,
2024-08-29 13:20:00-04,ND0228,N,74,69.62,3.55%,2,ND0228 - US 301 NB AT HYETTS CORNER,12585.1,2019-01-29 08:27:00-05,
2024-08-29 13:25:00-04,ND0228,N,53,74.30,2.25%,2,ND0228 - US 301 NB AT HYETTS CORNER,12585.1,2019-01-29 08:27:00-05,
2024-08-29 13:30:00-04,ND0228,N,77,73.84,3.45%,2,ND0228 - US 301 NB AT HYETTS CORNER,12585.1,2019-01-29 08:27:00-05,
2024-08-29 13:35:00-04,ND0228,N,61,74.25,2.76%,2,ND0228 - US 301 NB AT HYETTS CORNER,12585.1,2019-01-29 08:27:00-05,
2024-08-29 13:40:00-04,ND0228,N,63,73.92,2.78%,2,ND0228 - US 301 NB AT HYETTS CORNER,12585.1,2019-01-29 08:27:00-05,
2024-08-29 13:45:00-04,ND0228,N,66,72.97,3.12%,2,ND0228 - US 301 NB AT HYETTS CORNER,12585.1,2019-01-29 08:27:00-05,
2024-08-29 13:50:00-04,ND0228,N,59,74.40,2.55%,2,ND0228 - US 301 NB AT HYETTS CORNER,12585.1,2019-01-29 08:27:00-05,
2024-08-29 13:55:00-04,ND0228,N,50,75.26,2.33%,2,ND0228 - US 301 NB AT HYETTS CORNER,12585.1,2019-01-29 08:27:00-05,
2024-08-29 14:00:00-04,ND0228,N,60,73.97,2.68%,2,ND0228 - US 301 NB AT HYETTS CORNER,12585.1,2019-01-29 08:27:00-05,
2024-08-29 14:05:00-04,ND0228,N,55,74.04,2.34%,2,ND0228 - US 301 NB AT HYETTS CORNER,12585.1,2019-01-29 08:27:00-05,
2024-08-29 14:10:00-04,ND0228,N,72,75.72,2.69%,2,ND0228 - US 301 NB AT HYETTS CORNER,12585.1,2019-01-29 08:27:00-05,
2024-08-29 14:15:00-04,ND0228,N,71,75.67,3.31%,2,ND0228 - US 301 NB AT HYETTS CORNER,12585.1,2019-01-29 08:27:00-05,
2024-08-29 14:20:00-04,ND0228,N,86,78.54,3.13%,2,ND0228 - US 301 NB AT HYETTS CORNER,12585.1,2019-01-29 08:27:00-05,
2024-08-29 14:25:00-04,ND0228,N,69,77.45,2.81%,2,ND0228 - US 301 NB AT HYETTS CORNER,12585.1,2019-01-29 08:27:00-05,
2024-08-29 14:30:00-04,ND0228,N,60,78.49,2.53%,2,ND0228 - US 301 NB AT HYETTS CORNER,12585.1,2019-01-29 08:27:00-05,
2024-08-29 14:35:00-04,ND0228,N,81,75.46,3.39%,2,ND0228 - US 301 NB AT HYETTS CORNER,12585.1,2019-01-29 08:27:00-05,
2024-08-29 14:40:00-04,ND0228,N,93,77.62,3.64%,2,ND0228 - US 301 NB AT HYETTS CORNER,12585.1,2019-01-29 08:27:00-05,
2024-08-29 14:45:00-04,ND0228,N,94,75.19,4.06%,2,ND0228 - US 301 NB AT HYETTS CORNER,12585.1,2019-01-29 08:27:00-05,
2024-08-29 14:50:00-04,ND0228,N,74,75.79,3.13%,2,ND0228 - US 301 NB AT HYETTS CORNER,12585.1,2019-01-29 08:27:00-05,
2024-08-29 14:55:00-04,ND0228,N,62,75.30,3.05%,2,ND0228 - US 301 NB AT HYETTS CORNER,12585.1,2019-01-29 08:27:00-05,
2024-08-29 15:00:00-04,ND0228,N,80,75.85,3.21%,2,ND0228 - US 301 NB AT HYETTS CORNER,12585.1,2019-01-29 08:27:00-05,
2024-08-29 15:05:00-04,ND0228,N,73,75.83,2.84%,2,ND0228 - US 301 NB AT HYETTS CORNER,12585.1,2019-01-29 08:27:00-05,
2024-08-29 15:10:00-04,ND0228,N,108,74.79,4.34%,2,ND0228 - US 301 NB AT HYETTS CORNER,12585.1,2019-01-29 08:27:00-05,
2024-08-29 15:15:00-04,ND0228,N,94,74.14,4.22%,2,ND0228 - US 301 NB AT HYETTS CORNER,12585.1,2019-01-29 08:27:00-05,
2024-08-29 15:20:00-04,ND0228,N,79,76.43,3.42%,2,ND0228 - US 301 NB AT HYETTS CORNER,12585.1,2019-01-29 08:27:00-05,
2024-08-29 15:25:00-04,ND0228,N,85,74.54,3.64%,2,ND0228 - US 301 NB AT HYETTS CORNER,12585.1,2019-01-29 08:27:00-05,
2024-08-29 15:30:00-04,ND0228,N,77,77.35,3.01%,2,ND0228 - US 301 NB AT HYETTS CORNER,12585.1,2019-01-29 08:27:00-05,
2024-08-29 15:35:00-04,ND0228,N,96,75.85,4.02%,2,ND0228 - US 301 NB AT HYETTS CORNER,12585.1,2019-01-29 08:27:00-05,
2024-08-29 15:40:00-04,ND0228,N,85,75.03,3.54%,2,ND0228 - US 301 NB AT HYETTS CORNER,12585.1,2019-01-29 08:27:00-05,
2024-08-29 15:45:00-04,ND0228,N,86,74.33,3.75%,2,ND0228 - US 301 NB AT HYETTS CORNER,12585.1,2019-01-29 08:27:00-05,
2024-08-29 15:50:00-04,ND0228,N,89,74.93,4.15%,2,ND0228 - US 301 NB AT HYETTS CORNER,12585.1,2019-01-29 08:27:00-05,
2024-08-29 15:55:00-04,ND0228,N,97,72.49,4.44%,2,ND0228 - US 301 NB AT HYETTS CORNER,12585.1,2019-01-29 08:27:00-05,
2024-08-29 16:00:00-04,ND0228,N,88,77.27,3.66%,2,ND0228 - US 301 NB AT HYETTS CORNER,12585.1,2019-01-29 08:27:00-05,
2024-08-29 16:05:00-04,ND0228,N,80,76.37,3.21%,2,ND0228 - US 301 NB AT HYETTS CORNER,12585.1,2019-01-29 08:27:00-05,
2024-08-29 16:10:00-04,ND0228,N,58,76.10,2.40%,2,ND0228 - US 301 NB AT HYETTS CORNER,12585.1,2019-01-29 08:27:00-05,
2024-08-29 16:15:00-04,ND0228,N,88,77.20,3.74%,2,ND0228 - US 301 NB AT HYETTS CORNER,12585.1,2019-01-29 08:27:00-05,
2024-08-29 16:20:00-04,ND0228,N,124,76.45,4.85%,2,ND0228 - US 301 NB AT HYETTS CORNER,12585.1,2019-01-29 08:27:00-05,
2024-08-29 16:25:00-04,ND0228,N,83,74.74,3.55%,2,ND0228 - US 301 NB AT HYETTS CORNER,12585.1,2019-01-29 08:27:00-05,
2024-08-29 16:30:00-04,ND0228,N,88,75.96,3.60%,2,ND0228 - US 301 NB AT HYETTS CORNER,12585.1,2019-01-29 08:27:00-05,
2024-08-29 16:35:00-04,ND0228,N,77,74.53,3.29%,2,ND0228 - US 301 NB AT HYETTS CORNER,12585.1,2019-01-29 08:27:00-05,
2024-08-29 16:40:00-04,ND0228,N,85,76.15,3.39%,2,ND0228 - US 301 NB AT HYETTS CORNER,12585.1,2019-01-29 08:27:00-05,
2024-08-29 16:45:00-04,ND0228,N,99,74.99,4.06%,2,ND0228 - US 301 NB AT HYETTS CORNER,12585.1,2019-01-29 08:27:00-05,
2024-08-29 16:50:00-04,ND0228,N,85,76.52,3.66%,2,ND0228 - US 301 NB AT HYETTS CORNER,12585.1,2019-01-29 08:27:00-05,
2024-08-29 16:55:00-04,ND0228,N,74,74.88,3.00%,2,ND0228 - US 301 NB AT HYETTS CORNER,12585.1,2019-01-29 08:27:00-05,
2024-08-29 17:00:00-04,ND0228,N,100,75.02,4.28%,2,ND0228 - US 301 NB AT HYETTS CORNER,12585.1,2019-01-29 08:27:00-05,
2024-08-29 17:05:00-04,ND0228,N,71,76.01,2.67%,2,ND0228 - US 301 NB AT HYETTS CORNER,12585.1,2019-01-29 08:27:00-05,
2024-08-29 17:10:00-04,ND0228,N,110,75.71,4.63%,2,ND0228 - US 301 NB AT HYETTS CORNER,12585.1,2019-01-29 08:27:00-05,
2024-08-29 17:15:00-04,ND0228,N,81,75.63,3.13%,2,ND0228 - US 301 NB AT HYETTS CORNER,12585.1,2019-01-29 08:27:00-05,
2024-08-29 17:20:00-04,ND0228,N,95,77.34,3.69%,2,ND0228 - US 301 NB AT HYETTS CORNER,12585.1,2019-01-29 08:27:00-05,
2024-08-29 17:25:00-04,ND0228,N,102,74.79,3.96%,2,ND0228 - US 301 NB AT HYETTS CORNER,12585.1,2019-01-29 08:27:00-05,
2024-08-29 17:30:00-04,ND0228,N,110,76.24,4.29%,2,ND0228 - US 301 NB AT HYETTS CORNER,12585.1,2019-01-29 08:27:00-05,
2024-08-29 17:35:00-04,ND0228,N,106,76.33,4.01%,2,ND0228 - US 301 NB AT HYETTS CORNER,12585.1,2019-01-29 08:27:00-05,
2024-08-29 17:40:00-04,ND0228,N,98,77.21,3.62%,2,ND0228 - US 301 NB AT HYETTS CORNER,12585.1,2019-01-29 08:27:00-05,
2024-08-29 17:45:00-04,ND0228,N,91,77.92,3.48%,2,ND0228 - US 301 NB AT HYETTS CORNER,12585.1,2019-01-29 08:27:00-05,
2024-08-29 17:50:00-04,ND0228,N,75,75.57,3.32%,2,ND0228 - US 301 NB AT HYETTS CORNER,12585.1,2019-01-29 08:27:00-05,
2024-08-29 17:55:00-04,ND0228,N,89,76.83,3.39%,2,ND0228 - US 301 NB AT HYETTS CORNER,12585.1,2019-01-29 08:27:00-05,
2024-08-29 18:00:00-04,ND0228,N,105,77.43,4.41%,2,ND0228 - US 301 NB AT HYETTS CORNER,12585.1,2019-01-29 08:27:00-05,
2024-08-29 18:05:00-04,ND0228,N,66,77.09,2.49%,2,ND0228 - US 301 NB AT HYETTS CORNER,12585.1,2019-01-29 08:27:00-05,
2024-08-29 18:10:00-04,ND0228,N,80,76.54,3.01%,2,ND0228 - US 301 NB AT HYETTS CORNER,12585.1,2019-01-29 08:27:00-05,
2024-08-29 18:15:00-04,ND0228,N,89,76.52,3.42%,2,ND0228 - US 301 NB AT HYETTS CORNER,12585.1,2019-01-29 08:27:00-05,
2024-08-29 18:20:00-04,ND0228,N,84,73.18,3.98%,2,ND0228 - US 301 NB AT HYETTS CORNER,12585.1,2019-01-29 08:27:00-05,
2024-08-29 18:25:00-04,ND0228,N,95,76.74,3.83%,2,ND0228 - US 301 NB AT HYETTS CORNER,12585.1,2019-01-29 08:27:00-05,
2024-08-29 18:30:00-04,ND0228,N,110,75.03,4.57%,2,ND0228 - US 301 NB AT HYETTS CORNER,12585.1,2019-01-29 08:27:00-05,
2024-08-29 18:35:00-04,ND0228,N,67,75.51,2.54%,2,ND0228 - US 301 NB AT HYETTS CORNER,12585.1,2019-01-29 08:27:00-05,
2024-08-29 18:40:00-04,ND0228,N,82,74.86,3.43%,2,ND0228 - US 301 NB AT HYETTS CORNER,12585.1,2019-01-29 08:27:00-05,
2024-08-29 18:45:00-04,ND0228,N,72,75.04,3.46%,2,ND0228 - US 301 NB AT HYETTS CORNER,12585.1,2019-01-29 08:27:00-05,
2024-08-29 18:50:00-04,ND0228,N,80,73.94,3.40%,2,ND0228 - US 301 NB AT HYETTS CORNER,12585.1,2019-01-29 08:27:00-05,
2024-08-29 18:55:00-04,ND0228,N,77,75.16,3.51%,2,ND0228 - US 301 NB AT HYETTS CORNER,12585.1,2019-01-29 08:27:00-05,
2024-08-29 19:00:00-04,ND0228,N,102,74.57,4.97%,2,ND0228 - US 301 NB AT HYETTS CORNER,12585.1,2019-01-29 08:27:00-05,
2024-08-29 19:05:00-04,ND0228,N,96,75.56,3.94%,2,ND0228 - US 301 NB AT HYETTS CORNER,12585.1,2019-01-29 08:27:00-05,
2024-08-29 19:10:00-04,ND0228,N,69,75.54,3.22%,2,ND0228 - US 301 NB AT HYETTS CORNER,12585.1,2019-01-29 08:27:00-05,
2024-08-29 19:15:00-04,ND0228,N,61,74.94,2.61%,2,ND0228 - US 301 NB AT HYETTS CORNER,12585.1,2019-01-29 08:27:00-05,
2024-08-29 19:20:00-04,ND0228,N,77,73.70,3.55%,2,ND0228 - US 301 NB AT HYETTS CORNER,12585.1,2019-01-29 08:27:00-05,
2024-08-29 19:25:00-04,ND0228,N,67,75.04,2.59%,2,ND0228 - US 301 NB AT HYETTS CORNER,12585.1,2019-01-29 08:27:00-05,
2024-08-29 19:30:00-04,ND0228,N,69,73.76,3.28%,2,ND0228 - US 301 NB AT HYETTS CORNER,12585.1,2019-01-29 08:27:00-05,
2024-08-29 19:35:00-04,ND0228,N,59,73.86,2.67%,2,ND0228 - US 301 NB AT HYETTS CORNER,12585.1,2019-01-29 08:27:00-05,
2024-08-29 19:40:00-04,ND0228,N,53,74.94,2.36%,2,ND0228 - US 301 NB AT HYETTS CORNER,12585.1,2019-01-29 08:27:00-05,
2024-08-29 19:45:00-04,ND0228,N,55,73.44,2.48%,2,ND0228 - US 301 NB AT HYETTS CORNER,12585.1,2019-01-29 08:27:00-05,
2024-08-29 19:50:00-04,ND0228,N,54,75.29,2.26%,2,ND0228 - US 301 NB AT HYETTS CORNER,12585.1,2019-01-29 08:27:00-05,
2024-08-29 19:55:00-04,ND0228,N,45,71.79,2.32%,2,ND0228 - US 301 NB AT HYETTS CORNER,12585.1,2019-01-29 08:27:00-05,
2024-08-29 20:00:00-04,ND0228,N,44,72.28,1.74%,2,ND0228 - US 301 NB AT HYETTS CORNER,12585.1,2019-01-29 08:27:00-05,
2024-08-29 20:05:00-04,ND0228,N,50,71.79,2.18%,2,ND0228 - US 301 NB AT HYETTS CORNER,12585.1,2019-01-29 08:27:00-05,
2024-08-29 20:10:00-04,ND0228,N,33,70.76,1.49%,2,ND0228 - US 301 NB AT HYETTS CORNER,12585.1,2019-01-29 08:27:00-05,
2024-08-29 20:15:00-04,ND0228,N,43,73.50,1.71%,2,ND0228 - US 301 NB AT HYETTS CORNER,12585.1,2019-01-29 08:27:00-05,
2024-08-29 20:20:00-04,ND0228,N,32,70.07,1.78%,2,ND0228 - US 301 NB AT HYETTS CORNER,12585.1,2019-01-29 08:27:00-05,
2024-08-29 20:25:00-04,ND0228,N,26,72.74,1.39%,2,ND0228 - US 301 NB AT HYETTS CORNER,12585.1,2019-01-29 08:27:00-05,
2024-08-29 20:30:00-04,ND0228,N,37,69.74,1.84%,2,ND0228 - US 301 NB AT HYETTS CORNER,12585.1,2019-01-29 08:27:00-05,
2024-08-29 20:35:00-04,ND0228,N,25,71.99,1.23%,2,ND0228 - US 301 NB AT HYETTS CORNER,12585.1,2019-01-29 08:27:00-05,
2024-08-29 20:40:00-04,ND0228,N,29,73.76,1.51%,2,ND0228 - US 301 NB AT HYETTS CORNER,12585.1,2019-01-29 08:27:00-05,
2024-08-29 20:45:00-04,ND0228,N,15,70.21,0.75%,2,ND0228 - US 301 NB AT HYETTS CORNER,12585.1,2019-01-29 08:27:00-05,
2024-08-29 20:50:00-04,ND0228,N,21,72.43,1.41%,2,ND0228 - US 301 NB AT HYETTS CORNER,12585.1,2019-01-29 08:27:00-05,
2024-08-29 20:55:00-04,ND0228,N,19,73.85,1.03%,2,ND0228 - US 301 NB AT HYETTS CORNER,12585.1,2019-01-29 08:27:00-05,
2024-08-29 21:00:00-04,ND0228,N,12,73.58,0.53%,2,ND0228 - US 301 NB AT HYETTS CORNER,12585.1,2019-01-29 08:27:00-05,
2024-08-29 21:05:00-04,ND0228,N,23,69.61,1.06%,2,ND0228 - US 301 NB AT HYETTS CORNER,12585.1,2019-01-29 08:27:00-05,
2024-08-29 21:10:00-04,ND0228,N,23,73.64,1.16%,2,ND0228 - US 301 NB AT HYETTS CORNER,12585.1,2019-01-29 08:27:00-05,
2024-08-29 21:15:00-04,ND0228,N,29,67.97,1.80%,2,ND0228 - US 301 NB AT HYETTS CORNER,12585.1,2019-01-29 08:27:00-05,
2024-08-29 21:20:00-04,ND0228,N,26,72.82,1.60%,2,ND0228 - US 301 NB AT HYETTS CORNER,12585.1,2019-01-29 08:27:00-05,
2024-08-29 21:25:00-04,ND0228,N,21,68.66,1.03%,2,ND0228 - US 301 NB AT HYETTS CORNER,12585.1,2019-01-29 08:27:00-05,
2024-08-29 21:30:00-04,ND0228,N,28,71.71,1.52%,2,ND0228 - US 301 NB AT HYETTS CORNER,12585.1,2019-01-29 08:27:00-05,
2024-08-29 21:35:00-04,ND0228,N,16,69.12,0.94%,2,ND0228 - US 301 NB AT HYETTS CORNER,12585.1,2019-01-29 08:27:00-05,
2024-08-29 21:40:00-04,ND0228,N,18,70.94,1.39%,2,ND0228 - US 301 NB AT HYETTS CORNER,12585.1,2019-01-29 08:27:00-05,
2024-08-29 21:45:00-04,ND0228,N,15,70.83,0.94%,2,ND0228 - US 301 NB AT HYETTS CORNER,12585.1,2019-01-29 08:27:00-05,
2024-08-29 21:50:00-04,ND0228,N,13,70.22,0.89%,2,ND0228 - US 301 NB AT HYETTS CORNER,12585.1,2019-01-29 08:27:00-05,
2024-08-29 21:55:00-04,ND0228,N,11,73.12,0.37%,2,ND0228 - US 301 NB AT HYETTS CORNER,12585.1,2019-01-29 08:27:00-05,
2024-08-29 22:00:00-04,ND0228,N,12,76.94,0.54%,2,ND0228 - US 301 NB AT HYETTS CORNER,12585.1,2019-01-29 08:27:00-05,
2024-08-29 22:05:00-04,ND0228,N,18,73.09,1.19%,2,ND0228 - US 301 NB AT HYETTS CORNER,12585.1,2019-01-29 08:27:00-05,
2024-08-29 22:10:00-04,ND0228,N,15,72.27,0.67%,2,ND0228 - US 301 NB AT HYETTS CORNER,12585.1,2019-01-29 08:27:00-05,
2024-08-29 22:15:00-04,ND0228,N,17,69.04,1.14%,2,ND0228 - US 301 NB AT HYETTS CORNER,12585.1,2019-01-29 08:27:00-05,
2024-08-29 22:20:00-04,ND0228,N,21,72.05,0.87%,2,ND0228 - US 301 NB AT HYETTS CORNER,12585.1,2019-01-29 08:27:00-05,
2024-08-29 22:25:00-04,ND0228,N,29,74.14,1.26%,2,ND0228 - US 301 NB AT HYETTS CORNER,12585.1,2019-01-29 08:27:00-05,
2024-08-29 22:30:00-04,ND0228,N,26,73.36,1.86%,2,ND0228 - US 301 NB AT HYETTS CORNER,12585.1,2019-01-29 08:27:00-05,
2024-08-29 22:35:00-04,ND0228,N,16,74.29,0.67%,2,ND0228 - US 301 NB AT HYETTS CORNER,12585.1,2019-01-29 08:27:00-05,
2024-08-29 22:40:00-04,ND0228,N,12,72.92,0.61%,2,ND0228 - US 301 NB AT HYETTS CORNER,12585.1,2019-01-29 08:27:00-05,
2024-08-29 22:45:00-04,ND0228,N,11,72.61,0.67%,2,ND0228 - US 301 NB AT HYETTS CORNER,12585.1,2019-01-29 08:27:00-05,
2024-08-29 22:50:00-04,ND0228,N,13,73.83,0.71%,2,ND0228 - US 301 NB AT HYETTS CORNER,12585.1,2019-01-29 08:27:00-05,
2024-08-29 22:55:00-04,ND0228,N,12,72.29,0.84%,2,ND0228 - US 301 NB AT HYETTS CORNER,12585.1,2019-01-29 08:27:00-05,
2024-08-29 23:00:00-04,ND0228,N,6,72.19,0.32%,2,ND0228 - US 301 NB AT HYETTS CORNER,12585.1,2019-01-29 08:27:00-05,
2024-08-29 23:05:00-04,ND0228,N,9,69.61,1.30%,1,ND0228 - US 301 NB AT HYETTS CORNER,12585.1,2019-01-29 08:27:00-05,
2024-08-29 23:10:00-04,ND0228,N,8,69.84,1.00%,1,ND0228 - US 301 NB AT HYETTS CORNER,12585.1,2019-01-29 08:27:00-05,
2024-08-29 23:15:00-04,ND0228,N,12,69.33,1.03%,2,ND0228 - US 301 NB AT HYETTS CORNER,12585.1,2019-01-29 08:27:00-05,
2024-08-29 23:20:00-04,ND0228,N,14,72.64,0.84%,2,ND0228 - US 301 NB AT HYETTS CORNER,12585.1,2019-01-29 08:27:00-05,
2024-08-29 23:25:00-04,ND0228,N,15,70.83,1.73%,2,ND0228 - US 301 NB AT HYETTS CORNER,12585.1,2019-01-29 08:27:00-05,
2024-08-29 23:30:00-04,ND0228,N,12,75.00,0.61%,2,ND0228 - US 301 NB AT HYETTS CORNER,12585.1,2019-01-29 08:27:00-05,
2024-08-29 23:35:00-04,ND0228,N,6,68.64,0.45%,2,ND0228 - US 301 NB AT HYETTS CORNER,12585.1,2019-01-29 08:27:00-05,
2024-08-29 23:40:00-04,ND0228,N,13,69.06,1.23%,2,ND0228 - US 301 NB AT HYETTS CORNER,12585.1,2019-01-29 08:27:00-05,
2024-08-29 23:45:00-04,ND0228,N,16,73.42,1.44%,2,ND0228 - US 301 NB AT HYETTS CORNER,12585.1,2019-01-29 08:27:00-05,
2024-08-29 23:50:00-04,ND0228,N,13,68.83,1.00%,2,ND0228 - US 301 NB AT HYETTS CORNER,12585.1,2019-01-29 08:27:00-05,
2024-08-29 23:55:00-04,ND0228,N,4,71.04,0.74%,1,ND0228 - US 301 NB AT HYETTS CORNER,12585.1,2019-01-29 08:27:00-05,
2024-08-30 00:00:00-04,ND0228,N,7,62.49,0.88%,2,ND0228 - US 301 NB AT HYETTS CORNER,12585.1,2019-01-29 08:27:00-05,
2024-08-30 00:05:00-04,ND0228,N,9,67.54,0.71%,2,ND0228 - US 301 NB AT HYETTS CORNER,12585.1,2019-01-29 08:27:00-05,
2024-08-30 00:10:00-04,ND0228,N,9,70.67,0.71%,2,ND0228 - US 301 NB AT HYETTS CORNER,12585.1,2019-01-29 08:27:00-05,
2024-08-30 00:15:00-04,ND0228,N,7,71.27,1.38%,1,ND0228 - US 301 NB AT HYETTS CORNER,12585.1,2019-01-29 08:27:00-05,
2024-08-30 00:20:00-04,ND0228,N,5,68.23,0.45%,2,ND0228 - US 301 NB AT HYETTS CORNER,12585.1,2019-01-29 08:27:00-05,
2024-08-30 00:25:00-04,ND0228,N,6,68.50,0.55%,2,ND0228 - US 301 NB AT HYETTS CORNER,12585.1,2019-01-29 08:27:00-05,
2024-08-30 00:30:00-04,ND0228,N,3,68.98,0.80%,1,ND0228 - US 301 NB AT HYETTS CORNER,12585.1,2019-01-29 08:27:00-05,
2024-08-30 00:35:00-04,ND0228,N,6,70.08,0.52%,2,ND0228 - US 301 NB AT HYETTS CORNER,12585.1,2019-01-29 08:27:00-05,
2024-08-30 00:40:00-04,ND0228,N,2,62.81,0.08%,2,ND0228 - US 301 NB AT HYETTS CORNER,12585.1,2019-01-29 08:27:00-05,
2024-08-30 00:45:00-04,ND0228,N,4,69.97,0.33%,2,ND0228 - US 301 NB AT HYETTS CORNER,12585.1,2019-01-29 08:27:00-05,
2024-08-30 00:50:00-04,ND0228,N,9,67.81,0.60%,2,ND0228 - US 301 NB AT HYETTS CORNER,12585.1,2019-01-29 08:27:00-05,
2024-08-30 00:55:00-04,ND0228,N,8,74.58,0.56%,2,ND0228 - US 301 NB AT HYETTS CORNER,12585.1,2019-01-29 08:27:00-05,
2024-08-30 01:00:00-04,ND0228,N,5,72.77,0.31%,2,ND0228 - US 301 NB AT HYETTS CORNER,12585.1,2019-01-29 08:27:00-05,
2024-08-30 01:05:00-04,ND0228,N,4,67.92,0.56%,2,ND0228 - US 301 NB AT HYETTS CORNER,12585.1,2019-01-29 08:27:00-05,
2024-08-30 01:10:00-04,ND0228,N,2,64.11,0.27%,2,ND0228 - US 301 NB AT HYETTS CORNER,12585.1,2019-01-29 08:27:00-05,
2024-08-30 01:15:00-04,ND0228,N,5,69.91,0.37%,2,ND0228 - US 301 NB AT HYETTS CORNER,12585.1,2019-01-29 08:27:00-05,
2024-08-30 01:20:00-04,ND0228,N,6,70.07,1.25%,1,ND0228 - US 301 NB AT HYETTS CORNER,12585.1,2019-01-29 08:27:00-05,
2024-08-30 01:25:00-04,ND0228,N,4,69.50,0.85%,1,ND0228 - US 301 NB AT HYETTS CORNER,12585.1,2019-01-29 08:27:00-05,
2024-08-30 01:30:00-04,ND0228,N,11,70.87,1.29%,2,ND0228 - US 301 NB AT HYETTS CORNER,12585.1,2019-01-29 08:27:00-05,
2024-08-30 01:35:00-04,ND0228,N,7,70.86,0.59%,2,ND0228 - US 301 NB AT HYETTS CORNER,12585.1,2019-01-29 08:27:00-05,
2024-08-30 01:40:00-04,ND0228,N,7,66.80,0.55%,2,ND0228 - US 301 NB AT HYETTS CORNER,12585.1,2019-01-29 08:27:00-05,
2024-08-30 01:45:00-04,ND0228,N,8,73.23,0.66%,2,ND0228 - US 301 NB AT HYETTS CORNER,12585.1,2019-01-29 08:27:00-05,
2024-08-30 01:50:00-04,ND0228,N,6,69.38,0.66%,2,ND0228 - US 301 NB AT HYETTS CORNER,12585.1,2019-01-29 08:27:00-05,
2024-08-30 02:05:00-04,ND0228,N,9,68.02,0.76%,2,ND0228 - US 301 NB AT HYETTS CORNER,12585.1,2019-01-29 08:27:00-05,
2024-08-30 02:10:00-04,ND0228,N,1,66.97,0.27%,1,ND0228 - US 301 NB AT HYETTS CORNER,12585.1,2019-01-29 08:27:00-05,
2024-08-30 02:15:00-04,ND0228,N,9,68.10,1.19%,2,ND0228 - US 301 NB AT HYETTS CORNER,12585.1,2019-01-29 08:27:00-05,
2024-08-30 02:20:00-04,ND0228,N,9,72.99,0.87%,2,ND0228 - US 301 NB AT HYETTS CORNER,12585.1,2019-01-29 08:27:00-05,
2024-08-30 02:25:00-04,ND0228,N,11,75.63,0.96%,2,ND0228 - US 301 NB AT HYETTS CORNER,12585.1,2019-01-29 08:27:00-05,
2024-08-30 02:30:00-04,ND0228,N,7,66.93,1.35%,1,ND0228 - US 301 NB AT HYETTS CORNER,12585.1,2019-01-29 08:27:00-05,
2024-08-30 02:35:00-04,ND0228,N,3,75.05,0.39%,1,ND0228 - US 301 NB AT HYETTS CORNER,12585.1,2019-01-29 08:27:00-05,
2024-08-30 02:40:00-04,ND0228,N,8,70.51,1.84%,1,ND0228 - US 301 NB AT HYETTS CORNER,12585.1,2019-01-29 08:27:00-05,
2024-08-30 02:45:00-04,ND0228,N,3,70.39,0.22%,1,ND0228 - US 301 NB AT HYETTS CORNER,12585.1,2019-01-29 08:27:00-05,
2024-08-30 02:50:00-04,ND0228,N,6,68.77,0.54%,2,ND0228 - US 301 NB AT HYETTS CORNER,12585.1,2019-01-29 08:27:00-05,
2024-08-30 02:55:00-04,ND0228,N,3,65.56,0.42%,2,ND0228 - US 301 NB AT HYETTS CORNER,12585.1,2019-01-29 08:27:00-05,
2024-08-30 03:00:00-04,ND0228,N,3,72.28,0.59%,1,ND0228 - US 301 NB AT HYETTS CORNER,12585.1,2019-01-29 08:27:00-05,
2024-08-30 03:05:00-04,ND0228,N,7,80.51,0.32%,2,ND0228 - US 301 NB AT HYETTS CORNER,12585.1,2019-01-29 08:27:00-05,
2024-08-30 03:10:00-04,ND0228,N,6,77.57,0.48%,2,ND0228 - US 301 NB AT HYETTS CORNER,12585.1,2019-01-29 08:27:00-05,
2024-08-30 03:15:00-04,ND0228,N,6,77.62,0.97%,1,ND0228 - US 301 NB AT HYETTS CORNER,12585.1,2019-01-29 08:27:00-05,
2024-08-30 03:20:00-04,ND0228,N,5,66.86,1.09%,1,ND0228 - US 301 NB AT HYETTS CORNER,12585.1,2019-01-29 08:27:00-05,
2024-08-30 03:25:00-04,ND0228,N,4,72.47,0.34%,2,ND0228 - US 301 NB AT HYETTS CORNER,12585.1,2019-01-29 08:27:00-05,
2024-08-30 03:30:00-04,ND0228,N,6,66.99,0.66%,2,ND0228 - US 301 NB AT HYETTS CORNER,12585.1,2019-01-29 08:27:00-05,
2024-08-30 03:35:00-04,ND0228,N,6,73.17,0.37%,2,ND0228 - US 301 NB AT HYETTS CORNER,12585.1,2019-01-29 08:27:00-05,
2024-08-30 03:40:00-04,ND0228,N,6,69.84,0.51%,2,ND0228 - US 301 NB AT HYETTS CORNER,12585.1,2019-01-29 08:27:00-05,
2024-08-30 03:45:00-04,ND0228,N,10,74.68,0.62%,2,ND0228 - US 301 NB AT HYETTS CORNER,12585.1,2019-01-29 08:27:00-05,
2024-08-30 03:50:00-04,ND0228,N,3,77.29,0.39%,1,ND0228 - US 301 NB AT HYETTS CORNER,12585.1,2019-01-29 08:27:00-05,
2024-08-30 03:55:00-04,ND0228,N,10,72.42,0.69%,2,ND0228 - US 301 NB AT HYETTS CORNER,12585.1,2019-01-29 08:27:00-05,
2024-08-30 04:00:00-04,ND0228,N,7,71.05,0.47%,2,ND0228 - US 301 NB AT HYETTS CORNER,12585.1,2019-01-29 08:27:00-05,
2024-08-30 04:05:00-04,ND0228,N,5,72.04,0.31%,2,ND0228 - US 301 NB AT HYETTS CORNER,12585.1,2019-01-29 08:27:00-05,
2024-08-30 04:10:00-04,ND0228,N,9,66.21,0.74%,2,ND0228 - US 301 NB AT HYETTS CORNER,12585.1,2019-01-29 08:27:00-05,
2024-08-30 04:15:00-04,ND0228,N,4,73.42,0.34%,2,ND0228 - US 301 NB AT HYETTS CORNER,12585.1,2019-01-29 08:27:00-05,
2024-08-30 04:20:00-04,ND0228,N,10,73.05,0.80%,2,ND0228 - US 301 NB AT HYETTS CORNER,12585.1,2019-01-29 08:27:00-05,
2024-08-30 04:25:00-04,ND0228,N,7,74.49,0.42%,2,ND0228 - US 301 NB AT HYETTS CORNER,12585.1,2019-01-29 08:27:00-05,
2024-08-30 04:30:00-04,ND0228,N,4,70.21,0.68%,1,ND0228 - US 301 NB AT HYETTS CORNER,12585.1,2019-01-29 08:27:00-05,
2024-08-30 04:35:00-04,ND0228,N,10,71.93,0.81%,2,ND0228 - US 301 NB AT HYETTS CORNER,12585.1,2019-01-29 08:27:00-05,
2024-08-30 04:40:00-04,ND0228,N,17,74.61,0.92%,2,ND0228 - US 301 NB AT HYETTS CORNER,12585.1,2019-01-29 08:27:00-05,
2024-08-30 04:45:00-04,ND0228,N,13,71.79,0.93%,2,ND0228 - US 301 NB AT HYETTS CORNER,12585.1,2019-01-29 08:27:00-05,
2024-08-30 04:50:00-04,ND0228,N,9,78.00,0.39%,2,ND0228 - US 301 NB AT HYETTS CORNER,12585.1,2019-01-29 08:27:00-05,
2024-08-30 04:55:00-04,ND0228,N,12,76.48,0.75%,2,ND0228 - US 301 NB AT HYETTS CORNER,12585.1,2019-01-29 08:27:00-05,
2024-08-30 05:00:00-04,ND0228,N,27,70.40,2.03%,2,ND0228 - US 301 NB AT HYETTS CORNER,12585.1,2019-01-29 08:27:00-05,
2024-08-30 05:05:00-04,ND0228,N,11,73.67,0.65%,2,ND0228 - US 301 NB AT HYETTS CORNER,12585.1,2019-01-29 08:27:00-05,
2024-08-30 05:10:00-04,ND0228,N,19,74.16,1.14%,2,ND0228 - US 301 NB AT HYETTS CORNER,12585.1,2019-01-29 08:27:00-05,
2024-08-30 05:15:00-04,ND0228,N,25,73.81,1.00%,2,ND0228 - US 301 NB AT HYETTS CORNER,12585.1,2019-01-29 08:27:00-05,
2024-08-30 05:20:00-04,ND0228,N,21,77.36,0.96%,2,ND0228 - US 301 NB AT HYETTS CORNER,12585.1,2019-01-29 08:27:00-05,
2024-08-30 05:25:00-04,ND0228,N,19,74.37,0.92%,2,ND0228 - US 301 NB AT HYETTS CORNER,12585.1,2019-01-29 08:27:00-05,
2024-08-30 05:30:00-04,ND0228,N,19,72.30,1.02%,2,ND0228 - US 301 NB AT HYETTS CORNER,12585.1,2019-01-29 08:27:00-05,
2024-08-30 05:35:00-04,ND0228,N,27,74.79,1.37%,2,ND0228 - US 301 NB AT HYETTS CORNER,12585.1,2019-01-29 08:27:00-05,
2024-08-30 05:40:00-04,ND0228,N,24,74.80,1.26%,2,ND0228 - US 301 NB AT HYETTS CORNER,12585.1,2019-01-29 08:27:00-05,
2024-08-30 05:45:00-04,ND0228,N,31,75.20,1.53%,2,ND0228 - US 301 NB AT HYETTS CORNER,12585.1,2019-01-29 08:27:00-05,
2024-08-30 05:50:00-04,ND0228,N,32,74.92,1.48%,2,ND0228 - US 301 NB AT HYETTS CORNER,12585.1,2019-01-29 08:27:00-05,
2024-08-30 05:55:00-04,ND0228,N,17,78.15,0.77%,2,ND0228 - US 301 NB AT HYETTS CORNER,12585.1,2019-01-29 08:27:00-05,
2024-08-30 06:00:00-04,ND0228,N,24,71.69,1.26%,2,ND0228 - US 301 NB AT HYETTS CORNER,12585.1,2019-01-29 08:27:00-05,
2024-08-30 06:05:00-04,ND0228,N,41,74.01,1.92%,2,ND0228 - US 301 NB AT HYETTS CORNER,12585.1,2019-01-29 08:27:00-05,
2024-08-30 06:10:00-04,ND0228,N,43,73.38,2.10%,2,ND0228 - US 301 NB AT HYETTS CORNER,12585.1,2019-01-29 08:27:00-05,
2024-08-30 06:15:00-04,ND0228,N,55,74.89,3.21%,2,ND0228 - US 301 NB AT HYETTS CORNER,12585.1,2019-01-29 08:27:00-05,
2024-08-30 06:20:00-04,ND0228,N,51,74.74,2.47%,2,ND0228 - US 301 NB AT HYETTS CORNER,12585.1,2019-01-29 08:27:00-05,
2024-08-30 06:25:00-04,ND0228,N,39,75.29,1.61%,2,ND0228 - US 301 NB AT HYETTS CORNER,12585.1,2019-01-29 08:27:00-05,
2024-08-30 06:30:00-04,ND0228,N,58,77.66,2.31%,2,ND0228 - US 301 NB AT HYETTS CORNER,12585.1,2019-01-29 08:27:00-05,
2024-08-30 06:35:00-04,ND0228,N,52,75.47,2.31%,2,ND0228 - US 301 NB AT HYETTS CORNER,12585.1,2019-01-29 08:27:00-05,
2024-08-30 06:40:00-04,ND0228,N,57,78.95,2.17%,2,ND0228 - US 301 NB AT HYETTS CORNER,12585.1,2019-01-29 08:27:00-05,
2024-08-30 06:45:00-04,ND0228,N,56,76.47,2.50%,2,ND0228 - US 301 NB AT HYETTS CORNER,12585.1,2019-01-29 08:27:00-05,
2024-08-30 06:50:00-04,ND0228,N,48,76.22,2.21%,2,ND0228 - US 301 NB AT HYETTS CORNER,12585.1,2019-01-29 08:27:00-05,
2024-08-30 06:55:00-04,ND0228,N,54,76.87,2.27%,2,ND0228 - US 301 NB AT HYETTS CORNER,12585.1,2019-01-29 08:27:00-05,
2024-08-30 07:00:00-04,ND0228,N,54,72.88,2.35%,2,ND0228 - US 301 NB AT HYETTS CORNER,12585.1,2019-01-29 08:27:00-05,
2024-08-30 07:05:00-04,ND0228,N,46,75.82,1.89%,2,ND0228 - US 301 NB AT HYETTS CORNER,12585.1,2019-01-29 08:27:00-05,
2024-08-30 07:10:00-04,ND0228,N,50,74.56,2.03%,2,ND0228 - US 301 NB AT HYETTS CORNER,12585.1,2019-01-29 08:27:00-05,
2024-08-30 07:15:00-04,ND0228,N,52,74.58,2.28%,2,ND0228 - US 301 NB AT HYETTS CORNER,12585.1,2019-01-29 08:27:00-05,
2024-08-30 07:20:00-04,ND0228,N,57,77.42,2.36%,2,ND0228 - US 301 NB AT HYETTS CORNER,12585.1,2019-01-29 08:27:00-05,
2024-08-30 07:25:00-04,ND0228,N,76,75.69,3.24%,2,ND0228 - US 301 NB AT HYETTS CORNER,12585.1,2019-01-29 08:27:00-05,
2024-08-30 07:30:00-04,ND0228,N,78,76.23,3.05%,2,ND0228 - US 301 NB AT HYETTS CORNER,12585.1,2019-01-29 08:27:00-05,
2024-08-30 07:35:00-04,ND0228,N,76,73.63,3.36%,2,ND0228 - US 301 NB AT HYETTS CORNER,12585.1,2019-01-29 08:27:00-05,
2024-08-30 07:40:00-04,ND0228,N,60,75.64,2.58%,2,ND0228 - US 301 NB AT HYETTS CORNER,12585.1,2019-01-29 08:27:00-05,
2024-08-30 07:45:00-04,ND0228,N,51,72.61,2.49%,2,ND0228 - US 301 NB AT HYETTS CORNER,12585.1,2019-01-29 08:27:00-05,
2024-08-30 07:50:00-04,ND0228,N,46,73.69,1.99%,2,ND0228 - US 301 NB AT HYETTS CORNER,12585.1,2019-01-29 08:27:00-05,
2024-08-30 07:55:00-04,ND0228,N,48,74.53,2.02%,2,ND0228 - US 301 NB AT HYETTS CORNER,12585.1,2019-01-29 08:27:00-05,
2024-08-30 08:00:00-04,ND0228,N,61,74.55,2.80%,2,ND0228 - US 301 NB AT HYETTS CORNER,12585.1,2019-01-29 08:27:00-05,
2024-08-30 08:05:00-04,ND0228,N,55,73.90,2.66%,2,ND0228 - US 301 NB AT HYETTS CORNER,12585.1,2019-01-29 08:27:00-05,
2024-08-30 08:10:00-04,ND0228,N,54,75.17,2.45%,2,ND0228 - US 301 NB AT HYETTS CORNER,12585.1,2019-01-29 08:27:00-05,
2024-08-30 08:15:00-04,ND0228,N,56,75.26,2.51%,2,ND0228 - US 301 NB AT HYETTS CORNER,12585.1,2019-01-29 08:27:00-05,
2024-08-30 08:20:00-04,ND0228,N,46,75.14,2.05%,2,ND0228 - US 301 NB AT HYETTS CORNER,12585.1,2019-01-29 08:27:00-05,
2024-08-30 08:25:00-04,ND0228,N,40,74.95,1.84%,2,ND0228 - US 301 NB AT HYETTS CORNER,12585.1,2019-01-29 08:27:00-05,
2024-08-30 08:30:00-04,ND0228,N,67,75.79,2.94%,2,ND0228 - US 301 NB AT HYETTS CORNER,12585.1,2019-01-29 08:27:00-05,
2024-08-30 08:35:00-04,ND0228,N,66,73.45,2.98%,2,ND0228 - US 301 NB AT HYETTS CORNER,12585.1,2019-01-29 08:27:00-05,
2024-08-30 08:40:00-04,ND0228,N,51,74.98,2.57%,2,ND0228 - US 301 NB AT HYETTS CORNER,12585.1,2019-01-29 08:27:00-05,
2024-08-30 08:45:00-04,ND0228,N,52,74.17,2.38%,2,ND0228 - US 301 NB AT HYETTS CORNER,12585.1,2019-01-29 08:27:00-05,
2024-08-30 08:50:00-04,ND0228,N,60,75.42,2.58%,2,ND0228 - US 301 NB AT HYETTS CORNER,12585.1,2019-01-29 08:27:00-05,
2024-08-30 08:55:00-04,ND0228,N,43,73.42,1.91%,2,ND0228 - US 301 NB AT HYETTS CORNER,12585.1,2019-01-29 08:27:00-05,
2024-08-30 09:00:00-04,ND0228,N,55,72.48,2.72%,2,ND0228 - US 301 NB AT HYETTS CORNER,12585.1,2019-01-29 08:27:00-05,
2024-08-30 09:05:00-04,ND0228,N,46,74.54,2.19%,2,ND0228 - US 301 NB AT HYETTS CORNER,12585.1,2019-01-29 08:27:00-05,
2024-08-30 09:10:00-04,ND0228,N,51,74.70,2.67%,2,ND0228 - US 301 NB AT HYETTS CORNER,12585.1,2019-01-29 08:27:00-05,
2024-08-30 09:15:00-04,ND0228,N,63,73.20,2.90%,2,ND0228 - US 301 NB AT HYETTS CORNER,12585.1,2019-01-29 08:27:00-05,
2024-08-30 09:20:00-04,ND0228,N,63,74.28,3.19%,2,ND0228 - US 301 NB AT HYETTS CORNER,12585.1,2019-01-29 08:27:00-05,
2024-08-30 09:25:00-04,ND0228,N,59,75.09,2.51%,2,ND0228 - US 301 NB AT HYETTS CORNER,12585.1,2019-01-29 08:27:00-05,
2024-08-30 09:30:00-04,ND0228,N,63,74.42,2.67%,2,ND0228 - US 301 NB AT HYETTS CORNER,12585.1,2019-01-29 08:27:00-05,
2024-08-30 09:35:00-04,ND0228,N,62,74.45,2.89%,2,ND0228 - US 301 NB AT HYETTS CORNER,12585.1,2019-01-29 08:27:00-05,
2024-08-30 09:40:00-04,ND0228,N,63,73.39,3.09%,2,ND0228 - US 301 NB AT HYETTS CORNER,12585.1,2019-01-29 08:27:00-05,
2024-08-30 09:45:00-04,ND0228,N,67,74.54,3.12%,2,ND0228 - US 301 NB AT HYETTS CORNER,12585.1,2019-01-29 08:27:00-05,
2024-08-30 09:50:00-04,ND0228,N,67,73.68,3.25%,2,ND0228 - US 301 NB AT HYETTS CORNER,12585.1,2019-01-29 08:27:00-05,
2024-08-30 09:55:00-04,ND0228,N,65,74.04,3.03%,2,ND0228 - US 301 NB AT HYETTS CORNER,12585.1,2019-01-29 08:27:00-05,
2024-08-30 10:00:00-04,ND0228,N,45,75.51,1.78%,2,ND0228 - US 301 NB AT HYETTS CORNER,12585.1,2019-01-29 08:27:00-05,
2024-08-30 10:05:00-04,ND0228,N,60,72.86,2.80%,2,ND0228 - US 301 NB AT HYETTS CORNER,12585.1,2019-01-29 08:27:00-05,
2024-08-30 10:10:00-04,ND0228,N,54,76.38,2.41%,2,ND0228 - US 301 NB AT HYETTS CORNER,12585.1,2019-01-29 08:27:00-05,
2024-08-30 10:15:00-04,ND0228,N,62,73.11,3.50%,2,ND0228 - US 301 NB AT HYETTS CORNER,12585.1,2019-01-29 08:27:00-05,
2024-08-30 10:20:00-04,ND0228,N,67,74.77,3.07%,2,ND0228 - US 301 NB AT HYETTS CORNER,12585.1,2019-01-29 08:27:00-05,
2024-08-30 10:25:00-04,ND0228,N,55,74.72,2.35%,2,ND0228 - US 301 NB AT HYETTS CORNER,12585.1,2019-01-29 08:27:00-05,
2024-08-30 10:30:00-04,ND0228,N,79,74.88,3.68%,2,ND0228 - US 301 NB AT HYETTS CORNER,12585.1,2019-01-29 08:27:00-05,
2024-08-30 10:35:00-04,ND0228,N,51,75.32,2.26%,2,ND0228 - US 301 NB AT HYETTS CORNER,12585.1,2019-01-29 08:27:00-05,
2024-08-30 10:40:00-04,ND0228,N,62,75.15,2.82%,2,ND0228 - US 301 NB AT HYETTS CORNER,12585.1,2019-01-29 08:27:00-05,
2024-08-30 10:45:00-04,ND0228,N,69,72.68,3.40%,2,ND0228 - US 301 NB AT HYETTS CORNER,12585.1,2019-01-29 08:27:00-05,
2024-08-30 10:50:00-04,ND0228,N,66,73.36,3.32%,2,ND0228 - US 301 NB AT HYETTS CORNER,12585.1,2019-01-29 08:27:00-05,
2024-08-30 10:55:00-04,ND0228,N,72,73.59,3.16%,2,ND0228 - US 301 NB AT HYETTS CORNER,12585.1,2019-01-29 08:27:00-05,
2024-08-30 11:00:00-04,ND0228,N,60,74.72,2.53%,2,ND0228 - US 301 NB AT HYETTS CORNER,12585.1,2019-01-29 08:27:00-05,
2024-08-30 11:05:00-04,ND0228,N,71,74.13,3.05%,2,ND0228 - US 301 NB AT HYETTS CORNER,12585.1,2019-01-29 08:27:00-05,
2024-08-30 11:10:00-04,ND0228,N,75,74.03,4.06%,2,ND0228 - US 301 NB AT HYETTS CORNER,12585.1,2019-01-29 08:27:00-05,
2024-08-30 11:15:00-04,ND0228,N,72,75.04,3.13%,2,ND0228 - US 301 NB AT HYETTS CORNER,12585.1,2019-01-29 08:27:00-05,
2024-08-30 11:20:00-04,ND0228,N,72,73.00,2.96%,2,ND0228 - US 301 NB AT HYETTS CORNER,12585.1,2019-01-29 08:27:00-05,
2024-08-30 11:25:00-04,ND0228,N,86,74.06,3.57%,2,ND0228 - US 301 NB AT HYETTS CORNER,12585.1,2019-01-29 08:27:00-05,
2024-08-30 11:30:00-04,ND0228,N,73,74.86,2.96%,2,ND0228 - US 301 NB AT HYETTS CORNER,12585.1,2019-01-29 08:27:00-05,
2024-08-30 11:35:00-04,ND0228,N,86,73.82,4.07%,2,ND0228 - US 301 NB AT HYETTS CORNER,12585.1,2019-01-29 08:27:00-05,
2024-08-30 11:40:00-04,ND0228,N,84,73.92,3.69%,2,ND0228 - US 301 NB AT HYETTS CORNER,12585.1,2019-01-29 08:27:00-05,
2024-08-30 11:45:00-04,ND0228,N,75,75.67,3.40%,2,ND0228 - US 301 NB AT HYETTS CORNER,12585.1,2019-01-29 08:27:00-05,
2024-08-30 11:50:00-04,ND0228,N,83,75.96,3.60%,2,ND0228 - US 301 NB AT HYETTS CORNER,12585.1,2019-01-29 08:27:00-05,
2024-08-30 11:55:00-04,ND0228,N,93,75.87,4.31%,2,ND0228 - US 301 NB AT HYETTS CORNER,12585.1,2019-01-29 08:27:00-05,
2024-08-30 12:00:00-04,ND0228,N,89,76.54,3.47%,2,ND0228 - US 301 NB AT HYETTS CORNER,12585.1,2019-01-29 08:27:00-05,
2024-08-30 12:05:00-04,ND0228,N,77,75.61,3.40%,2,ND0228 - US 301 NB AT HYETTS CORNER,12585.1,2019-01-29 08:27:00-05,
2024-08-30 12:10:00-04,ND0228,N,71,74.32,3.18%,2,ND0228 - US 301 NB AT HYETTS CORNER,12585.1,2019-01-29 08:27:00-05,
2024-08-30 12:15:00-04,ND0228,N,134,74.61,5.94%,2,ND0228 - US 301 NB AT HYETTS CORNER,12585.1,2019-01-29 08:27:00-05,
2024-08-30 12:20:00-04,ND0228,N,83,73.14,4.35%,2,ND0228 - US 301 NB AT HYETTS CORNER,12585.1,2019-01-29 08:27:00-05,
2024-08-30 12:25:00-04,ND0228,N,92,75.73,3.75%,2,ND0228 - US 301 NB AT HYETTS CORNER,12585.1,2019-01-29 08:27:00-05,
2024-08-30 12:30:00-04,ND0228,N,87,75.62,3.62%,2,ND0228 - US 301 NB AT HYETTS CORNER,12585.1,2019-01-29 08:27:00-05,
2024-08-30 12:35:00-04,ND0228,N,83,72.60,3.88%,2,ND0228 - US 301 NB AT HYETTS CORNER,12585.1,2019-01-29 08:27:00-05,
2024-08-30 12:40:00-04,ND0228,N,77,74.20,3.62%,2,ND0228 - US 301 NB AT HYETTS CORNER,12585.1,2019-01-29 08:27:00-05,
2024-08-30 12:45:00-04,ND0228,N,83,73.88,3.62%,2,ND0228 - US 301 NB AT HYETTS CORNER,12585.1,2019-01-29 08:27:00-05,
2024-08-30 12:50:00-04,ND0228,N,69,75.09,2.70%,2,ND0228 - US 301 NB AT HYETTS CORNER,12585.1,2019-01-29 08:27:00-05,
2024-08-30 12:55:00-04,ND0228,N,96,72.02,4.22%,2,ND0228 - US 301 NB AT HYETTS CORNER,12585.1,2019-01-29 08:27:00-05,
2024-08-30 13:00:00-04,ND0228,N,88,75.63,3.45%,2,ND0228 - US 301 NB AT HYETTS CORNER,12585.1,2019-01-29 08:27:00-05,
2024-08-30 13:05:00-04,ND0228,N,87,73.87,3.72%,2,ND0228 - US 301 NB AT HYETTS CORNER,12585.1,2019-01-29 08:27:00-05,
2024-08-30 13:10:00-04,ND0228,N,114,75.31,4.75%,2,ND0228 - US 301 NB AT HYETTS CORNER,12585.1,2019-01-29 08:27:00-05,
2024-08-30 13:15:00-04,ND0228,N,107,76.46,4.32%,2,ND0228 - US 301 NB AT HYETTS CORNER,12585.1,2019-01-29 08:27:00-05,
2024-08-30 13:20:00-04,ND0228,N,93,75.76,3.80%,2,ND0228 - US 301 NB AT HYETTS CORNER,12585.1,2019-01-29 08:27:00-05,
2024-08-30 13:25:00-04,ND0228,N,127,73.49,5.65%,2,ND0228 - US 301 NB AT HYETTS CORNER,12585.1,2019-01-29 08:27:00-05,
2024-08-30 13:30:00-04,ND0228,N,94,72.26,3.85%,2,ND0228 - US 301 NB AT HYETTS CORNER,12585.1,2019-01-29 08:27:00-05,
2024-08-30 13:35:00-04,ND0228,N,119,73.40,4.78%,2,ND0228 - US 301 NB AT HYETTS CORNER,12585.1,2019-01-29 08:27:00-05,
2024-08-30 13:40:00-04,ND0228,N,116,74.72,4.34%,2,ND0228 - US 301 NB AT HYETTS CORNER,12585.1,2019-01-29 08:27:00-05,
2024-08-30 13:45:00-04,ND0228,N,120,73.01,5.19%,2,ND0228 - US 301 NB AT HYETTS CORNER,12585.1,2019-01-29 08:27:00-05,
2024-08-30 13:50:00-04,ND0228,N,104,73.50,4.33%,2,ND0228 - US 301 NB AT HYETTS CORNER,12585.1,2019-01-29 08:27:00-05,
2024-08-30 13:55:00-04,ND0228,N,143,75.94,5.49%,2,ND0228 - US 301 NB AT HYETTS CORNER,12585.1,2019-01-29 08:27:00-05,
2024-08-30 14:00:00-04,ND0228,N,102,74.46,3.89%,2,ND0228 - US 301 NB AT HYETTS CORNER,12585.1,2019-01-29 08:27:00-05,
2024-08-30 14:05:00-04,ND0228,N,110,72.66,5.03%,2,ND0228 - US 301 NB AT HYETTS CORNER,12585.1,2019-01-29 08:27:00-05,
2024-08-30 14:10:00-04,ND0228,N,112,74.28,4.77%,2,ND0228 - US 301 NB AT HYETTS CORNER,12585.1,2019-01-29 08:27:00-05,
2024-08-30 14:15:00-04,ND0228,N,122,73.47,5.24%,2,ND0228 - US 301 NB AT HYETTS CORNER,12585.1,2019-01-29 08:27:00-05,
2024-08-30 14:20:00-04,ND0228,N,114,75.00,4.33%,2,ND0228 - US 301 NB AT HYETTS CORNER,12585.1,2019-01-29 08:27:00-05,
2024-08-30 14:25:00-04,ND0228,N,144,73.68,5.65%,2,ND0228 - US 301 NB AT HYETTS CORNER,12585.1,2019-01-29 08:27:00-05,
2024-08-30 14:30:00-04,ND0228,N,111,76.04,4.12%,2,ND0228 - US 301 NB AT HYETTS CORNER,12585.1,2019-01-29 08:27:00-05,
2024-08-30 14:35:00-04,ND0228,N,125,71.91,4.92%,2,ND0228 - US 301 NB AT HYETTS CORNER,12585.1,2019-01-29 08:27:00-05,
2024-08-30 14:40:00-04,ND0228,N,140,76.00,5.54%,2,ND0228 - US 301 NB AT HYETTS CORNER,12585.1,2019-01-29 08:27:00-05,
2024-08-30 14:45:00-04,ND0228,N,103,74.86,3.99%,2,ND0228 - US 301 NB AT HYETTS CORNER,12585.1,2019-01-29 08:27:00-05,
2024-08-30 14:50:00-04,ND0228,N,124,75.15,4.82%,2,ND0228 - US 301 NB AT HYETTS CORNER,12585.1,2019-01-29 08:27:00-05,
2024-08-30 14:55:00-04,ND0228,N,98,74.75,4.12%,2,ND0228 - US 301 NB AT HYETTS CORNER,12585.1,2019-01-29 08:27:00-05,
2024-08-30 15:00:00-04,ND0228,N,118,74.88,4.80%,2,ND0228 - US 301 NB AT HYETTS CORNER,12585.1,2019-01-29 08:27:00-05,
2024-08-30 15:05:00-04,ND0228,N,89,75.55,3.24%,2,ND0228 - US 301 NB AT HYETTS CORNER,12585.1,2019-01-29 08:27:00-05,
2024-08-30 15:10:00-04,ND0228,N,104,76.29,3.96%,2,ND0228 - US 301 NB AT HYETTS CORNER,12585.1,2019-01-29 08:27:00-05,
2024-08-30 15:15:00-04,ND0228,N,96,77.03,3.61%,2,ND0228 - US 301 NB AT HYETTS CORNER,12585.1,2019-01-29 08:27:00-05,
2024-08-30 15:20:00-04,ND0228,N,91,75.53,3.65%,2,ND0228 - US 301 NB AT HYETTS CORNER,12585.1,2019-01-29 08:27:00-05,
2024-08-30 15:25:00-04,ND0228,N,95,75.05,4.01%,2,ND0228 - US 301 NB AT HYETTS CORNER,12585.1,2019-01-29 08:27:00-05,
2024-08-30 15:30:00-04,ND0228,N,113,76.35,4.41%,2,ND0228 - US 301 NB AT HYETTS CORNER,12585.1,2019-01-29 08:27:00-05,
2024-08-30 15:35:00-04,ND0228,N,99,76.15,3.83%,2,ND0228 - US 301 NB AT HYETTS CORNER,12585.1,2019-01-29 08:27:00-05,
2024-08-30 15:40:00-04,ND0228,N,99,73.89,3.82%,2,ND0228 - US 301 NB AT HYETTS CORNER,12585.1,2019-01-29 08:27:00-05,
2024-08-30 15:45:00-04,ND0228,N,104,76.13,3.93%,2,ND0228 - US 301 NB AT HYETTS CORNER,12585.1,2019-01-29 08:27:00-05,
2024-08-30 15:50:00-04,ND0228,N,107,76.36,4.55%,2,ND0228 - US 301 NB AT HYETTS CORNER,12585.1,2019-01-29 08:27:00-05,
2024-08-30 15:55:00-04,ND0228,N,98,77.09,3.73%,2,ND0228 - US 301 NB AT HYETTS CORNER,12585.1,2019-01-29 08:27:00-05,
2024-08-30 16:00:00-04,ND0228,N,105,76.38,4.79%,2,ND0228 - US 301 NB AT HYETTS CORNER,12585.1,2019-01-29 08:27:00-05,
2024-08-30 16:05:00-04,ND0228,N,84,75.54,3.60%,2,ND0228 - US 301 NB AT HYETTS CORNER,12585.1,2019-01-29 08:27:00-05,
2024-08-30 16:10:00-04,ND0228,N,76,76.77,2.93%,2,ND0228 - US 301 NB AT HYETTS CORNER,12585.1,2019-01-29 08:27:00-05,
2024-08-30 16:15:00-04,ND0228,N,86,77.40,3.43%,2,ND0228 - US 301 NB AT HYETTS CORNER,12585.1,2019-01-29 08:27:00-05,
2024-08-30 16:20:00-04,ND0228,N,94,75.59,3.73%,2,ND0228 - US 301 NB AT HYETTS CORNER,12585.1,2019-01-29 08:27:00-05,
2024-08-30 16:25:00-04,ND0228,N,98,77.07,3.73%,2,ND0228 - US 301 NB AT HYETTS CORNER,12585.1,2019-01-29 08:27:00-05,
2024-08-30 16:30:00-04,ND0228,N,101,74.25,4.19%,2,ND0228 - US 301 NB AT HYETTS CORNER,12585.1,2019-01-29 08:27:00-05,
2024-08-30 16:35:00-04,ND0228,N,91,75.09,3.31%,2,ND0228 - US 301 NB AT HYETTS CORNER,12585.1,2019-01-29 08:27:00-05,
2024-08-30 16:40:00-04,ND0228,N,93,75.84,3.58%,2,ND0228 - US 301 NB AT HYETTS CORNER,12585.1,2019-01-29 08:27:00-05,
2024-08-30 16:45:00-04,ND0228,N,74,75.71,2.83%,2,ND0228 - US 301 NB AT HYETTS CORNER,12585.1,2019-01-29 08:27:00-05,
2024-08-30 16:50:00-04,ND0228,N,106,76.21,4.16%,2,ND0228 - US 301 NB AT HYETTS CORNER,12585.1,2019-01-29 08:27:00-05,
2024-08-30 16:55:00-04,ND0228,N,79,77.36,3.11%,2,ND0228 - US 301 NB AT HYETTS CORNER,12585.1,2019-01-29 08:27:00-05,
2024-08-30 17:00:00-04,ND0228,N,84,74.56,3.56%,2,ND0228 - US 301 NB AT HYETTS CORNER,12585.1,2019-01-29 08:27:00-05,
2024-08-30 17:05:00-04,ND0228,N,80,74.79,3.24%,2,ND0228 - US 301 NB AT HYETTS CORNER,12585.1,2019-01-29 08:27:00-05,
2024-08-30 17:10:00-04,ND0228,N,76,76.08,3.10%,2,ND0228 - US 301 NB AT HYETTS CORNER,12585.1,2019-01-29 08:27:00-05,
2024-08-30 17:15:00-04,ND0228,N,54,74.65,2.16%,2,ND0228 - US 301 NB AT HYETTS CORNER,12585.1,2019-01-29 08:27:00-05,
2024-08-30 17:20:00-04,ND0228,N,75,74.46,2.80%,2,ND0228 - US 301 NB AT HYETTS CORNER,12585.1,2019-01-29 08:27:00-05,
2024-08-30 17:25:00-04,ND0228,N,70,75.58,2.67%,2,ND0228 - US 301 NB AT HYETTS CORNER,12585.1,2019-01-29 08:27:00-05,
2024-08-30 17:30:00-04,ND0228,N,62,76.15,2.20%,2,ND0228 - US 301 NB AT HYETTS CORNER,12585.1,2019-01-29 08:27:00-05,
2024-08-30 17:35:00-04,ND0228,N,80,75.24,3.49%,2,ND0228 - US 301 NB AT HYETTS CORNER,12585.1,2019-01-29 08:27:00-05,
2024-08-30 17:40:00-04,ND0228,N,80,77.29,3.19%,2,ND0228 - US 301 NB AT HYETTS CORNER,12585.1,2019-01-29 08:27:00-05,
2024-08-30 17:45:00-04,ND0228,N,48,78.80,1.84%,2,ND0228 - US 301 NB AT HYETTS CORNER,12585.1,2019-01-29 08:27:00-05,
2024-08-30 17:50:00-04,ND0228,N,72,76.19,2.70%,2,ND0228 - US 301 NB AT HYETTS CORNER,12585.1,2019-01-29 08:27:00-05,
2024-08-30 17:55:00-04,ND0228,N,52,75.13,2.12%,2,ND0228 - US 301 NB AT HYETTS CORNER,12585.1,2019-01-29 08:27:00-05,
2024-08-30 18:00:00-04,ND0228,N,63,75.28,2.77%,2,ND0228 - US 301 NB AT HYETTS CORNER,12585.1,2019-01-29 08:27:00-05,
2024-08-30 18:05:00-04,ND0228,N,58,75.62,2.36%,2,ND0228 - US 301 NB AT HYETTS CORNER,12585.1,2019-01-29 08:27:00-05,
2024-08-30 18:10:00-04,ND0228,N,59,74.74,2.61%,2,ND0228 - US 301 NB AT HYETTS CORNER,12585.1,2019-01-29 08:27:00-05,
2024-08-30 18:15:00-04,ND0228,N,67,75.14,2.61%,2,ND0228 - US 301 NB AT HYETTS CORNER,12585.1,2019-01-29 08:27:00-05,
2024-08-30 18:20:00-04,ND0228,N,59,75.08,2.39%,2,ND0228 - US 301 NB AT HYETTS CORNER,12585.1,2019-01-29 08:27:00-05,
2024-08-30 18:25:00-04,ND0228,N,73,77.11,2.52%,2,ND0228 - US 301 NB AT HYETTS CORNER,12585.1,2019-01-29 08:27:00-05,
2024-08-30 18:30:00-04,ND0228,N,50,75.74,2.02%,2,ND0228 - US 301 NB AT HYETTS CORNER,12585.1,2019-01-29 08:27:00-05,
2024-08-30 18:35:00-04,ND0228,N,36,75.91,1.29%,2,ND0228 - US 301 NB AT HYETTS CORNER,12585.1,2019-01-29 08:27:00-05,
2024-08-30 18:40:00-04,ND0228,N,50,77.46,1.74%,2,ND0228 - US 301 NB AT HYETTS CORNER,12585.1,2019-01-29 08:27:00-05,
2024-08-30 18:45:00-04,ND0228,N,49,74.88,1.89%,2,ND0228 - US 301 NB AT HYETTS CORNER,12585.1,2019-01-29 08:27:00-05,
2024-08-30 18:50:00-04,ND0228,N,56,74.55,2.31%,2,ND0228 - US 301 NB AT HYETTS CORNER,12585.1,2019-01-29 08:27:00-05,
2024-08-30 18:55:00-04,ND0228,N,54,76.41,2.20%,2,ND0228 - US 301 NB AT HYETTS CORNER,12585.1,2019-01-29 08:27:00-05,
2024-08-30 19:00:00-04,ND0228,N,53,77.12,2.11%,2,ND0228 - US 301 NB AT HYETTS CORNER,12585.1,2019-01-29 08:27:00-05,
2024-08-30 19:05:00-04,ND0228,N,53,75.87,2.17%,2,ND0228 - US 301 NB AT HYETTS CORNER,12585.1,2019-01-29 08:27:00-05,
2024-08-30 19:10:00-04,ND0228,N,37,75.00,1.67%,2,ND0228 - US 301 NB AT HYETTS CORNER,12585.1,2019-01-29 08:27:00-05,
2024-08-30 19:15:00-04,ND0228,N,38,76.29,1.42%,2,ND0228 - US 301 NB AT HYETTS CORNER,12585.1,2019-01-29 08:27:00-05,
2024-08-30 19:20:00-04,ND0228,N,65,75.46,2.90%,2,ND0228 - US 301 NB AT HYETTS CORNER,12585.1,2019-01-29 08:27:00-05,
2024-08-30 19:25:00-04,ND0228,N,42,74.29,2.08%,2,ND0228 - US 301 NB AT HYETTS CORNER,12585.1,2019-01-29 08:27:00-05,
2024-08-30 19:30:00-04,ND0228,N,42,75.71,1.59%,2,ND0228 - US 301 NB AT HYETTS CORNER,12585.1,2019-01-29 08:27:00-05,
2024-08-30 19:35:00-04,ND0228,N,46,74.36,2.07%,2,ND0228 - US 301 NB AT HYETTS CORNER,12585.1,2019-01-29 08:27:00-05,
2024-08-30 19:40:00-04,ND0228,N,44,75.77,2.27%,2,ND0228 - US 301 NB AT HYETTS CORNER,12585.1,2019-01-29 08:27:00-05,
2024-08-30 19:45:00-04,ND0228,N,47,70.96,2.30%,2,ND0228 - US 301 NB AT HYETTS CORNER,12585.1,2019-01-29 08:27:00-05,
2024-08-30 19:50:00-04,ND0228,N,42,71.75,1.72%,2,ND0228 - US 301 NB AT HYETTS CORNER,12585.1,2019-01-29 08:27:00-05,
2024-08-30 19:55:00-04,ND0228,N,37,71.87,1.71%,2,ND0228 - US 301 NB AT HYETTS CORNER,12585.1,2019-01-29 08:27:00-05,
2024-08-30 20:00:00-04,ND0228,N,36,71.89,1.78%,2,ND0228 - US 301 NB AT HYETTS CORNER,12585.1,2019-01-29 08:27:00-05,
2024-08-30 20:05:00-04,ND0228,N,28,72.94,1.49%,2,ND0228 - US 301 NB AT HYETTS CORNER,12585.1,2019-01-29 08:27:00-05,
2024-08-30 20:10:00-04,ND0228,N,30,73.30,1.53%,2,ND0228 - US 301 NB AT HYETTS CORNER,12585.1,2019-01-29 08:27:00-05,
2024-08-30 20:15:00-04,ND0228,N,41,72.70,1.81%,2,ND0228 - US 301 NB AT HYETTS CORNER,12585.1,2019-01-29 08:27:00-05,
2024-08-30 20:20:00-04,ND0228,N,34,70.92,1.82%,2,ND0228 - US 301 NB AT HYETTS CORNER,12585.1,2019-01-29 08:27:00-05,
2024-08-30 20:25:00-04,ND0228,N,25,72.87,1.07%,2,ND0228 - US 301 NB AT HYETTS CORNER,12585.1,2019-01-29 08:27:00-05,
2024-08-30 20:30:00-04,ND0228,N,33,74.41,1.53%,2,ND0228 - US 301 NB AT HYETTS CORNER,12585.1,2019-01-29 08:27:00-05,
2024-08-30 20:35:00-04,ND0228,N,25,71.91,1.10%,2,ND0228 - US 301 NB AT HYETTS CORNER,12585.1,2019-01-29 08:27:00-05,
2024-08-30 20:40:00-04,ND0228,N,34,71.09,1.78%,2,ND0228 - US 301 NB AT HYETTS CORNER,12585.1,2019-01-29 08:27:00-05,
2024-08-30 20:45:00-04,ND0228,N,17,72.85,0.91%,2,ND0228 - US 301 NB AT HYETTS CORNER,12585.1,2019-01-29 08:27:00-05,
2024-08-30 20:50:00-04,ND0228,N,21,72.06,1.18%,2,ND0228 - US 301 NB AT HYETTS CORNER,12585.1,2019-01-29 08:27:00-05,
2024-08-30 20:55:00-04,ND0228,N,14,71.37,0.67%,2,ND0228 - US 301 NB AT HYETTS CORNER,12585.1,2019-01-29 08:27:00-05,
2024-08-30 21:00:00-04,ND0228,N,23,72.16,1.05%,2,ND0228 - US 301 NB AT HYETTS CORNER,12585.1,2019-01-29 08:27:00-05,
2024-08-30 21:05:00-04,ND0228,N,26,71.92,1.19%,2,ND0228 - US 301 NB AT HYETTS CORNER,12585.1,2019-01-29 08:27:00-05,
2024-08-30 21:10:00-04,ND0228,N,15,71.93,0.69%,2,ND0228 - US 301 NB AT HYETTS CORNER,12585.1,2019-01-29 08:27:00-05,
2024-08-30 21:15:00-04,ND0228,N,25,70.44,1.35%,2,ND0228 - US 301 NB AT HYETTS CORNER,12585.1,2019-01-29 08:27:00-05,
2024-08-30 21:20:00-04,ND0228,N,27,71.10,1.43%,2,ND0228 - US 301 NB AT HYETTS CORNER,12585.1,2019-01-29 08:27:00-05,
2024-08-30 21:25:00-04,ND0228,N,17,70.75,0.97%,2,ND0228 - US 301 NB AT HYETTS CORNER,12585.1,2019-01-29 08:27:00-05,
2024-08-30 21:30:00-04,ND0228,N,14,71.47,0.53%,2,ND0228 - US 301 NB AT HYETTS CORNER,12585.1,2019-01-29 08:27:00-05,
2024-08-30 21:35:00-04,ND0228,N,11,73.58,0.62%,2,ND0228 - US 301 NB AT HYETTS CORNER,12585.1,2019-01-29 08:27:00-05,
2024-08-30 21:40:00-04,ND0228,N,20,72.95,0.98%,2,ND0228 - US 301 NB AT HYETTS CORNER,12585.1,2019-01-29 08:27:00-05,
2024-08-30 21:45:00-04,ND0228,N,14,76.81,0.68%,2,ND0228 - US 301 NB AT HYETTS CORNER,12585.1,2019-01-29 08:27:00-05,
2024-08-30 21:50:00-04,ND0228,N,19,71.09,0.98%,2,ND0228 - US 301 NB AT HYETTS CORNER,12585.1,2019-01-29 08:27:00-05,
2024-08-30 21:55:00-04,ND0228,N,12,73.37,0.59%,2,ND0228 - US 301 NB AT HYETTS CORNER,12585.1,2019-01-29 08:27:00-05,
2024-08-30 22:00:00-04,ND0228,N,21,71.25,1.32%,2,ND0228 - US 301 NB AT HYETTS CORNER,12585.1,2019-01-29 08:27:00-05,
2024-08-30 22:05:00-04,ND0228,N,10,74.12,0.46%,2,ND0228 - US 301 NB AT HYETTS CORNER,12585.1,2019-01-29 08:27:00-05,
2024-08-30 22:10:00-04,ND0228,N,15,72.24,1.15%,2,ND0228 - US 301 NB AT HYETTS CORNER,12585.1,2019-01-29 08:27:00-05,
2024-08-30 22:15:00-04,ND0228,N,12,72.03,0.53%,2,ND0228 - US 301 NB AT HYETTS CORNER,12585.1,2019-01-29 08:27:00-05,
2024-08-30 22:20:00-04,ND0228,N,14,76.27,0.48%,2,ND0228 - US 301 NB AT HYETTS CORNER,12585.1,2019-01-29 08:27:00-05,
2024-08-30 22:25:00-04,ND0228,N,18,72.95,1.21%,2,ND0228 - US 301 NB AT HYETTS CORNER,12585.1,2019-01-29 08:27:00-05,
2024-08-30 22:30:00-04,ND0228,N,12,71.79,1.07%,2,ND0228 - US 301 NB AT HYETTS CORNER,12585.1,2019-01-29 08:27:00-05,
2024-08-30 22:35:00-04,ND0228,N,18,71.11,0.88%,2,ND0228 - US 301 NB AT HYETTS CORNER,12585.1,2019-01-29 08:27:00-05,
2024-08-30 22:40:00-04,ND0228,N,14,68.90,0.61%,2,ND0228 - US 301 NB AT HYETTS CORNER,12585.1,2019-01-29 08:27:00-05,
2024-08-30 22:45:00-04,ND0228,N,12,75.41,0.79%,2,ND0228 - US 301 NB AT HYETTS CORNER,12585.1,2019-01-29 08:27:00-05,
2024-08-30 22:50:00-04,ND0228,N,12,75.31,0.46%,2,ND0228 - US 301 NB AT HYETTS CORNER,12585.1,2019-01-29 08:27:00-05,
2024-08-30 22:55:00-04,ND0228,N,10,72.31,0.39%,2,ND0228 - US 301 NB AT HYETTS CORNER,12585.1,2019-01-29 08:27:00-05,
2024-08-30 23:00:00-04,ND0228,N,8,67.75,0.73%,2,ND0228 - US 301 NB AT HYETTS CORNER,12585.1,2019-01-29 08:27:00-05,
2024-08-30 23:05:00-04,ND0228,N,15,75.75,0.55%,2,ND0228 - US 301 NB AT HYETTS CORNER,12585.1,2019-01-29 08:27:00-05,
2024-08-30 23:10:00-04,ND0228,N,13,72.91,0.89%,2,ND0228 - US 301 NB AT HYETTS CORNER,12585.1,2019-01-29 08:27:00-05,
2024-08-30 23:15:00-04,ND0228,N,19,72.47,1.29%,2,ND0228 - US 301 NB AT HYETTS CORNER,12585.1,2019-01-29 08:27:00-05,
2024-08-30 23:20:00-04,ND0228,N,15,72.48,0.82%,2,ND0228 - US 301 NB AT HYETTS CORNER,12585.1,2019-01-29 08:27:00-05,
2024-08-30 23:25:00-04,ND0228,N,9,71.30,0.45%,2,ND0228 - US 301 NB AT HYETTS CORNER,12585.1,2019-01-29 08:27:00-05,
2024-08-30 23:30:00-04,ND0228,N,10,72.14,0.64%,2,ND0228 - US 301 NB AT HYETTS CORNER,12585.1,2019-01-29 08:27:00-05,
2024-08-30 23:35:00-04,ND0228,N,11,67.35,0.99%,2,ND0228 - US 301 NB AT HYETTS CORNER,12585.1,2019-01-29 08:27:00-05,
2024-08-30 23:40:00-04,ND0228,N,7,71.19,0.59%,2,ND0228 - US 301 NB AT HYETTS CORNER,12585.1,2019-01-29 08:27:00-05,
2024-08-30 23:45:00-04,ND0228,N,6,67.89,0.33%,2,ND0228 - US 301 NB AT HYETTS CORNER,12585.1,2019-01-29 08:27:00-05,
2024-08-30 23:50:00-04,ND0228,N,2,66.39,0.57%,1,ND0228 - US 301 NB AT HYETTS CORNER,12585.1,2019-01-29 08:27:00-05,
2024-08-30 23:55:00-04,ND0228,N,8,74.61,0.53%,2,ND0228 - US 301 NB AT HYETTS CORNER,12585.1,2019-01-29 08:27:00-05,